{
  "config": {
    "backbone": "cinema",
    "model_name": "cinema_pretrained",
    "eval_mode": "logreg",
    "freeze_backbone": true,
    "pooling": "cls",
    "embed_dim": 768,
    "best_hyperparam": 31.62277603149414,
    "hyperparam_name": "C"
  },
  "sweep_results": [
    {
      "param_value": 9.999999974752427e-07,
      "mean_cv_acc": 0.45999999999999996,
      "std_cv_acc": 0.14966629547095764
    },
    {
      "param_value": 1.7782793975129607e-06,
      "mean_cv_acc": 0.45999999999999996,
      "std_cv_acc": 0.14966629547095764
    },
    {
      "param_value": 3.1622776077711023e-06,
      "mean_cv_acc": 0.4699999999999999,
      "std_cv_acc": 0.1345362404707371
    },
    {
      "param_value": 5.6234130170196295e-06,
      "mean_cv_acc": 0.4699999999999999,
      "std_cv_acc": 0.1345362404707371
    },
    {
      "param_value": 9.999999747378752e-06,
      "mean_cv_acc": 0.4699999999999999,
      "std_cv_acc": 0.1345362404707371
    },
    {
      "param_value": 1.778279329300858e-05,
      "mean_cv_acc": 0.45999999999999996,
      "std_cv_acc": 0.14966629547095764
    },
    {
      "param_value": 3.162277789670043e-05,
      "mean_cv_acc": 0.45999999999999996,
      "std_cv_acc": 0.14966629547095764
    },
    {
      "param_value": 5.62341338081751e-05,
      "mean_cv_acc": 0.45999999999999996,
      "std_cv_acc": 0.14966629547095764
    },
    {
      "param_value": 9.999999747378752e-05,
      "mean_cv_acc": 0.45999999999999996,
      "std_cv_acc": 0.14966629547095764
    },
    {
      "param_value": 0.00017782794020604342,
      "mean_cv_acc": 0.47000000000000003,
      "std_cv_acc": 0.1345362404707371
    },
    {
      "param_value": 0.0003162277571391314,
      "mean_cv_acc": 0.4600000000000001,
      "std_cv_acc": 0.12806248474865697
    },
    {
      "param_value": 0.000562341301701963,
      "mean_cv_acc": 0.45999999999999996,
      "std_cv_acc": 0.14966629547095764
    },
    {
      "param_value": 0.0010000000474974513,
      "mean_cv_acc": 0.48999999999999994,
      "std_cv_acc": 0.14456832294800961
    },
    {
      "param_value": 0.0017782794311642647,
      "mean_cv_acc": 0.48999999999999994,
      "std_cv_acc": 0.1374772708486752
    },
    {
      "param_value": 0.003162277629598975,
      "mean_cv_acc": 0.53,
      "std_cv_acc": 0.10999999999999999
    },
    {
      "param_value": 0.005623413249850273,
      "mean_cv_acc": 0.5700000000000001,
      "std_cv_acc": 0.10999999999999999
    },
    {
      "param_value": 0.009999999776482582,
      "mean_cv_acc": 0.5599999999999999,
      "std_cv_acc": 0.11135528725660043
    },
    {
      "param_value": 0.017782794311642647,
      "mean_cv_acc": 0.5599999999999999,
      "std_cv_acc": 0.11135528725660043
    },
    {
      "param_value": 0.03162277489900589,
      "mean_cv_acc": 0.5599999999999999,
      "std_cv_acc": 0.11135528725660043
    },
    {
      "param_value": 0.05623413249850273,
      "mean_cv_acc": 0.56,
      "std_cv_acc": 0.16248076809271922
    },
    {
      "param_value": 0.10000000149011612,
      "mean_cv_acc": 0.56,
      "std_cv_acc": 0.16248076809271922
    },
    {
      "param_value": 0.17782793939113617,
      "mean_cv_acc": 0.56,
      "std_cv_acc": 0.16248076809271922
    },
    {
      "param_value": 0.3162277638912201,
      "mean_cv_acc": 0.56,
      "std_cv_acc": 0.16248076809271922
    },
    {
      "param_value": 0.5623413324356079,
      "mean_cv_acc": 0.5700000000000001,
      "std_cv_acc": 0.15524174696260024
    },
    {
      "param_value": 1.0,
      "mean_cv_acc": 0.5700000000000001,
      "std_cv_acc": 0.15524174696260024
    },
    {
      "param_value": 1.778279423713684,
      "mean_cv_acc": 0.5700000000000001,
      "std_cv_acc": 0.15524174696260024
    },
    {
      "param_value": 3.1622776985168457,
      "mean_cv_acc": 0.5700000000000001,
      "std_cv_acc": 0.15524174696260024
    },
    {
      "param_value": 5.6234130859375,
      "mean_cv_acc": 0.5700000000000001,
      "std_cv_acc": 0.15524174696260024
    },
    {
      "param_value": 10.0,
      "mean_cv_acc": 0.5700000000000001,
      "std_cv_acc": 0.15524174696260024
    },
    {
      "param_value": 17.782794952392578,
      "mean_cv_acc": 0.5700000000000001,
      "std_cv_acc": 0.15524174696260024
    },
    {
      "param_value": 31.62277603149414,
      "mean_cv_acc": 0.58,
      "std_cv_acc": 0.12489995996796797
    },
    {
      "param_value": 56.234130859375,
      "mean_cv_acc": 0.58,
      "std_cv_acc": 0.12489995996796797
    },
    {
      "param_value": 100.0,
      "mean_cv_acc": 0.58,
      "std_cv_acc": 0.12489995996796797
    },
    {
      "param_value": 177.82794189453125,
      "mean_cv_acc": 0.58,
      "std_cv_acc": 0.12489995996796797
    },
    {
      "param_value": 316.2277526855469,
      "mean_cv_acc": 0.58,
      "std_cv_acc": 0.12489995996796797
    },
    {
      "param_value": 562.34130859375,
      "mean_cv_acc": 0.58,
      "std_cv_acc": 0.12489995996796797
    },
    {
      "param_value": 1000.0,
      "mean_cv_acc": 0.58,
      "std_cv_acc": 0.12489995996796797
    },
    {
      "param_value": 1778.2794189453125,
      "mean_cv_acc": 0.58,
      "std_cv_acc": 0.12489995996796797
    },
    {
      "param_value": 3162.277587890625,
      "mean_cv_acc": 0.58,
      "std_cv_acc": 0.12489995996796797
    },
    {
      "param_value": 5623.4130859375,
      "mean_cv_acc": 0.58,
      "std_cv_acc": 0.12489995996796797
    },
    {
      "param_value": 10000.0,
      "mean_cv_acc": 0.58,
      "std_cv_acc": 0.12489995996796797
    },
    {
      "param_value": 17782.794921875,
      "mean_cv_acc": 0.58,
      "std_cv_acc": 0.12489995996796797
    },
    {
      "param_value": 31622.77734375,
      "mean_cv_acc": 0.58,
      "std_cv_acc": 0.12489995996796797
    },
    {
      "param_value": 56234.1328125,
      "mean_cv_acc": 0.58,
      "std_cv_acc": 0.12489995996796797
    },
    {
      "param_value": 100000.0,
      "mean_cv_acc": 0.58,
      "std_cv_acc": 0.12489995996796797
    }
  ],
  "five_way": {
    "accuracy": 0.58,
    "macro_f1": 0.5767521367521367,
    "macro_sensitivity": 0.58,
    "macro_specificity": 0.8949999999999999,
    "per_class_sensitivity": {
      "NOR": 0.5,
      "DCM": 0.3,
      "HCM": 0.7,
      "MINF": 0.7,
      "RV": 0.7
    },
    "per_class_specificity": {
      "NOR": 0.925,
      "DCM": 1.0,
      "HCM": 0.9,
      "MINF": 0.725,
      "RV": 0.925
    },
    "confusion_matrix": [
      [
        5,
        0,
        0,
        3,
        2
      ],
      [
        1,
        3,
        1,
        4,
        1
      ],
      [
        1,
        0,
        7,
        2,
        0
      ],
      [
        0,
        0,
        3,
        7,
        0
      ],
      [
        1,
        0,
        0,
        2,
        7
      ]
    ],
    "classification_report": {
      "NOR": {
        "precision": 0.625,
        "recall": 0.5,
        "f1-score": 0.5555555555555556,
        "support": 10.0
      },
      "DCM": {
        "precision": 1.0,
        "recall": 0.3,
        "f1-score": 0.46153846153846156,
        "support": 10.0
      },
      "HCM": {
        "precision": 0.6363636363636364,
        "recall": 0.7,
        "f1-score": 0.6666666666666666,
        "support": 10.0
      },
      "MINF": {
        "precision": 0.3888888888888889,
        "recall": 0.7,
        "f1-score": 0.5,
        "support": 10.0
      },
      "RV": {
        "precision": 0.7,
        "recall": 0.7,
        "f1-score": 0.7,
        "support": 10.0
      },
      "accuracy": 0.58,
      "macro avg": {
        "precision": 0.670050505050505,
        "recall": 0.5800000000000001,
        "f1-score": 0.5767521367521367,
        "support": 50.0
      },
      "weighted avg": {
        "precision": 0.670050505050505,
        "recall": 0.58,
        "f1-score": 0.5767521367521367,
        "support": 50.0
      }
    },
    "probabilities": [
      [
        0.828718070147609,
        0.0046456619119028975,
        0.03375992989106482,
        0.12009781654758869,
        0.012778521501834566
      ],
      [
        0.24859052158602246,
        0.004657295354687903,
        0.008323768398640992,
        0.7371094780739924,
        0.0013189365866562643
      ],
      [
        0.07183030003556594,
        0.05336727357829713,
        0.004143216280471781,
        0.8540531566269626,
        0.016606053478702622
      ],
      [
        0.005651403775932835,
        0.00010653034846452141,
        0.814129014350579,
        0.17992320206337803,
        0.00018984946164553402
      ],
      [
        0.04517050442484199,
        0.009810316828989347,
        0.8920938777931722,
        0.052840725953390455,
        8.457499960608015e-05
      ],
      [
        1.4050737491975868e-06,
        0.9939870593378316,
        0.0007719488708762776,
        0.0004333149537778176,
        0.004806271763765034
      ],
      [
        0.003626286375913741,
        1.2788214064223169e-05,
        9.060627959645518e-05,
        0.9922517751336029,
        0.004018543996822725
      ],
      [
        0.00506655244945042,
        0.24300292885198221,
        0.6151792734871196,
        0.13661162036141045,
        0.00013962485003742478
      ],
      [
        0.9997042612940942,
        5.2454498253220966e-06,
        1.7090768274696084e-06,
        0.00026933480112693533,
        1.9449378126048796e-05
      ],
      [
        0.8049666073403349,
        0.032370688185998066,
        0.01454579739708316,
        0.10152008960423588,
        0.04659681747234796
      ],
      [
        0.0013533064243050638,
        1.5424278600751988e-06,
        0.01167658218663013,
        0.9869681648389469,
        4.041222576827697e-07
      ],
      [
        0.0023513861527849366,
        0.009254525532452098,
        0.013236051432581945,
        0.9747357547502373,
        0.0004222821319436248
      ],
      [
        0.00021666369126818491,
        6.234919157288967e-05,
        0.002558124035845573,
        0.9971527029063768,
        1.0160174936450833e-05
      ],
      [
        4.9093766898737696e-05,
        0.17431529438415036,
        0.7310404048031207,
        0.09458582810840467,
        9.378937425465055e-06
      ],
      [
        0.09215665255448971,
        0.05527220408759889,
        0.8024272849769915,
        0.006947564334817019,
        0.04319629404610298
      ],
      [
        0.876885609909792,
        0.006311042999317707,
        0.01990391594089868,
        0.005586398940363378,
        0.0913130322096282
      ],
      [
        0.007306468366757986,
        0.78277562767763,
        0.19081383880049138,
        0.015475164710429416,
        0.003628900444691195
      ],
      [
        6.773773117702056e-05,
        5.24767403007154e-06,
        3.599361409067709e-06,
        0.9999116772962572,
        1.1737937126621022e-05
      ],
      [
        3.6562731965708945e-06,
        2.9732401451308132e-06,
        4.4955587739476615e-07,
        0.00037543392678562377,
        0.9996174870039952
      ],
      [
        1.050245830113807e-06,
        2.5264315494363256e-10,
        9.375698857996358e-06,
        0.9999894562296167,
        1.1757305216810802e-07
      ],
      [
        0.047005684094518024,
        0.0004153536193933528,
        4.2070582721174125e-05,
        0.12585228115267771,
        0.8266846105506898
      ],
      [
        0.0022027829649114805,
        0.14327574215723396,
        0.08930803313490072,
        0.7143496828804455,
        0.05086375886250829
      ],
      [
        0.9932660905384857,
        4.2663569036036317e-05,
        0.0005623796059455883,
        0.005861162161596402,
        0.00026770412493606335
      ],
      [
        0.006813952453093462,
        3.9428824637340654e-05,
        3.838406547685502e-05,
        0.9914776288775704,
        0.0016306057792217932
      ],
      [
        0.9495691098510218,
        0.003401287924150853,
        0.0006553424292554627,
        0.009606280044387655,
        0.036767979751184156
      ],
      [
        9.683016830126761e-05,
        9.202810876161164e-08,
        0.00041277352918402685,
        1.4096731198409335e-05,
        0.9994762075432075
      ],
      [
        0.0006356817498069963,
        2.5205552471981178e-05,
        0.0007098401612536892,
        1.3627929066491254e-05,
        0.9986156446074007
      ],
      [
        0.9633133103834287,
        0.0005362151460379594,
        0.03305359081272183,
        0.0006641399881174784,
        0.0024327436696939056
      ],
      [
        1.4885700205426854e-05,
        5.0326992845424124e-06,
        5.255806707818499e-11,
        4.2104235367813034e-09,
        0.9999800773375284
      ],
      [
        0.00475744187108048,
        0.00019732712737929124,
        0.0003224975526480746,
        0.9946666908110641,
        5.604263782808347e-05
      ],
      [
        1.5098356549830968e-07,
        0.00020192461882913914,
        6.410829329112884e-06,
        0.05915052510621065,
        0.9406409884620657
      ],
      [
        3.748216497270468e-05,
        0.09090465894233435,
        0.6712506341233717,
        0.2377757917352954,
        3.1433034025981857e-05
      ],
      [
        3.2361726500838094e-06,
        0.9367760131367903,
        0.007641903669959351,
        0.05556636364768191,
        1.2483372918628283e-05
      ],
      [
        0.33013832250671266,
        0.0073487785317610755,
        0.6591988372068783,
        0.00012649763966549358,
        0.0031875641149824857
      ],
      [
        0.0037893771693442743,
        0.11236890035385763,
        0.00025848245514416713,
        0.8835562815370294,
        2.6958484624610666e-05
      ],
      [
        4.998126944640672e-09,
        7.084137823853482e-06,
        0.000451674161454251,
        0.9995183526974875,
        2.2884005107587357e-05
      ],
      [
        0.061880159800996135,
        0.22871710747631463,
        0.5435601174177214,
        0.024556597500985048,
        0.14128601780398278
      ],
      [
        0.14115630048618735,
        0.002355547161134884,
        0.7842039547281481,
        0.07226690063294096,
        1.7296991588820906e-05
      ],
      [
        0.15853491464914077,
        6.467893611023489e-06,
        1.2818651770232472e-05,
        4.997294518022466e-06,
        0.8414408015109599
      ],
      [
        6.528337783687514e-05,
        0.0005526626738442291,
        2.0655225136825217e-05,
        5.031375894170465e-06,
        0.9993563673472879
      ],
      [
        2.470856282684086e-05,
        0.06861913297908503,
        0.00011574855747734962,
        0.8712550149216564,
        0.059985394978954394
      ],
      [
        0.01325489053263076,
        0.00031482603789876267,
        0.015139695718420929,
        0.8703235295284838,
        0.10096705818256575
      ],
      [
        0.005631241331220318,
        0.006264211170351648,
        0.014731205618026062,
        0.9732893993585928,
        8.394252180926349e-05
      ],
      [
        0.9926052878146371,
        4.982158849739922e-05,
        0.0013248764832495662,
        0.005800044842605959,
        0.000219969271010232
      ],
      [
        2.292194098805146e-06,
        0.0009717669016732851,
        0.19650084158660297,
        0.8025047393354486,
        2.0359982176259068e-05
      ],
      [
        0.00013658032670196095,
        0.00033868222061254747,
        0.9216715317175879,
        0.0776068280461905,
        0.0002463776889071179
      ],
      [
        6.356934962604657e-05,
        0.004852472561369485,
        1.0203201667328159e-05,
        0.0032156747152704513,
        0.9918580801720668
      ],
      [
        0.029641758002292556,
        0.00163899295366263,
        0.8734996197735148,
        0.09443275634249333,
        0.0007868729280367347
      ],
      [
        0.0005317534958144265,
        0.004891215720949295,
        0.2247496662483963,
        0.7696056802515062,
        0.00022168428333380378
      ],
      [
        0.3876641426481113,
        0.001242335428187725,
        0.006973697966164791,
        0.0012760472341150518,
        0.6028437767234212
      ]
    ],
    "predictions": [
      0,
      3,
      3,
      2,
      2,
      1,
      3,
      2,
      0,
      0,
      3,
      3,
      3,
      2,
      2,
      0,
      1,
      3,
      4,
      3,
      4,
      3,
      0,
      3,
      0,
      4,
      4,
      0,
      4,
      3,
      4,
      2,
      1,
      2,
      3,
      3,
      2,
      2,
      4,
      4,
      3,
      3,
      3,
      0,
      3,
      2,
      4,
      2,
      3,
      4
    ],
    "true_labels": [
      1,
      0,
      3,
      2,
      2,
      1,
      0,
      2,
      4,
      0,
      2,
      3,
      1,
      2,
      3,
      2,
      1,
      3,
      4,
      3,
      4,
      1,
      0,
      4,
      0,
      4,
      4,
      0,
      4,
      0,
      1,
      1,
      1,
      2,
      3,
      1,
      3,
      2,
      0,
      4,
      4,
      2,
      3,
      0,
      3,
      2,
      4,
      3,
      1,
      0
    ],
    "patient_ids": [
      "patient101",
      "patient102",
      "patient103",
      "patient104",
      "patient105",
      "patient106",
      "patient107",
      "patient108",
      "patient109",
      "patient110",
      "patient111",
      "patient112",
      "patient113",
      "patient114",
      "patient115",
      "patient116",
      "patient117",
      "patient118",
      "patient119",
      "patient120",
      "patient121",
      "patient122",
      "patient123",
      "patient124",
      "patient125",
      "patient126",
      "patient127",
      "patient128",
      "patient129",
      "patient130",
      "patient131",
      "patient132",
      "patient133",
      "patient134",
      "patient135",
      "patient136",
      "patient137",
      "patient138",
      "patient139",
      "patient140",
      "patient141",
      "patient142",
      "patient143",
      "patient144",
      "patient145",
      "patient146",
      "patient147",
      "patient148",
      "patient149",
      "patient150"
    ]
  },
  "roc_auc": {
    "macro_auc": 0.8130000000000001,
    "per_class_auc": {
      "NOR": 0.8675,
      "DCM": 0.7024999999999999,
      "HCM": 0.8900000000000001,
      "MINF": 0.75,
      "RV": 0.8550000000000001
    }
  },
  "binary": {
    "accuracy": 0.84,
    "f1": 0.9024390243902439,
    "sensitivity": 0.925,
    "specificity": 0.5,
    "roc_auc": 0.8675,
    "binary_labels": [
      1,
      0,
      1,
      1,
      1,
      1,
      0,
      1,
      1,
      0,
      1,
      1,
      1,
      1,
      1,
      1,
      1,
      1,
      1,
      1,
      1,
      1,
      0,
      1,
      0,
      1,
      1,
      0,
      1,
      0,
      1,
      1,
      1,
      1,
      1,
      1,
      1,
      1,
      0,
      1,
      1,
      1,
      1,
      0,
      1,
      1,
      1,
      1,
      1,
      0
    ],
    "binary_probs": [
      0.171281929852391,
      0.7514094784139775,
      0.9281696999644341,
      0.9943485962240671,
      0.9548294955751581,
      0.9999985949262508,
      0.9963737136240862,
      0.9949334475505496,
      0.00029573870590582363,
      0.19503339265966513,
      0.9986466935756949,
      0.997648613847215,
      0.9997833363087318,
      0.9999509062331012,
      0.9078433474455103,
      0.12311439009020797,
      0.992693531633242,
      0.9999322622688229,
      0.9999963437268035,
      0.9999989497541699,
      0.952994315905482,
      0.9977972170350885,
      0.006733909461514309,
      0.9931860475469065,
      0.05043089014897817,
      0.9999031698316987,
      0.999364318250193,
      0.03668668961657129,
      0.9999851142997945,
      0.9952425581289195,
      0.9999998490164345,
      0.9999625178350273,
      0.9999967638273499,
      0.6698616774932873,
      0.9962106228306558,
      0.9999999950018731,
      0.9381198401990039,
      0.8588436995138127,
      0.8414650853508592,
      0.9999347166221632,
      0.9999752914371731,
      0.9867451094673693,
      0.9943687586687797,
      0.007394712185362917,
      0.9999977078059012,
      0.9998634196732981,
      0.999936430650374,
      0.9703582419977075,
      0.9994682465041855,
      0.6123358573518887
    ]
  }
}