{
  "config": {
    "backbone": "dinov3",
    "model_name": "dinov3_vitl16",
    "eval_mode": "logreg",
    "freeze_backbone": true,
    "pooling": "gap",
    "embed_dim": 1024,
    "best_hyperparam": 0.003162277629598975,
    "hyperparam_name": "C"
  },
  "sweep_results": [
    {
      "param_value": 9.999999974752427e-07,
      "mean_cv_acc": 0.32999999999999996,
      "std_cv_acc": 0.11874342087037917
    },
    {
      "param_value": 1.7782793975129607e-06,
      "mean_cv_acc": 0.32999999999999996,
      "std_cv_acc": 0.11874342087037917
    },
    {
      "param_value": 3.1622776077711023e-06,
      "mean_cv_acc": 0.32999999999999996,
      "std_cv_acc": 0.11874342087037917
    },
    {
      "param_value": 5.6234130170196295e-06,
      "mean_cv_acc": 0.32999999999999996,
      "std_cv_acc": 0.11874342087037917
    },
    {
      "param_value": 9.999999747378752e-06,
      "mean_cv_acc": 0.32999999999999996,
      "std_cv_acc": 0.11874342087037917
    },
    {
      "param_value": 1.778279329300858e-05,
      "mean_cv_acc": 0.32999999999999996,
      "std_cv_acc": 0.11874342087037917
    },
    {
      "param_value": 3.162277789670043e-05,
      "mean_cv_acc": 0.32999999999999996,
      "std_cv_acc": 0.1004987562112089
    },
    {
      "param_value": 5.62341338081751e-05,
      "mean_cv_acc": 0.35,
      "std_cv_acc": 0.09219544457292887
    },
    {
      "param_value": 9.999999747378752e-05,
      "mean_cv_acc": 0.33999999999999997,
      "std_cv_acc": 0.09165151389911681
    },
    {
      "param_value": 0.00017782794020604342,
      "mean_cv_acc": 0.36,
      "std_cv_acc": 0.09165151389911681
    },
    {
      "param_value": 0.0003162277571391314,
      "mean_cv_acc": 0.4,
      "std_cv_acc": 0.12649110640673517
    },
    {
      "param_value": 0.000562341301701963,
      "mean_cv_acc": 0.43999999999999995,
      "std_cv_acc": 0.14966629547095764
    },
    {
      "param_value": 0.0010000000474974513,
      "mean_cv_acc": 0.45999999999999996,
      "std_cv_acc": 0.142828568570857
    },
    {
      "param_value": 0.0017782794311642647,
      "mean_cv_acc": 0.5,
      "std_cv_acc": 0.07745966692414831
    },
    {
      "param_value": 0.003162277629598975,
      "mean_cv_acc": 0.53,
      "std_cv_acc": 0.08999999999999998
    },
    {
      "param_value": 0.005623413249850273,
      "mean_cv_acc": 0.5199999999999999,
      "std_cv_acc": 0.0748331477354788
    },
    {
      "param_value": 0.009999999776482582,
      "mean_cv_acc": 0.51,
      "std_cv_acc": 0.06999999999999999
    },
    {
      "param_value": 0.017782794311642647,
      "mean_cv_acc": 0.51,
      "std_cv_acc": 0.06999999999999999
    },
    {
      "param_value": 0.03162277489900589,
      "mean_cv_acc": 0.5,
      "std_cv_acc": 0.06324555320336757
    },
    {
      "param_value": 0.05623413249850273,
      "mean_cv_acc": 0.51,
      "std_cv_acc": 0.06999999999999999
    },
    {
      "param_value": 0.10000000149011612,
      "mean_cv_acc": 0.51,
      "std_cv_acc": 0.06999999999999999
    },
    {
      "param_value": 0.17782793939113617,
      "mean_cv_acc": 0.5,
      "std_cv_acc": 0.07745966692414831
    },
    {
      "param_value": 0.3162277638912201,
      "mean_cv_acc": 0.51,
      "std_cv_acc": 0.08306623862918074
    },
    {
      "param_value": 0.5623413324356079,
      "mean_cv_acc": 0.5,
      "std_cv_acc": 0.08944271909999157
    },
    {
      "param_value": 1.0,
      "mean_cv_acc": 0.5,
      "std_cv_acc": 0.08944271909999157
    },
    {
      "param_value": 1.778279423713684,
      "mean_cv_acc": 0.48999999999999994,
      "std_cv_acc": 0.10440306508910549
    },
    {
      "param_value": 3.1622776985168457,
      "mean_cv_acc": 0.48999999999999994,
      "std_cv_acc": 0.10440306508910549
    },
    {
      "param_value": 5.6234130859375,
      "mean_cv_acc": 0.48999999999999994,
      "std_cv_acc": 0.10440306508910549
    },
    {
      "param_value": 10.0,
      "mean_cv_acc": 0.48999999999999994,
      "std_cv_acc": 0.10440306508910549
    },
    {
      "param_value": 17.782794952392578,
      "mean_cv_acc": 0.48999999999999994,
      "std_cv_acc": 0.10440306508910549
    },
    {
      "param_value": 31.62277603149414,
      "mean_cv_acc": 0.5,
      "std_cv_acc": 0.1183215956619923
    },
    {
      "param_value": 56.234130859375,
      "mean_cv_acc": 0.5,
      "std_cv_acc": 0.1183215956619923
    },
    {
      "param_value": 100.0,
      "mean_cv_acc": 0.5,
      "std_cv_acc": 0.1183215956619923
    },
    {
      "param_value": 177.82794189453125,
      "mean_cv_acc": 0.5,
      "std_cv_acc": 0.1183215956619923
    },
    {
      "param_value": 316.2277526855469,
      "mean_cv_acc": 0.5,
      "std_cv_acc": 0.1183215956619923
    },
    {
      "param_value": 562.34130859375,
      "mean_cv_acc": 0.49000000000000005,
      "std_cv_acc": 0.13747727084867517
    },
    {
      "param_value": 1000.0,
      "mean_cv_acc": 0.49000000000000005,
      "std_cv_acc": 0.13747727084867517
    },
    {
      "param_value": 1778.2794189453125,
      "mean_cv_acc": 0.48,
      "std_cv_acc": 0.12489995996796796
    },
    {
      "param_value": 3162.277587890625,
      "mean_cv_acc": 0.48,
      "std_cv_acc": 0.12489995996796796
    },
    {
      "param_value": 5623.4130859375,
      "mean_cv_acc": 0.48,
      "std_cv_acc": 0.12489995996796796
    },
    {
      "param_value": 10000.0,
      "mean_cv_acc": 0.48,
      "std_cv_acc": 0.12489995996796796
    },
    {
      "param_value": 17782.794921875,
      "mean_cv_acc": 0.48,
      "std_cv_acc": 0.12489995996796796
    },
    {
      "param_value": 31622.77734375,
      "mean_cv_acc": 0.48,
      "std_cv_acc": 0.12489995996796796
    },
    {
      "param_value": 56234.1328125,
      "mean_cv_acc": 0.48,
      "std_cv_acc": 0.12489995996796796
    },
    {
      "param_value": 100000.0,
      "mean_cv_acc": 0.48,
      "std_cv_acc": 0.12489995996796796
    }
  ],
  "five_way": {
    "accuracy": 0.52,
    "macro_f1": 0.5100280112044817,
    "macro_sensitivity": 0.52,
    "macro_specificity": 0.8800000000000001,
    "per_class_sensitivity": {
      "NOR": 0.3,
      "DCM": 0.5,
      "HCM": 0.3,
      "MINF": 0.8,
      "RV": 0.7
    },
    "per_class_specificity": {
      "NOR": 0.875,
      "DCM": 0.95,
      "HCM": 0.975,
      "MINF": 0.7,
      "RV": 0.9
    },
    "confusion_matrix": [
      [
        3,
        0,
        0,
        3,
        4
      ],
      [
        1,
        5,
        0,
        4,
        0
      ],
      [
        2,
        1,
        3,
        4,
        0
      ],
      [
        0,
        1,
        1,
        8,
        0
      ],
      [
        2,
        0,
        0,
        1,
        7
      ]
    ],
    "classification_report": {
      "NOR": {
        "precision": 0.375,
        "recall": 0.3,
        "f1-score": 0.3333333333333333,
        "support": 10.0
      },
      "DCM": {
        "precision": 0.7142857142857143,
        "recall": 0.5,
        "f1-score": 0.5882352941176471,
        "support": 10.0
      },
      "HCM": {
        "precision": 0.75,
        "recall": 0.3,
        "f1-score": 0.42857142857142855,
        "support": 10.0
      },
      "MINF": {
        "precision": 0.4,
        "recall": 0.8,
        "f1-score": 0.5333333333333333,
        "support": 10.0
      },
      "RV": {
        "precision": 0.6363636363636364,
        "recall": 0.7,
        "f1-score": 0.6666666666666666,
        "support": 10.0
      },
      "accuracy": 0.52,
      "macro avg": {
        "precision": 0.5751298701298702,
        "recall": 0.52,
        "f1-score": 0.5100280112044817,
        "support": 50.0
      },
      "weighted avg": {
        "precision": 0.5751298701298702,
        "recall": 0.52,
        "f1-score": 0.5100280112044817,
        "support": 50.0
      }
    },
    "probabilities": [
      [
        0.27896648184323153,
        0.06117732148841527,
        0.09334397075086509,
        0.5515775331173072,
        0.014934692800180966
      ],
      [
        0.24453163022730354,
        0.09850038717971998,
        0.19352842518971552,
        0.0694214386300392,
        0.39401811877322174
      ],
      [
        0.2706022244577783,
        0.1071266141416461,
        0.07109038587782684,
        0.4971346132347766,
        0.05404616228797226
      ],
      [
        0.3177962138113303,
        0.058983482001031165,
        0.5126383599046723,
        0.060438971836239155,
        0.050142972446727156
      ],
      [
        0.2614576062089829,
        0.07139879492327739,
        0.16993982294453985,
        0.2542594849694003,
        0.2429442909537995
      ],
      [
        0.18839835026414484,
        0.3159886813317975,
        0.04309025313669957,
        0.2137929144508563,
        0.23872980081650183
      ],
      [
        0.27677752345095485,
        0.021373679582919806,
        0.016404642287823533,
        0.0685534482354615,
        0.6168907064428403
      ],
      [
        0.27779758851002306,
        0.029064082417402458,
        0.1436444775619472,
        0.5099756220311914,
        0.03951822947943584
      ],
      [
        0.6279045014573369,
        0.1017282040928196,
        0.047571788820254805,
        0.11695647333783507,
        0.10583903229175361
      ],
      [
        0.2946500898711427,
        0.04182101822485534,
        0.07833109955394345,
        0.40027560177056265,
        0.18492219057949597
      ],
      [
        0.22341032018853943,
        0.044388536043101015,
        0.40985470502700844,
        0.3181167701306287,
        0.004229668610722357
      ],
      [
        0.14009983043192367,
        0.1105847521735556,
        0.08775140562038501,
        0.5967167294822748,
        0.06484728229186089
      ],
      [
        0.04753958730067892,
        0.2198931572812228,
        0.017605388237301185,
        0.6571011076250941,
        0.0578607595557029
      ],
      [
        0.105856944644257,
        0.11134668630514283,
        0.06181242105356077,
        0.4246959733465573,
        0.29628797465048207
      ],
      [
        0.23675782418472216,
        0.08203276866806658,
        0.06791085846952817,
        0.4089466187786743,
        0.20435192989900877
      ],
      [
        0.15720703828329485,
        0.1244694639832309,
        0.24617521315908486,
        0.29858286813965434,
        0.17356541643473516
      ],
      [
        0.2514329093392218,
        0.2543681727782652,
        0.045830941368430994,
        0.3712027963644477,
        0.07716518014963435
      ],
      [
        0.09821780579051928,
        0.06651065739646479,
        0.053096327441191374,
        0.6629500539689005,
        0.11922515540292407
      ],
      [
        0.027436093606864925,
        0.09341000866610788,
        0.057159521972918556,
        0.03194847343116587,
        0.7900459023229427
      ],
      [
        0.1615317029330133,
        0.026073624618721217,
        0.3577170413541615,
        0.4273877168904126,
        0.02728991420369158
      ],
      [
        0.3296591305706697,
        0.10339854256454466,
        0.01286627970699039,
        0.2799625500792954,
        0.2741134970784999
      ],
      [
        0.08238408832761546,
        0.5897711028614523,
        0.04975839074148075,
        0.07663335800749313,
        0.20145306006195826
      ],
      [
        0.21087413266820204,
        0.004674638800375649,
        0.0664110674138882,
        0.7017879324564262,
        0.01625222866110775
      ],
      [
        0.3310985376872553,
        0.04216949018696221,
        0.055804176248392796,
        0.06071055676306508,
        0.5102172391143246
      ],
      [
        0.18870492603797775,
        0.037603991216945236,
        0.02547689903322123,
        0.029680726898535646,
        0.7185334568133203
      ],
      [
        0.03437903111509995,
        0.007534370621251183,
        0.03929673850475486,
        0.06790171161364203,
        0.850888148145252
      ],
      [
        0.040461610045239065,
        0.08500337313778386,
        0.10325494558227372,
        0.0423905989960074,
        0.728889472238696
      ],
      [
        0.19939616503173221,
        0.06313921732611402,
        0.09697931083335347,
        0.3013360440055281,
        0.33914926280327223
      ],
      [
        0.03997578458038701,
        0.1226296436268912,
        0.016841603734201845,
        0.025416300558683103,
        0.7951366674998368
      ],
      [
        0.2972839259204114,
        0.018897797569340048,
        0.011724621789137442,
        0.6047398960143104,
        0.06735375870680063
      ],
      [
        0.08280480316443148,
        0.7325583596222351,
        0.019327445000971416,
        0.07040685937015535,
        0.0949025328422065
      ],
      [
        0.4199101027670037,
        0.14311416789734827,
        0.07733013606927922,
        0.17027366048590542,
        0.18937193278046333
      ],
      [
        0.10010918051189972,
        0.16270020403884122,
        0.026371304944185776,
        0.6862786031933119,
        0.024540707311761424
      ],
      [
        0.46085703771429715,
        0.06010694003172157,
        0.28441711369664346,
        0.10423119814831816,
        0.09038771040901966
      ],
      [
        0.1228575858089868,
        0.10711813542563688,
        0.03770996852944709,
        0.7089446510772157,
        0.02336965915871339
      ],
      [
        0.11258560665978101,
        0.3514703075814653,
        0.13508950871561415,
        0.26995037426200075,
        0.13090420278113887
      ],
      [
        0.3766876172646782,
        0.05058420141785768,
        0.04099587607933224,
        0.41400704441766,
        0.1177252608204719
      ],
      [
        0.19407272626988617,
        0.06561717941344698,
        0.2697872387460273,
        0.42122571129072023,
        0.04929714427991925
      ],
      [
        0.32331529523930685,
        0.1835698427512772,
        0.19450890856793035,
        0.054728460966422914,
        0.24387749247506266
      ],
      [
        0.02966771752209666,
        0.17611784477499176,
        0.05393239021676623,
        0.034942622246273126,
        0.7053394252398723
      ],
      [
        0.05989137485255084,
        0.1554366196478568,
        0.023957798330542075,
        0.21904655622849425,
        0.541667650940556
      ],
      [
        0.15457389260291057,
        0.1260506726084388,
        0.5333819607758006,
        0.1647129165415102,
        0.021280557471339702
      ],
      [
        0.21755638708921488,
        0.02597521722149317,
        0.10171838787252141,
        0.610849000068624,
        0.04390100774814667
      ],
      [
        0.4293002956305218,
        0.15183689832859446,
        0.3536916924871371,
        0.03903747319132626,
        0.026133640362420555
      ],
      [
        0.14770756012767983,
        0.13191091687006434,
        0.3581802925309547,
        0.2587318485800795,
        0.10346938189122153
      ],
      [
        0.10454092214613847,
        0.28926418228984885,
        0.16262326601009833,
        0.16018474928063556,
        0.28338688027327874
      ],
      [
        0.028945745693478228,
        0.12317042241592469,
        0.0782719920954388,
        0.5272987582808458,
        0.24231308151431247
      ],
      [
        0.20927841530154917,
        0.28422303328529597,
        0.16582961060951307,
        0.12379766487431768,
        0.21687127592932395
      ],
      [
        0.06727059241502481,
        0.5905379408427692,
        0.17234539457791473,
        0.09495150233003084,
        0.07489456983426031
      ],
      [
        0.4769184486393607,
        0.014291812231312739,
        0.14747496039959082,
        0.07195454637099537,
        0.28936023235874037
      ]
    ],
    "predictions": [
      3,
      4,
      3,
      2,
      0,
      1,
      4,
      3,
      0,
      3,
      2,
      3,
      3,
      3,
      3,
      3,
      3,
      3,
      4,
      3,
      0,
      1,
      3,
      4,
      4,
      4,
      4,
      4,
      4,
      3,
      1,
      0,
      3,
      0,
      3,
      1,
      3,
      3,
      0,
      4,
      4,
      2,
      3,
      0,
      2,
      1,
      3,
      1,
      1,
      0
    ],
    "true_labels": [
      1,
      0,
      3,
      2,
      2,
      1,
      0,
      2,
      4,
      0,
      2,
      3,
      1,
      2,
      3,
      2,
      1,
      3,
      4,
      3,
      4,
      1,
      0,
      4,
      0,
      4,
      4,
      0,
      4,
      0,
      1,
      1,
      1,
      2,
      3,
      1,
      3,
      2,
      0,
      4,
      4,
      2,
      3,
      0,
      3,
      2,
      4,
      3,
      1,
      0
    ],
    "patient_ids": [
      "patient101",
      "patient102",
      "patient103",
      "patient104",
      "patient105",
      "patient106",
      "patient107",
      "patient108",
      "patient109",
      "patient110",
      "patient111",
      "patient112",
      "patient113",
      "patient114",
      "patient115",
      "patient116",
      "patient117",
      "patient118",
      "patient119",
      "patient120",
      "patient121",
      "patient122",
      "patient123",
      "patient124",
      "patient125",
      "patient126",
      "patient127",
      "patient128",
      "patient129",
      "patient130",
      "patient131",
      "patient132",
      "patient133",
      "patient134",
      "patient135",
      "patient136",
      "patient137",
      "patient138",
      "patient139",
      "patient140",
      "patient141",
      "patient142",
      "patient143",
      "patient144",
      "patient145",
      "patient146",
      "patient147",
      "patient148",
      "patient149",
      "patient150"
    ]
  },
  "roc_auc": {
    "macro_auc": 0.85,
    "per_class_auc": {
      "NOR": 0.77,
      "DCM": 0.9025,
      "HCM": 0.875,
      "MINF": 0.8025,
      "RV": 0.9
    }
  },
  "binary": {
    "accuracy": 0.78,
    "f1": 0.8764044943820225,
    "sensitivity": 0.975,
    "specificity": 0.0,
    "roc_auc": 0.77,
    "binary_labels": [
      1,
      0,
      1,
      1,
      1,
      1,
      0,
      1,
      1,
      0,
      1,
      1,
      1,
      1,
      1,
      1,
      1,
      1,
      1,
      1,
      1,
      1,
      0,
      1,
      0,
      1,
      1,
      0,
      1,
      0,
      1,
      1,
      1,
      1,
      1,
      1,
      1,
      1,
      0,
      1,
      1,
      1,
      1,
      0,
      1,
      1,
      1,
      1,
      1,
      0
    ],
    "binary_probs": [
      0.7210335181567684,
      0.7554683697726965,
      0.7293977755422216,
      0.6822037861886697,
      0.7385423937910172,
      0.8116016497358551,
      0.7232224765490451,
      0.722202411489977,
      0.3720954985426631,
      0.7053499101288573,
      0.7765896798114605,
      0.8599001695680764,
      0.952460412699321,
      0.894143055355743,
      0.7632421758152779,
      0.8427929617167051,
      0.7485670906607782,
      0.9017821942094807,
      0.9725639063931351,
      0.8384682970669867,
      0.6703408694293302,
      0.9176159116723845,
      0.789125867331798,
      0.6689014623127447,
      0.8112950739620223,
      0.9656209688849,
      0.9595383899547609,
      0.8006038349682678,
      0.960024215419613,
      0.7027160740795886,
      0.9171951968355685,
      0.5800898972329963,
      0.8998908194881002,
      0.5391429622857029,
      0.8771424141910132,
      0.887414393340219,
      0.6233123827353217,
      0.8059272737301139,
      0.6766847047606932,
      0.9703322824779034,
      0.9401086251474492,
      0.8454261073970895,
      0.7824436129107851,
      0.5706997043694781,
      0.8522924398723202,
      0.8954590778538616,
      0.9710542543065218,
      0.7907215846984508,
      0.9327294075849752,
      0.5230815513606393
    ]
  }
}
