{
  "config": {
    "backbone": "dinov3",
    "model_name": "dinov3_vitb16",
    "eval_mode": "logreg",
    "freeze_backbone": true,
    "pooling": "gap",
    "embed_dim": 768,
    "best_hyperparam": 1.0,
    "hyperparam_name": "C"
  },
  "sweep_results": [
    {
      "param_value": 9.999999974752427e-07,
      "mean_cv_acc": 0.38,
      "std_cv_acc": 0.08717797887081347
    },
    {
      "param_value": 1.7782793975129607e-06,
      "mean_cv_acc": 0.38,
      "std_cv_acc": 0.08717797887081347
    },
    {
      "param_value": 3.1622776077711023e-06,
      "mean_cv_acc": 0.38,
      "std_cv_acc": 0.08717797887081347
    },
    {
      "param_value": 5.6234130170196295e-06,
      "mean_cv_acc": 0.39,
      "std_cv_acc": 0.08306623862918074
    },
    {
      "param_value": 9.999999747378752e-06,
      "mean_cv_acc": 0.39,
      "std_cv_acc": 0.08306623862918074
    },
    {
      "param_value": 1.778279329300858e-05,
      "mean_cv_acc": 0.39,
      "std_cv_acc": 0.08306623862918074
    },
    {
      "param_value": 3.162277789670043e-05,
      "mean_cv_acc": 0.4,
      "std_cv_acc": 0.09999999999999999
    },
    {
      "param_value": 5.62341338081751e-05,
      "mean_cv_acc": 0.4,
      "std_cv_acc": 0.09999999999999999
    },
    {
      "param_value": 9.999999747378752e-05,
      "mean_cv_acc": 0.41000000000000003,
      "std_cv_acc": 0.09433981132056603
    },
    {
      "param_value": 0.00017782794020604342,
      "mean_cv_acc": 0.41000000000000003,
      "std_cv_acc": 0.09433981132056603
    },
    {
      "param_value": 0.0003162277571391314,
      "mean_cv_acc": 0.44000000000000006,
      "std_cv_acc": 0.07999999999999999
    },
    {
      "param_value": 0.000562341301701963,
      "mean_cv_acc": 0.45999999999999996,
      "std_cv_acc": 0.09165151389911678
    },
    {
      "param_value": 0.0010000000474974513,
      "mean_cv_acc": 0.51,
      "std_cv_acc": 0.08306623862918074
    },
    {
      "param_value": 0.0017782794311642647,
      "mean_cv_acc": 0.5,
      "std_cv_acc": 0.08944271909999157
    },
    {
      "param_value": 0.003162277629598975,
      "mean_cv_acc": 0.51,
      "std_cv_acc": 0.10440306508910549
    },
    {
      "param_value": 0.005623413249850273,
      "mean_cv_acc": 0.51,
      "std_cv_acc": 0.10440306508910549
    },
    {
      "param_value": 0.009999999776482582,
      "mean_cv_acc": 0.5199999999999999,
      "std_cv_acc": 0.11661903789690599
    },
    {
      "param_value": 0.017782794311642647,
      "mean_cv_acc": 0.5199999999999999,
      "std_cv_acc": 0.11661903789690599
    },
    {
      "param_value": 0.03162277489900589,
      "mean_cv_acc": 0.5199999999999999,
      "std_cv_acc": 0.11661903789690599
    },
    {
      "param_value": 0.05623413249850273,
      "mean_cv_acc": 0.53,
      "std_cv_acc": 0.1345362404707371
    },
    {
      "param_value": 0.10000000149011612,
      "mean_cv_acc": 0.55,
      "std_cv_acc": 0.13601470508735442
    },
    {
      "param_value": 0.17782793939113617,
      "mean_cv_acc": 0.5400000000000001,
      "std_cv_acc": 0.12806248474865695
    },
    {
      "param_value": 0.3162277638912201,
      "mean_cv_acc": 0.55,
      "std_cv_acc": 0.12041594578792295
    },
    {
      "param_value": 0.5623413324356079,
      "mean_cv_acc": 0.55,
      "std_cv_acc": 0.12041594578792295
    },
    {
      "param_value": 1.0,
      "mean_cv_acc": 0.56,
      "std_cv_acc": 0.12
    },
    {
      "param_value": 1.778279423713684,
      "mean_cv_acc": 0.56,
      "std_cv_acc": 0.12
    },
    {
      "param_value": 3.1622776985168457,
      "mean_cv_acc": 0.56,
      "std_cv_acc": 0.12
    },
    {
      "param_value": 5.6234130859375,
      "mean_cv_acc": 0.56,
      "std_cv_acc": 0.12
    },
    {
      "param_value": 10.0,
      "mean_cv_acc": 0.56,
      "std_cv_acc": 0.12
    },
    {
      "param_value": 17.782794952392578,
      "mean_cv_acc": 0.56,
      "std_cv_acc": 0.12
    },
    {
      "param_value": 31.62277603149414,
      "mean_cv_acc": 0.56,
      "std_cv_acc": 0.12
    },
    {
      "param_value": 56.234130859375,
      "mean_cv_acc": 0.56,
      "std_cv_acc": 0.12
    },
    {
      "param_value": 100.0,
      "mean_cv_acc": 0.56,
      "std_cv_acc": 0.12
    },
    {
      "param_value": 177.82794189453125,
      "mean_cv_acc": 0.56,
      "std_cv_acc": 0.12
    },
    {
      "param_value": 316.2277526855469,
      "mean_cv_acc": 0.56,
      "std_cv_acc": 0.12
    },
    {
      "param_value": 562.34130859375,
      "mean_cv_acc": 0.56,
      "std_cv_acc": 0.12
    },
    {
      "param_value": 1000.0,
      "mean_cv_acc": 0.56,
      "std_cv_acc": 0.12
    },
    {
      "param_value": 1778.2794189453125,
      "mean_cv_acc": 0.55,
      "std_cv_acc": 0.12041594578792295
    },
    {
      "param_value": 3162.277587890625,
      "mean_cv_acc": 0.55,
      "std_cv_acc": 0.12041594578792295
    },
    {
      "param_value": 5623.4130859375,
      "mean_cv_acc": 0.5599999999999999,
      "std_cv_acc": 0.13564659966250536
    },
    {
      "param_value": 10000.0,
      "mean_cv_acc": 0.5599999999999999,
      "std_cv_acc": 0.13564659966250536
    },
    {
      "param_value": 17782.794921875,
      "mean_cv_acc": 0.5599999999999999,
      "std_cv_acc": 0.13564659966250536
    },
    {
      "param_value": 31622.77734375,
      "mean_cv_acc": 0.5599999999999999,
      "std_cv_acc": 0.13564659966250536
    },
    {
      "param_value": 56234.1328125,
      "mean_cv_acc": 0.5499999999999999,
      "std_cv_acc": 0.14317821063276354
    },
    {
      "param_value": 100000.0,
      "mean_cv_acc": 0.5499999999999999,
      "std_cv_acc": 0.14317821063276354
    }
  ],
  "five_way": {
    "accuracy": 0.62,
    "macro_f1": 0.615829573934837,
    "macro_sensitivity": 0.62,
    "macro_specificity": 0.905,
    "per_class_sensitivity": {
      "NOR": 0.4,
      "DCM": 0.7,
      "HCM": 0.5,
      "MINF": 0.9,
      "RV": 0.6
    },
    "per_class_specificity": {
      "NOR": 0.875,
      "DCM": 0.925,
      "HCM": 1.0,
      "MINF": 0.85,
      "RV": 0.875
    },
    "confusion_matrix": [
      [
        4,
        0,
        0,
        2,
        4
      ],
      [
        1,
        7,
        0,
        2,
        0
      ],
      [
        1,
        1,
        5,
        2,
        1
      ],
      [
        1,
        0,
        0,
        9,
        0
      ],
      [
        2,
        2,
        0,
        0,
        6
      ]
    ],
    "classification_report": {
      "NOR": {
        "precision": 0.4444444444444444,
        "recall": 0.4,
        "f1-score": 0.42105263157894735,
        "support": 10.0
      },
      "DCM": {
        "precision": 0.7,
        "recall": 0.7,
        "f1-score": 0.7,
        "support": 10.0
      },
      "HCM": {
        "precision": 1.0,
        "recall": 0.5,
        "f1-score": 0.6666666666666666,
        "support": 10.0
      },
      "MINF": {
        "precision": 0.6,
        "recall": 0.9,
        "f1-score": 0.72,
        "support": 10.0
      },
      "RV": {
        "precision": 0.5454545454545454,
        "recall": 0.6,
        "f1-score": 0.5714285714285714,
        "support": 10.0
      },
      "accuracy": 0.62,
      "macro avg": {
        "precision": 0.657979797979798,
        "recall": 0.62,
        "f1-score": 0.615829573934837,
        "support": 50.0
      },
      "weighted avg": {
        "precision": 0.6579797979797979,
        "recall": 0.62,
        "f1-score": 0.615829573934837,
        "support": 50.0
      }
    },
    "probabilities": [
      [
        0.02768486830614688,
        0.048740271628955986,
        0.00014318770441068806,
        0.9234073922475657,
        2.4280112920635192e-05
      ],
      [
        0.22038908943118135,
        0.06492341291939512,
        0.28380922380091056,
        0.00488557937365589,
        0.42599269447485694
      ],
      [
        0.001994819617780344,
        0.009728427404758088,
        0.0008731255051156169,
        0.9873335464013199,
        7.00810710259319e-05
      ],
      [
        0.028137361545300416,
        0.00040595400269035676,
        0.9656597996809676,
        0.00038267780691753994,
        0.00541420696412384
      ],
      [
        0.05990351249121217,
        0.02713982370834533,
        0.8440054146147048,
        0.006157074960974395,
        0.06279417422476337
      ],
      [
        0.0010785505589355918,
        0.9279753064125309,
        1.0819986774176497e-05,
        0.00141277759907745,
        0.06952254544268188
      ],
      [
        0.14743320703005486,
        0.004192618156641653,
        4.828395131318293e-05,
        0.08456468745180411,
        0.7637612034101863
      ],
      [
        0.021706575616316448,
        0.040229933533757395,
        0.015550798291467303,
        0.9128691921344291,
        0.009643500424029807
      ],
      [
        0.9936113159624357,
        0.0014513020114207485,
        7.290353122777721e-05,
        0.002138734481623081,
        0.002725744013292721
      ],
      [
        0.37880586566339564,
        0.0002663658099306896,
        0.0001383209283840705,
        0.6067413080897462,
        0.0140481395085433
      ],
      [
        0.02488740700328708,
        0.0011402958193983573,
        0.9276176825522084,
        0.04632868726920941,
        2.592735589690935e-05
      ],
      [
        0.0030136992865231475,
        0.07113585127124693,
        0.002441065488661958,
        0.9071848474619113,
        0.016224536491656668
      ],
      [
        0.007892062063382358,
        0.5605910268671045,
        7.278708776180331e-05,
        0.43022549232674456,
        0.0012186316550067847
      ],
      [
        0.02920307120704953,
        0.01379734745797294,
        0.07715051812013397,
        0.2679933466215713,
        0.6118557165932723
      ],
      [
        0.5091053239073402,
        0.1433333055819688,
        0.051844617721159364,
        0.2813410611970533,
        0.014375691592478158
      ],
      [
        0.04880825068829248,
        0.012183144657390774,
        0.46335569147303896,
        0.46340368165025253,
        0.012249231531025214
      ],
      [
        0.045086328727074174,
        0.7606277493224333,
        0.00048383584932567636,
        0.1900173929861834,
        0.003784693114983333
      ],
      [
        0.0024180337164928286,
        0.0017340444080110192,
        7.691846898683122e-05,
        0.9950314583617615,
        0.000739545044747709
      ],
      [
        0.00047743084632243584,
        0.0008975000936353394,
        1.9663539765004643e-05,
        1.2034665077890942e-05,
        0.9985933708551994
      ],
      [
        0.06019278076803508,
        0.009369045623105051,
        0.06856103852658138,
        0.8583689253432202,
        0.0035082097390583765
      ],
      [
        0.4849903715561415,
        0.008932126449710448,
        0.000176647704272765,
        0.06027920642316734,
        0.4456216478667078
      ],
      [
        3.069424234595866e-05,
        0.9773332715994576,
        6.491287496305882e-05,
        0.01175523925575101,
        0.010815882027482458
      ],
      [
        0.6261282757675222,
        0.0012615249367567425,
        0.0037841269243407702,
        0.35651983151005223,
        0.012306240861328317
      ],
      [
        0.023020729638401554,
        6.720859742777858e-05,
        0.0013627696030245363,
        0.00033525273103737985,
        0.9752140394301088
      ],
      [
        0.6371744314346838,
        0.00033618263014635055,
        0.0003188677431335518,
        0.0001144817587619878,
        0.36205603643327444
      ],
      [
        0.0004934521488300441,
        0.0006967597235758734,
        0.04016278064101905,
        0.0029637936478891245,
        0.9556832138386859
      ],
      [
        0.0013509230412726558,
        0.004254679090467679,
        0.002654191734962173,
        0.0008017654083633573,
        0.9909384407249341
      ],
      [
        0.786302411488001,
        0.026109426922759374,
        0.0068311885158145276,
        0.007465755493484761,
        0.17329121757994062
      ],
      [
        1.6483004490779975e-05,
        5.655799637309437e-05,
        6.199856498816587e-06,
        1.649336782344943e-05,
        0.9999042657748138
      ],
      [
        0.08613972214659757,
        0.010589439023051626,
        4.678422271280696e-05,
        0.8936775781525652,
        0.00954647645507294
      ],
      [
        0.7818976559027119,
        0.1606834575988789,
        2.2002613554386846e-05,
        0.0510887652313199,
        0.006308118653534862
      ],
      [
        0.027707357185805085,
        0.9442782182029745,
        0.00011038951414014791,
        0.02641351987572632,
        0.001490515221354113
      ],
      [
        0.002838348643840678,
        0.3543920384157287,
        4.459871361702522e-06,
        0.6418022396407038,
        0.0009629134283651184
      ],
      [
        0.6478398773469453,
        0.019604436777226595,
        0.18948066535386715,
        0.002473501779628916,
        0.14060151874233207
      ],
      [
        0.0017044671823077803,
        0.14790672618451495,
        1.775226436154686e-05,
        0.8407959483872817,
        0.009575105981533936
      ],
      [
        0.014406091372293001,
        0.8191001273207713,
        0.00039446080331474834,
        0.13614791785944128,
        0.029951402644179614
      ],
      [
        0.11171821324473383,
        0.06527671807521569,
        0.007758576651380442,
        0.7862161158391596,
        0.029030376189510432
      ],
      [
        0.00046731831563728355,
        0.002118059343586136,
        0.8719591662755745,
        0.125248380703581,
        0.00020707536162099978
      ],
      [
        0.330691364539726,
        0.06238686209983896,
        0.03853233362280429,
        0.00380062942027358,
        0.5645888103173572
      ],
      [
        7.568369849669692e-05,
        0.01826215532012801,
        0.0003266559508166051,
        5.549233808803726e-05,
        0.9812800126924707
      ],
      [
        0.009086750932032208,
        0.6718732185127683,
        0.00028060730758305266,
        0.016445722876839642,
        0.3023137003707768
      ],
      [
        0.017379517463508274,
        0.010861701602759405,
        0.9706066310134775,
        0.00038289757613569584,
        0.000769252344118992
      ],
      [
        0.0027921880915679834,
        0.022890387870893376,
        0.00013908436376354664,
        0.9739185123644485,
        0.00025982730932663187
      ],
      [
        0.9735827122504072,
        0.0024216931710600814,
        0.023835823190972348,
        1.900701024217071e-05,
        0.00014076437731803466
      ],
      [
        0.010404921912914145,
        0.0066703690179791926,
        0.11398184318068054,
        0.7183723208546398,
        0.1505705450337863
      ],
      [
        0.0038249542987947266,
        0.42825851821455957,
        0.016799355491369822,
        0.23922637001472652,
        0.31189080198054947
      ],
      [
        0.02710781643986303,
        0.785026922960873,
        0.00010137097223282182,
        0.10889032393453404,
        0.07887356569249694
      ],
      [
        0.19903386087782088,
        0.022988426002161874,
        0.06422624951480327,
        0.5626056450319664,
        0.15114581857324755
      ],
      [
        0.3351647209894402,
        0.6522265189264745,
        0.011673613976050597,
        0.00021219181207040588,
        0.0007229542959643615
      ],
      [
        0.017132377375553714,
        5.036532013873612e-07,
        0.0020512281340809993,
        1.2868695058773167e-05,
        0.9808030221421051
      ]
    ],
    "predictions": [
      3,
      4,
      3,
      2,
      2,
      1,
      4,
      3,
      0,
      3,
      2,
      3,
      1,
      4,
      0,
      3,
      1,
      3,
      4,
      3,
      0,
      1,
      0,
      4,
      0,
      4,
      4,
      0,
      4,
      3,
      0,
      1,
      3,
      0,
      3,
      1,
      3,
      2,
      4,
      4,
      1,
      2,
      3,
      0,
      3,
      1,
      1,
      3,
      1,
      4
    ],
    "true_labels": [
      1,
      0,
      3,
      2,
      2,
      1,
      0,
      2,
      4,
      0,
      2,
      3,
      1,
      2,
      3,
      2,
      1,
      3,
      4,
      3,
      4,
      1,
      0,
      4,
      0,
      4,
      4,
      0,
      4,
      0,
      1,
      1,
      1,
      2,
      3,
      1,
      3,
      2,
      0,
      4,
      4,
      2,
      3,
      0,
      3,
      2,
      4,
      3,
      1,
      0
    ],
    "patient_ids": [
      "patient101",
      "patient102",
      "patient103",
      "patient104",
      "patient105",
      "patient106",
      "patient107",
      "patient108",
      "patient109",
      "patient110",
      "patient111",
      "patient112",
      "patient113",
      "patient114",
      "patient115",
      "patient116",
      "patient117",
      "patient118",
      "patient119",
      "patient120",
      "patient121",
      "patient122",
      "patient123",
      "patient124",
      "patient125",
      "patient126",
      "patient127",
      "patient128",
      "patient129",
      "patient130",
      "patient131",
      "patient132",
      "patient133",
      "patient134",
      "patient135",
      "patient136",
      "patient137",
      "patient138",
      "patient139",
      "patient140",
      "patient141",
      "patient142",
      "patient143",
      "patient144",
      "patient145",
      "patient146",
      "patient147",
      "patient148",
      "patient149",
      "patient150"
    ]
  },
  "roc_auc": {
    "macro_auc": 0.9105000000000001,
    "per_class_auc": {
      "NOR": 0.8475,
      "DCM": 0.9500000000000001,
      "HCM": 0.9525000000000001,
      "MINF": 0.9325000000000001,
      "RV": 0.87
    }
  },
  "binary": {
    "accuracy": 0.8,
    "f1": 0.8780487804878049,
    "sensitivity": 0.9,
    "specificity": 0.4,
    "roc_auc": 0.8474999999999999,
    "binary_labels": [
      1,
      0,
      1,
      1,
      1,
      1,
      0,
      1,
      1,
      0,
      1,
      1,
      1,
      1,
      1,
      1,
      1,
      1,
      1,
      1,
      1,
      1,
      0,
      1,
      0,
      1,
      1,
      0,
      1,
      0,
      1,
      1,
      1,
      1,
      1,
      1,
      1,
      1,
      0,
      1,
      1,
      1,
      1,
      0,
      1,
      1,
      1,
      1,
      1,
      0
    ],
    "binary_probs": [
      0.9723151316938531,
      0.7796109105688187,
      0.9980051803822196,
      0.9718626384546996,
      0.9400964875087878,
      0.9989214494410644,
      0.8525667929699452,
      0.9782934243836836,
      0.006388684037564318,
      0.6211941343366043,
      0.9751125929967129,
      0.9969863007134768,
      0.9921079379366177,
      0.9707969287929504,
      0.4908946760926598,
      0.9511917493117075,
      0.9549136712729258,
      0.9975819662835071,
      0.9995225691536775,
      0.9398072192319649,
      0.5150096284438586,
      0.9999693057576541,
      0.37387172423247783,
      0.9769792703615985,
      0.3628255685653162,
      0.99950654785117,
      0.9986490769587273,
      0.21369758851199905,
      0.9999835169955092,
      0.9138602778534024,
      0.21810234409728813,
      0.9722926428141949,
      0.9971616513561593,
      0.35216012265305474,
      0.9982955328176922,
      0.985593908627707,
      0.8882817867552661,
      0.9995326816843627,
      0.669308635460274,
      0.9999243163015034,
      0.9909132490679677,
      0.9826204825364917,
      0.997207811908432,
      0.026417287749592844,
      0.9895950780870859,
      0.9961750457012053,
      0.972892183560137,
      0.8009661391221792,
      0.6648352790105598,
      0.9828676226244463
    ]
  }
}