{
  "config": {
    "backbone": "dinov3",
    "model_name": "dinov3_vit7b16",
    "eval_mode": "logreg",
    "freeze_backbone": true,
    "pooling": "gap",
    "embed_dim": 4096,
    "best_hyperparam": 1.778279423713684,
    "hyperparam_name": "C"
  },
  "sweep_results": [
    {
      "param_value": 9.999999974752427e-07,
      "mean_cv_acc": 0.33999999999999997,
      "std_cv_acc": 0.09165151389911681
    },
    {
      "param_value": 1.7782793975129607e-06,
      "mean_cv_acc": 0.33999999999999997,
      "std_cv_acc": 0.09165151389911681
    },
    {
      "param_value": 3.1622776077711023e-06,
      "mean_cv_acc": 0.33999999999999997,
      "std_cv_acc": 0.09165151389911681
    },
    {
      "param_value": 5.6234130170196295e-06,
      "mean_cv_acc": 0.33999999999999997,
      "std_cv_acc": 0.09165151389911681
    },
    {
      "param_value": 9.999999747378752e-06,
      "mean_cv_acc": 0.33999999999999997,
      "std_cv_acc": 0.09165151389911681
    },
    {
      "param_value": 1.778279329300858e-05,
      "mean_cv_acc": 0.37,
      "std_cv_acc": 0.14177446878757824
    },
    {
      "param_value": 3.162277789670043e-05,
      "mean_cv_acc": 0.38,
      "std_cv_acc": 0.15362291495737215
    },
    {
      "param_value": 5.62341338081751e-05,
      "mean_cv_acc": 0.43999999999999995,
      "std_cv_acc": 0.16248076809271916
    },
    {
      "param_value": 9.999999747378752e-05,
      "mean_cv_acc": 0.4800000000000001,
      "std_cv_acc": 0.18867962264113206
    },
    {
      "param_value": 0.00017782794020604342,
      "mean_cv_acc": 0.52,
      "std_cv_acc": 0.1777638883463118
    },
    {
      "param_value": 0.0003162277571391314,
      "mean_cv_acc": 0.53,
      "std_cv_acc": 0.1615549442140351
    },
    {
      "param_value": 0.000562341301701963,
      "mean_cv_acc": 0.58,
      "std_cv_acc": 0.1661324772583615
    },
    {
      "param_value": 0.0010000000474974513,
      "mean_cv_acc": 0.59,
      "std_cv_acc": 0.17578395831246946
    },
    {
      "param_value": 0.0017782794311642647,
      "mean_cv_acc": 0.63,
      "std_cv_acc": 0.19000000000000003
    },
    {
      "param_value": 0.003162277629598975,
      "mean_cv_acc": 0.64,
      "std_cv_acc": 0.19078784028338913
    },
    {
      "param_value": 0.005623413249850273,
      "mean_cv_acc": 0.64,
      "std_cv_acc": 0.19078784028338913
    },
    {
      "param_value": 0.009999999776482582,
      "mean_cv_acc": 0.6399999999999999,
      "std_cv_acc": 0.16248076809271922
    },
    {
      "param_value": 0.017782794311642647,
      "mean_cv_acc": 0.6399999999999999,
      "std_cv_acc": 0.16248076809271922
    },
    {
      "param_value": 0.03162277489900589,
      "mean_cv_acc": 0.6399999999999999,
      "std_cv_acc": 0.16248076809271922
    },
    {
      "param_value": 0.05623413249850273,
      "mean_cv_acc": 0.63,
      "std_cv_acc": 0.16155494421403513
    },
    {
      "param_value": 0.10000000149011612,
      "mean_cv_acc": 0.64,
      "std_cv_acc": 0.16248076809271922
    },
    {
      "param_value": 0.17782793939113617,
      "mean_cv_acc": 0.64,
      "std_cv_acc": 0.16248076809271922
    },
    {
      "param_value": 0.3162277638912201,
      "mean_cv_acc": 0.6599999999999999,
      "std_cv_acc": 0.1562049935181331
    },
    {
      "param_value": 0.5623413324356079,
      "mean_cv_acc": 0.6599999999999999,
      "std_cv_acc": 0.1562049935181331
    },
    {
      "param_value": 1.0,
      "mean_cv_acc": 0.6599999999999999,
      "std_cv_acc": 0.1562049935181331
    },
    {
      "param_value": 1.778279423713684,
      "mean_cv_acc": 0.67,
      "std_cv_acc": 0.1676305461424021
    },
    {
      "param_value": 3.1622776985168457,
      "mean_cv_acc": 0.67,
      "std_cv_acc": 0.1676305461424021
    },
    {
      "param_value": 5.6234130859375,
      "mean_cv_acc": 0.67,
      "std_cv_acc": 0.1676305461424021
    },
    {
      "param_value": 10.0,
      "mean_cv_acc": 0.67,
      "std_cv_acc": 0.1676305461424021
    },
    {
      "param_value": 17.782794952392578,
      "mean_cv_acc": 0.67,
      "std_cv_acc": 0.1676305461424021
    },
    {
      "param_value": 31.62277603149414,
      "mean_cv_acc": 0.67,
      "std_cv_acc": 0.1676305461424021
    },
    {
      "param_value": 56.234130859375,
      "mean_cv_acc": 0.67,
      "std_cv_acc": 0.1676305461424021
    },
    {
      "param_value": 100.0,
      "mean_cv_acc": 0.67,
      "std_cv_acc": 0.1676305461424021
    },
    {
      "param_value": 177.82794189453125,
      "mean_cv_acc": 0.67,
      "std_cv_acc": 0.1676305461424021
    },
    {
      "param_value": 316.2277526855469,
      "mean_cv_acc": 0.67,
      "std_cv_acc": 0.1676305461424021
    },
    {
      "param_value": 562.34130859375,
      "mean_cv_acc": 0.67,
      "std_cv_acc": 0.1676305461424021
    },
    {
      "param_value": 1000.0,
      "mean_cv_acc": 0.67,
      "std_cv_acc": 0.1676305461424021
    },
    {
      "param_value": 1778.2794189453125,
      "mean_cv_acc": 0.67,
      "std_cv_acc": 0.1676305461424021
    },
    {
      "param_value": 3162.277587890625,
      "mean_cv_acc": 0.67,
      "std_cv_acc": 0.1676305461424021
    },
    {
      "param_value": 5623.4130859375,
      "mean_cv_acc": 0.67,
      "std_cv_acc": 0.1676305461424021
    },
    {
      "param_value": 10000.0,
      "mean_cv_acc": 0.67,
      "std_cv_acc": 0.1676305461424021
    },
    {
      "param_value": 17782.794921875,
      "mean_cv_acc": 0.67,
      "std_cv_acc": 0.1676305461424021
    },
    {
      "param_value": 31622.77734375,
      "mean_cv_acc": 0.67,
      "std_cv_acc": 0.1676305461424021
    },
    {
      "param_value": 56234.1328125,
      "mean_cv_acc": 0.67,
      "std_cv_acc": 0.1676305461424021
    },
    {
      "param_value": 100000.0,
      "mean_cv_acc": 0.67,
      "std_cv_acc": 0.1676305461424021
    }
  ],
  "five_way": {
    "accuracy": 0.62,
    "macro_f1": 0.6280827067669172,
    "macro_sensitivity": 0.62,
    "macro_specificity": 0.905,
    "per_class_sensitivity": {
      "NOR": 0.6,
      "DCM": 0.7,
      "HCM": 0.5,
      "MINF": 0.5,
      "RV": 0.8
    },
    "per_class_specificity": {
      "NOR": 0.9,
      "DCM": 0.95,
      "HCM": 0.975,
      "MINF": 0.775,
      "RV": 0.925
    },
    "confusion_matrix": [
      [
        6,
        0,
        0,
        2,
        2
      ],
      [
        0,
        7,
        0,
        3,
        0
      ],
      [
        1,
        0,
        5,
        3,
        1
      ],
      [
        2,
        2,
        1,
        5,
        0
      ],
      [
        1,
        0,
        0,
        1,
        8
      ]
    ],
    "classification_report": {
      "NOR": {
        "precision": 0.6,
        "recall": 0.6,
        "f1-score": 0.6,
        "support": 10.0
      },
      "DCM": {
        "precision": 0.7777777777777778,
        "recall": 0.7,
        "f1-score": 0.7368421052631579,
        "support": 10.0
      },
      "HCM": {
        "precision": 0.8333333333333334,
        "recall": 0.5,
        "f1-score": 0.625,
        "support": 10.0
      },
      "MINF": {
        "precision": 0.35714285714285715,
        "recall": 0.5,
        "f1-score": 0.4166666666666667,
        "support": 10.0
      },
      "RV": {
        "precision": 0.7272727272727273,
        "recall": 0.8,
        "f1-score": 0.7619047619047619,
        "support": 10.0
      },
      "accuracy": 0.62,
      "macro avg": {
        "precision": 0.6591053391053391,
        "recall": 0.6199999999999999,
        "f1-score": 0.6280827067669172,
        "support": 50.0
      },
      "weighted avg": {
        "precision": 0.6591053391053393,
        "recall": 0.62,
        "f1-score": 0.6280827067669174,
        "support": 50.0
      }
    },
    "probabilities": [
      [
        0.1976486714220822,
        0.06667755255808859,
        5.785783103200025e-05,
        0.7354110618474331,
        0.00020485634136408222
      ],
      [
        0.5283430332071412,
        0.0011596583903759436,
        0.037156835912402625,
        0.0018889193172824247,
        0.43145155317279804
      ],
      [
        0.0010984076266046343,
        0.05642989064877914,
        0.005506451364042493,
        0.9369635505248386,
        1.6998357350683758e-06
      ],
      [
        0.015373719654214519,
        0.0006631171418128258,
        0.9836317627160347,
        0.00014485743009359745,
        0.0001865430578442266
      ],
      [
        0.23475176164066838,
        0.05572083946985945,
        0.5821455770814795,
        0.01978462389299324,
        0.10759719791499947
      ],
      [
        0.011877102336474734,
        0.6729764207808087,
        0.00010117821818819872,
        0.0010844712872396538,
        0.31396082737728864
      ],
      [
        0.0266119602953574,
        0.00027662918524025507,
        2.502064860789933e-06,
        0.0003191003587174051,
        0.9727898080958242
      ],
      [
        0.016943670864143858,
        0.00041020779662044994,
        0.003443064230422545,
        0.9790815150810478,
        0.0001215420277655018
      ],
      [
        0.8928792408627448,
        0.002736711874970067,
        0.0016455555809843517,
        0.05478416990193984,
        0.04795432177936092
      ],
      [
        0.005647240022355367,
        7.948784190141184e-06,
        9.65505980154676e-05,
        0.9931837681731422,
        0.0010644924222966755
      ],
      [
        0.001808484091244759,
        0.0001268854826545673,
        0.9966020109329923,
        0.001455389975318654,
        7.2295177895169425e-06
      ],
      [
        0.0022410590033012,
        0.09137989226365972,
        0.0004971892174304543,
        0.8828275280534481,
        0.023054331462160623
      ],
      [
        0.0006848604433936227,
        0.6726124034680422,
        6.828078220554454e-06,
        0.32094028595821344,
        0.005755622052130141
      ],
      [
        0.032083959362890976,
        0.032593963223887655,
        0.07143596526741311,
        0.8037911684966489,
        0.06009494364915945
      ],
      [
        0.01389415272490973,
        0.10979398699890171,
        0.0031689812936584708,
        0.8512572790627972,
        0.021885599919732834
      ],
      [
        0.1442806131475399,
        0.017668215836977506,
        0.027941213857852785,
        0.7536994723490233,
        0.05641048480860652
      ],
      [
        0.13738303875309726,
        0.42610443651222707,
        0.0003060195933222641,
        0.3329874388259776,
        0.10321906631537578
      ],
      [
        0.001819761753693769,
        0.00031682821951895554,
        1.2052996663044142e-05,
        0.9974108033236123,
        0.0004405537065118737
      ],
      [
        5.132603572206193e-06,
        3.3191267723471643e-06,
        2.498934652994732e-05,
        6.167924889397099e-07,
        0.9999659421306365
      ],
      [
        0.02695373043025482,
        0.004796796992664044,
        0.6486894279802075,
        0.31659076789178736,
        0.0029692767050863034
      ],
      [
        0.046440578098481754,
        0.0010617214382788306,
        3.1905262908552086e-06,
        0.036668960160358,
        0.9158255497765906
      ],
      [
        0.0010937065492912115,
        0.25583348203144113,
        0.009124308974433884,
        0.4435443249197865,
        0.29040417752504727
      ],
      [
        0.5447594745480325,
        9.490868752722604e-05,
        0.0066411916336570976,
        0.44745413086194424,
        0.0010502942688389537
      ],
      [
        0.026084954069102828,
        2.4093388761306793e-06,
        2.3304579115266994e-05,
        0.0001918579506227793,
        0.973697474062283
      ],
      [
        0.006650083803154168,
        3.426491526954227e-07,
        2.8408016911740127e-07,
        3.1461096398000573e-05,
        0.9933178283711261
      ],
      [
        1.5423615070728864e-05,
        1.9740147687139982e-06,
        0.0020396442426646997,
        0.0013048725703300318,
        0.9966380855571658
      ],
      [
        0.0004638839029134951,
        0.0005036517704083403,
        0.00387000029902466,
        2.3945910578297072e-05,
        0.9951385181170751
      ],
      [
        0.9123676852349593,
        0.0008535598693199851,
        0.018008725243099474,
        0.007353537396037228,
        0.06141649225658413
      ],
      [
        6.74523442150424e-07,
        6.807272815953104e-05,
        6.878281722520337e-05,
        5.311038398863122e-07,
        0.9998619388273332
      ],
      [
        0.014418145902200785,
        0.0005631105289680792,
        6.21974911759571e-08,
        0.962105011773069,
        0.022913669598270955
      ],
      [
        0.03501148287916212,
        0.9573059897331518,
        8.748838077259024e-05,
        0.000404158298380423,
        0.0071908807085330475
      ],
      [
        0.1463947733880351,
        0.8324536225138168,
        0.015360462880097426,
        0.0022052032915452708,
        0.003585937926505331
      ],
      [
        0.0001758442933623152,
        0.21230850749263355,
        3.335684093336666e-07,
        0.7867282203885693,
        0.0007870942570254234
      ],
      [
        0.8650751202863457,
        0.0016596754535668215,
        0.13151025668098965,
        0.0001994537060740152,
        0.0015554938730238262
      ],
      [
        0.0004930231009922126,
        0.6953773967546507,
        0.0001394586253922176,
        0.30375697211909425,
        0.00023314939987066548
      ],
      [
        0.0036312456220171617,
        0.9310763329783261,
        5.531214397591831e-05,
        0.06514010447453988,
        9.700478114079656e-05
      ],
      [
        0.38687906625069896,
        0.25165194080368,
        0.05125492878446509,
        0.30718730235263414,
        0.003026761808521866
      ],
      [
        0.08856194253873124,
        0.0005321954641439676,
        0.7462890506964132,
        0.16444983792594636,
        0.00016697337476526342
      ],
      [
        0.7598971955112378,
        0.0038775703061675352,
        0.015035514513885132,
        0.0008981457513146637,
        0.22029157391739493
      ],
      [
        5.848159827767702e-06,
        0.0019177708531363392,
        1.0454476114496053e-05,
        1.142772717905816e-06,
        0.9980647837382035
      ],
      [
        0.0010789313826147448,
        0.17140621423574642,
        0.00020261870260561524,
        0.009594599978737232,
        0.817717635700296
      ],
      [
        0.09002684317628083,
        0.002647365836914764,
        0.8329136118146389,
        0.07015204734928072,
        0.004260131822884845
      ],
      [
        0.009068490922503527,
        0.017633353704054208,
        2.0258992917848024e-05,
        0.9723138878031999,
        0.0009640085773245327
      ],
      [
        0.859519004077071,
        0.012108726177216339,
        0.1283501310009039,
        7.964585191939054e-06,
        1.4174159616742937e-05
      ],
      [
        0.002726898592009538,
        0.4053621539323411,
        0.14873242245267876,
        0.16640000065798383,
        0.27677852436498684
      ],
      [
        0.015095715970906596,
        0.021543827147655837,
        0.0261217498310347,
        0.019712157929356256,
        0.9175265491210467
      ],
      [
        0.004761771533443959,
        0.020408468644646138,
        0.020426898466256744,
        0.8981376478433419,
        0.056265213512311237
      ],
      [
        0.608138104296733,
        0.011344876905245391,
        0.1932943616745181,
        0.0011325397467209799,
        0.18609011737678238
      ],
      [
        0.14928957882523597,
        0.791299525858666,
        0.050450260838396856,
        0.007199178455326359,
        0.0017614560223746729
      ],
      [
        0.950940615116642,
        0.00019490182187116697,
        0.0025820985364840374,
        0.0010678539507384538,
        0.04521453057426453
      ]
    ],
    "predictions": [
      3,
      0,
      3,
      2,
      2,
      1,
      4,
      3,
      0,
      3,
      2,
      3,
      1,
      3,
      3,
      3,
      1,
      3,
      4,
      2,
      4,
      3,
      0,
      4,
      4,
      4,
      4,
      0,
      4,
      3,
      1,
      1,
      3,
      0,
      1,
      1,
      0,
      2,
      0,
      4,
      4,
      2,
      3,
      0,
      1,
      4,
      3,
      0,
      1,
      0
    ],
    "true_labels": [
      1,
      0,
      3,
      2,
      2,
      1,
      0,
      2,
      4,
      0,
      2,
      3,
      1,
      2,
      3,
      2,
      1,
      3,
      4,
      3,
      4,
      1,
      0,
      4,
      0,
      4,
      4,
      0,
      4,
      0,
      1,
      1,
      1,
      2,
      3,
      1,
      3,
      2,
      0,
      4,
      4,
      2,
      3,
      0,
      3,
      2,
      4,
      3,
      1,
      0
    ],
    "patient_ids": [
      "patient101",
      "patient102",
      "patient103",
      "patient104",
      "patient105",
      "patient106",
      "patient107",
      "patient108",
      "patient109",
      "patient110",
      "patient111",
      "patient112",
      "patient113",
      "patient114",
      "patient115",
      "patient116",
      "patient117",
      "patient118",
      "patient119",
      "patient120",
      "patient121",
      "patient122",
      "patient123",
      "patient124",
      "patient125",
      "patient126",
      "patient127",
      "patient128",
      "patient129",
      "patient130",
      "patient131",
      "patient132",
      "patient133",
      "patient134",
      "patient135",
      "patient136",
      "patient137",
      "patient138",
      "patient139",
      "patient140",
      "patient141",
      "patient142",
      "patient143",
      "patient144",
      "patient145",
      "patient146",
      "patient147",
      "patient148",
      "patient149",
      "patient150"
    ]
  },
  "roc_auc": {
    "macro_auc": 0.8674999999999999,
    "per_class_auc": {
      "NOR": 0.77,
      "DCM": 0.965,
      "HCM": 0.9075,
      "MINF": 0.7825,
      "RV": 0.9125
    }
  },
  "binary": {
    "accuracy": 0.86,
    "f1": 0.9135802469135802,
    "sensitivity": 0.925,
    "specificity": 0.6,
    "roc_auc": 0.77,
    "binary_labels": [
      1,
      0,
      1,
      1,
      1,
      1,
      0,
      1,
      1,
      0,
      1,
      1,
      1,
      1,
      1,
      1,
      1,
      1,
      1,
      1,
      1,
      1,
      0,
      1,
      0,
      1,
      1,
      0,
      1,
      0,
      1,
      1,
      1,
      1,
      1,
      1,
      1,
      1,
      0,
      1,
      1,
      1,
      1,
      0,
      1,
      1,
      1,
      1,
      1,
      0
    ],
    "binary_probs": [
      0.8023513285779178,
      0.47165696679285884,
      0.9989015923733954,
      0.9846262803457855,
      0.7652482383593316,
      0.9881228976635252,
      0.9733880397046426,
      0.9830563291358562,
      0.10712075913725516,
      0.9943527599776446,
      0.9981915159087552,
      0.9977589409966988,
      0.9993151395566063,
      0.967916040637109,
      0.9861058472750903,
      0.8557193868524601,
      0.8626169612469028,
      0.9981802382463062,
      0.9999948673964278,
      0.9730462695697452,
      0.9535594219015182,
      0.9989062934507088,
      0.45524052545196747,
      0.9739150459308972,
      0.9933499161968459,
      0.9999845763849293,
      0.9995361160970865,
      0.08763231476504074,
      0.9999993254765579,
      0.9855818540977992,
      0.9649885171208379,
      0.8536052266119649,
      0.9998241557066376,
      0.1349248797136543,
      0.9995069768990078,
      0.9963687543779829,
      0.6131209337493011,
      0.9114380574612687,
      0.2401028044887622,
      0.9999941518401723,
      0.9989210686173853,
      0.9099731568237192,
      0.9909315090774965,
      0.14048099592292895,
      0.9972731014079904,
      0.9849042840290934,
      0.9952382284665561,
      0.391861895703267,
      0.850710421174764,
      0.04905938488335804
    ]
  }
}
