{
  "config": {
    "backbone": "dinov3",
    "model_name": "dinov3_vitb16",
    "eval_mode": "logreg",
    "freeze_backbone": true,
    "pooling": "cls",
    "embed_dim": 768,
    "best_hyperparam": 0.17782793939113617,
    "hyperparam_name": "C"
  },
  "sweep_results": [
    {
      "param_value": 9.999999974752427e-07,
      "mean_cv_acc": 0.34,
      "std_cv_acc": 0.11135528725660045
    },
    {
      "param_value": 1.7782793975129607e-06,
      "mean_cv_acc": 0.34,
      "std_cv_acc": 0.11135528725660045
    },
    {
      "param_value": 3.1622776077711023e-06,
      "mean_cv_acc": 0.34,
      "std_cv_acc": 0.11135528725660045
    },
    {
      "param_value": 5.6234130170196295e-06,
      "mean_cv_acc": 0.34,
      "std_cv_acc": 0.11135528725660045
    },
    {
      "param_value": 9.999999747378752e-06,
      "mean_cv_acc": 0.34,
      "std_cv_acc": 0.11135528725660045
    },
    {
      "param_value": 1.778279329300858e-05,
      "mean_cv_acc": 0.34,
      "std_cv_acc": 0.11135528725660045
    },
    {
      "param_value": 3.162277789670043e-05,
      "mean_cv_acc": 0.34,
      "std_cv_acc": 0.11135528725660045
    },
    {
      "param_value": 5.62341338081751e-05,
      "mean_cv_acc": 0.35000000000000003,
      "std_cv_acc": 0.11180339887498948
    },
    {
      "param_value": 9.999999747378752e-05,
      "mean_cv_acc": 0.35000000000000003,
      "std_cv_acc": 0.11180339887498948
    },
    {
      "param_value": 0.00017782794020604342,
      "mean_cv_acc": 0.35000000000000003,
      "std_cv_acc": 0.11180339887498948
    },
    {
      "param_value": 0.0003162277571391314,
      "mean_cv_acc": 0.38,
      "std_cv_acc": 0.11661903789690602
    },
    {
      "param_value": 0.000562341301701963,
      "mean_cv_acc": 0.4,
      "std_cv_acc": 0.11832159566199232
    },
    {
      "param_value": 0.0010000000474974513,
      "mean_cv_acc": 0.43000000000000005,
      "std_cv_acc": 0.1268857754044952
    },
    {
      "param_value": 0.0017782794311642647,
      "mean_cv_acc": 0.45,
      "std_cv_acc": 0.15
    },
    {
      "param_value": 0.003162277629598975,
      "mean_cv_acc": 0.43999999999999995,
      "std_cv_acc": 0.16248076809271922
    },
    {
      "param_value": 0.005623413249850273,
      "mean_cv_acc": 0.44000000000000006,
      "std_cv_acc": 0.17999999999999997
    },
    {
      "param_value": 0.009999999776482582,
      "mean_cv_acc": 0.47000000000000003,
      "std_cv_acc": 0.19519221295943134
    },
    {
      "param_value": 0.017782794311642647,
      "mean_cv_acc": 0.47000000000000003,
      "std_cv_acc": 0.19519221295943134
    },
    {
      "param_value": 0.03162277489900589,
      "mean_cv_acc": 0.47000000000000003,
      "std_cv_acc": 0.19519221295943134
    },
    {
      "param_value": 0.05623413249850273,
      "mean_cv_acc": 0.48,
      "std_cv_acc": 0.1777638883463118
    },
    {
      "param_value": 0.10000000149011612,
      "mean_cv_acc": 0.5,
      "std_cv_acc": 0.15491933384829668
    },
    {
      "param_value": 0.17782793939113617,
      "mean_cv_acc": 0.51,
      "std_cv_acc": 0.1445683229480096
    },
    {
      "param_value": 0.3162277638912201,
      "mean_cv_acc": 0.51,
      "std_cv_acc": 0.1445683229480096
    },
    {
      "param_value": 0.5623413324356079,
      "mean_cv_acc": 0.51,
      "std_cv_acc": 0.1445683229480096
    },
    {
      "param_value": 1.0,
      "mean_cv_acc": 0.51,
      "std_cv_acc": 0.1445683229480096
    },
    {
      "param_value": 1.778279423713684,
      "mean_cv_acc": 0.51,
      "std_cv_acc": 0.1445683229480096
    },
    {
      "param_value": 3.1622776985168457,
      "mean_cv_acc": 0.51,
      "std_cv_acc": 0.1445683229480096
    },
    {
      "param_value": 5.6234130859375,
      "mean_cv_acc": 0.5,
      "std_cv_acc": 0.15491933384829668
    },
    {
      "param_value": 10.0,
      "mean_cv_acc": 0.5,
      "std_cv_acc": 0.15491933384829668
    },
    {
      "param_value": 17.782794952392578,
      "mean_cv_acc": 0.5,
      "std_cv_acc": 0.15491933384829668
    },
    {
      "param_value": 31.62277603149414,
      "mean_cv_acc": 0.5,
      "std_cv_acc": 0.15491933384829668
    },
    {
      "param_value": 56.234130859375,
      "mean_cv_acc": 0.5,
      "std_cv_acc": 0.15491933384829668
    },
    {
      "param_value": 100.0,
      "mean_cv_acc": 0.5,
      "std_cv_acc": 0.15491933384829668
    },
    {
      "param_value": 177.82794189453125,
      "mean_cv_acc": 0.5,
      "std_cv_acc": 0.15491933384829668
    },
    {
      "param_value": 316.2277526855469,
      "mean_cv_acc": 0.5,
      "std_cv_acc": 0.15491933384829668
    },
    {
      "param_value": 562.34130859375,
      "mean_cv_acc": 0.5,
      "std_cv_acc": 0.15491933384829668
    },
    {
      "param_value": 1000.0,
      "mean_cv_acc": 0.5,
      "std_cv_acc": 0.15491933384829668
    },
    {
      "param_value": 1778.2794189453125,
      "mean_cv_acc": 0.5,
      "std_cv_acc": 0.15491933384829668
    },
    {
      "param_value": 3162.277587890625,
      "mean_cv_acc": 0.5,
      "std_cv_acc": 0.15491933384829668
    },
    {
      "param_value": 5623.4130859375,
      "mean_cv_acc": 0.5,
      "std_cv_acc": 0.15491933384829668
    },
    {
      "param_value": 10000.0,
      "mean_cv_acc": 0.49000000000000005,
      "std_cv_acc": 0.16999999999999998
    },
    {
      "param_value": 17782.794921875,
      "mean_cv_acc": 0.49000000000000005,
      "std_cv_acc": 0.16999999999999998
    },
    {
      "param_value": 31622.77734375,
      "mean_cv_acc": 0.5,
      "std_cv_acc": 0.16733200530681513
    },
    {
      "param_value": 56234.1328125,
      "mean_cv_acc": 0.5,
      "std_cv_acc": 0.16733200530681513
    },
    {
      "param_value": 100000.0,
      "mean_cv_acc": 0.5,
      "std_cv_acc": 0.16733200530681513
    }
  ],
  "five_way": {
    "accuracy": 0.58,
    "macro_f1": 0.5686041083099906,
    "macro_sensitivity": 0.58,
    "macro_specificity": 0.8949999999999999,
    "per_class_sensitivity": {
      "NOR": 0.3,
      "DCM": 0.5,
      "HCM": 0.5,
      "MINF": 0.9,
      "RV": 0.7
    },
    "per_class_specificity": {
      "NOR": 0.9,
      "DCM": 0.925,
      "HCM": 0.975,
      "MINF": 0.775,
      "RV": 0.9
    },
    "confusion_matrix": [
      [
        3,
        0,
        1,
        2,
        4
      ],
      [
        1,
        5,
        0,
        4,
        0
      ],
      [
        1,
        1,
        5,
        3,
        0
      ],
      [
        0,
        1,
        0,
        9,
        0
      ],
      [
        2,
        1,
        0,
        0,
        7
      ]
    ],
    "classification_report": {
      "NOR": {
        "precision": 0.42857142857142855,
        "recall": 0.3,
        "f1-score": 0.35294117647058826,
        "support": 10.0
      },
      "DCM": {
        "precision": 0.625,
        "recall": 0.5,
        "f1-score": 0.5555555555555556,
        "support": 10.0
      },
      "HCM": {
        "precision": 0.8333333333333334,
        "recall": 0.5,
        "f1-score": 0.625,
        "support": 10.0
      },
      "MINF": {
        "precision": 0.5,
        "recall": 0.9,
        "f1-score": 0.6428571428571429,
        "support": 10.0
      },
      "RV": {
        "precision": 0.6363636363636364,
        "recall": 0.7,
        "f1-score": 0.6666666666666666,
        "support": 10.0
      },
      "accuracy": 0.58,
      "macro avg": {
        "precision": 0.6046536796536797,
        "recall": 0.5800000000000001,
        "f1-score": 0.5686041083099906,
        "support": 50.0
      },
      "weighted avg": {
        "precision": 0.6046536796536797,
        "recall": 0.58,
        "f1-score": 0.5686041083099905,
        "support": 50.0
      }
    },
    "probabilities": [
      [
        0.03458645512699843,
        0.1427844798289219,
        0.001052956774095819,
        0.819584190066488,
        0.0019919182034958786
      ],
      [
        0.17205894252723844,
        0.056953873750243064,
        0.4172310222937246,
        0.004517063097796003,
        0.3492390983309978
      ],
      [
        0.011829194878740904,
        0.06558953816720979,
        0.022489210877538877,
        0.8969129999066253,
        0.003179056169885208
      ],
      [
        0.032988611703875355,
        0.002343391180670643,
        0.907611141806394,
        0.0026455014346727615,
        0.05441135387438732
      ],
      [
        0.09878784201176778,
        0.06381831041745119,
        0.7436874718524044,
        0.02687356541350653,
        0.06683281030487018
      ],
      [
        0.00284942418567246,
        0.9392914760290755,
        0.00012167213562488312,
        0.011065202283140186,
        0.04667222536648688
      ],
      [
        0.19906506740271604,
        0.007817932043382683,
        0.00040322502478133237,
        0.06842562929077303,
        0.7242881462383469
      ],
      [
        0.04399613939618593,
        0.08358894220301696,
        0.10288736425053922,
        0.6719112482324211,
        0.09761630591783668
      ],
      [
        0.9412930326220118,
        0.010899911691093288,
        0.000518788784092824,
        0.04071409704958659,
        0.006574169853215712
      ],
      [
        0.449243305680338,
        0.0012760879034061008,
        0.0029819132167666017,
        0.39781353802567687,
        0.1486851551738125
      ],
      [
        0.14970152437645567,
        0.004349077549923598,
        0.5753478900114591,
        0.27006448157193924,
        0.0005370264902223544
      ],
      [
        0.008272523418307668,
        0.1553981076887961,
        0.005370626162463775,
        0.7671054621578282,
        0.0638532805726043
      ],
      [
        0.011861417252160524,
        0.2961427387630144,
        0.001261089712603071,
        0.6843738118394752,
        0.006360942432746769
      ],
      [
        0.03445241691298909,
        0.020983367138711864,
        0.09699856095681086,
        0.5841306080797165,
        0.2634350469117717
      ],
      [
        0.08359567701308519,
        0.7555089269088336,
        0.0423284511598521,
        0.0891930517387912,
        0.029373893179437813
      ],
      [
        0.048277564811332996,
        0.03591766358886593,
        0.16149337023034865,
        0.6894092624580697,
        0.06490213891138277
      ],
      [
        0.0324048617629987,
        0.31541053010683845,
        0.001244027450144776,
        0.6418135414814358,
        0.009127039198582326
      ],
      [
        0.009129157958826175,
        0.010129082736501436,
        0.0026729660324610036,
        0.9733556656180525,
        0.0047131276541587845
      ],
      [
        0.002157270351671258,
        0.003829703401955239,
        0.00019493926585431316,
        0.00015441825207355493,
        0.9936636687284457
      ],
      [
        0.08042785641068126,
        0.03968476060641347,
        0.0670076834363386,
        0.7915548067807431,
        0.021324892765823562
      ],
      [
        0.6053046569869233,
        0.033466100310775,
        0.0010290329678758088,
        0.1394955943168758,
        0.22070461541755007
      ],
      [
        0.0008537780420971833,
        0.8836027997196743,
        0.0008627536126628759,
        0.03734958450607791,
        0.07733108411948768
      ],
      [
        0.39918341838246074,
        0.023948065417354433,
        0.011283088564592729,
        0.5437642113235372,
        0.02182121631205495
      ],
      [
        0.11882540073975895,
        0.0003235447595676273,
        0.003943864747840507,
        0.008862924159457525,
        0.8680442655933754
      ],
      [
        0.5866217617931248,
        0.0035525453868590472,
        0.0020041928527062326,
        0.007117598034665211,
        0.4007039019326447
      ],
      [
        0.008684800246838436,
        0.004075617752959329,
        0.027409887208212413,
        0.01081344734169972,
        0.9490162474502902
      ],
      [
        0.0044974087094983625,
        0.012936791925490554,
        0.0054812327096315115,
        0.003507753415411039,
        0.9735768132399685
      ],
      [
        0.33301309983192584,
        0.05890522596992551,
        0.018987505164078527,
        0.020435603224167712,
        0.5686585658099024
      ],
      [
        0.00036450364980967077,
        0.0017371774639429254,
        0.00017705038602878573,
        0.00033484451154371233,
        0.9973864239886748
      ],
      [
        0.17482097620461434,
        0.04237745029450385,
        0.0008480715722226899,
        0.7619663231668862,
        0.01998717876177294
      ],
      [
        0.7348839157070292,
        0.22662238474609445,
        0.00011106614886879976,
        0.03340508833635693,
        0.004977545061650848
      ],
      [
        0.025499047563923224,
        0.9500113790389614,
        0.000640889696558034,
        0.020055844916918347,
        0.0037928387836390393
      ],
      [
        0.00916287005603976,
        0.6910833525342809,
        0.00030694193916886266,
        0.27793952080848416,
        0.021507314662026416
      ],
      [
        0.8766422187475746,
        0.025178797621386344,
        0.05189832438896773,
        0.003143076426272619,
        0.04313758281579874
      ],
      [
        0.007538289909451924,
        0.14512731718058497,
        0.00019503919978362515,
        0.822045708401578,
        0.0250936453086015
      ],
      [
        0.057713674244766706,
        0.3244232169971866,
        0.004915776102719111,
        0.5722767500754395,
        0.04067058257988797
      ],
      [
        0.1201042494398344,
        0.07687696212662046,
        0.02685516490785797,
        0.6333313376363191,
        0.14283228588936805
      ],
      [
        0.003653135254790946,
        0.006576135403879899,
        0.6342632768670783,
        0.3512755264747435,
        0.004231925999507356
      ],
      [
        0.08120765920917235,
        0.0809516440366803,
        0.04303384131060437,
        0.023436548789816387,
        0.7713703066537266
      ],
      [
        0.0011028921140121774,
        0.06343354467835768,
        0.0030310331683506843,
        0.0005116855113679048,
        0.9319208445279115
      ],
      [
        0.005457962863562294,
        0.36398918782373224,
        0.0010554955029769457,
        0.026537642549866212,
        0.6029597112598623
      ],
      [
        0.017227619605206267,
        0.030646277241010246,
        0.9424813335302166,
        0.0025096698818496722,
        0.007135099741717178
      ],
      [
        0.0028263860913354893,
        0.02206075564558797,
        0.0009657502927088445,
        0.9732017544942072,
        0.0009453534761603605
      ],
      [
        0.9618913297841881,
        0.0093823089642103,
        0.028262759847186462,
        7.728980065183713e-05,
        0.000386311603763243
      ],
      [
        0.08732346577101391,
        0.06132756020502283,
        0.23261722813675345,
        0.5038168218099264,
        0.11491492407728335
      ],
      [
        0.013171710558020171,
        0.4705154716577709,
        0.026624550753813505,
        0.398647915613753,
        0.09104035141664239
      ],
      [
        0.03788828547766024,
        0.45895204379172977,
        0.00364825591451893,
        0.23828233892217676,
        0.2612290758939143
      ],
      [
        0.0738969822095555,
        0.07841163536988428,
        0.07191113849431889,
        0.5486224076045437,
        0.22715783632169761
      ],
      [
        0.18621272353695598,
        0.7822200171285792,
        0.02047574117319462,
        0.0037861451261059953,
        0.007305373035163925
      ],
      [
        0.026459008857214972,
        8.550438051950607e-05,
        0.0129110149240447,
        0.00040906473332532906,
        0.9601354071048955
      ]
    ],
    "predictions": [
      3,
      2,
      3,
      2,
      2,
      1,
      4,
      3,
      0,
      0,
      2,
      3,
      3,
      3,
      1,
      3,
      3,
      3,
      4,
      3,
      0,
      1,
      3,
      4,
      0,
      4,
      4,
      4,
      4,
      3,
      0,
      1,
      1,
      0,
      3,
      3,
      3,
      2,
      4,
      4,
      4,
      2,
      3,
      0,
      3,
      1,
      1,
      3,
      1,
      4
    ],
    "true_labels": [
      1,
      0,
      3,
      2,
      2,
      1,
      0,
      2,
      4,
      0,
      2,
      3,
      1,
      2,
      3,
      2,
      1,
      3,
      4,
      3,
      4,
      1,
      0,
      4,
      0,
      4,
      4,
      0,
      4,
      0,
      1,
      1,
      1,
      2,
      3,
      1,
      3,
      2,
      0,
      4,
      4,
      2,
      3,
      0,
      3,
      2,
      4,
      3,
      1,
      0
    ],
    "patient_ids": [
      "patient101",
      "patient102",
      "patient103",
      "patient104",
      "patient105",
      "patient106",
      "patient107",
      "patient108",
      "patient109",
      "patient110",
      "patient111",
      "patient112",
      "patient113",
      "patient114",
      "patient115",
      "patient116",
      "patient117",
      "patient118",
      "patient119",
      "patient120",
      "patient121",
      "patient122",
      "patient123",
      "patient124",
      "patient125",
      "patient126",
      "patient127",
      "patient128",
      "patient129",
      "patient130",
      "patient131",
      "patient132",
      "patient133",
      "patient134",
      "patient135",
      "patient136",
      "patient137",
      "patient138",
      "patient139",
      "patient140",
      "patient141",
      "patient142",
      "patient143",
      "patient144",
      "patient145",
      "patient146",
      "patient147",
      "patient148",
      "patient149",
      "patient150"
    ]
  },
  "roc_auc": {
    "macro_auc": 0.9019999999999999,
    "per_class_auc": {
      "NOR": 0.845,
      "DCM": 0.9425,
      "HCM": 0.9525,
      "MINF": 0.8975,
      "RV": 0.8725
    }
  },
  "binary": {
    "accuracy": 0.76,
    "f1": 0.8571428571428571,
    "sensitivity": 0.9,
    "specificity": 0.2,
    "roc_auc": 0.845,
    "binary_labels": [
      1,
      0,
      1,
      1,
      1,
      1,
      0,
      1,
      1,
      0,
      1,
      1,
      1,
      1,
      1,
      1,
      1,
      1,
      1,
      1,
      1,
      1,
      0,
      1,
      0,
      1,
      1,
      0,
      1,
      0,
      1,
      1,
      1,
      1,
      1,
      1,
      1,
      1,
      0,
      1,
      1,
      1,
      1,
      0,
      1,
      1,
      1,
      1,
      1,
      0
    ],
    "binary_probs": [
      0.9654135448730016,
      0.8279410574727616,
      0.9881708051212591,
      0.9670113882961247,
      0.9012121579882322,
      0.9971505758143275,
      0.800934932597284,
      0.956003860603814,
      0.058706967377988195,
      0.550756694319662,
      0.8502984756235443,
      0.9917274765816924,
      0.9881385827478395,
      0.9655475830870109,
      0.9164043229869148,
      0.9517224351886671,
      0.9675951382370013,
      0.9908708420411738,
      0.9978427296483288,
      0.9195721435893187,
      0.39469534301307674,
      0.9991462219579028,
      0.6008165816175393,
      0.8811745992602411,
      0.41337823820687525,
      0.9913151997531615,
      0.9955025912905017,
      0.6669869001680742,
      0.9996354963501903,
      0.8251790237953857,
      0.26511608429297084,
      0.9745009524360768,
      0.9908371299439602,
      0.12335778125242536,
      0.9924617100905481,
      0.9422863257552333,
      0.8798957505601656,
      0.9963468647452091,
      0.9187923407908276,
      0.9988971078859878,
      0.9945420371364377,
      0.9827723803947938,
      0.9971736139086645,
      0.03810867021581188,
      0.9126765342289861,
      0.9868282894419799,
      0.9621117145223398,
      0.9261030177904445,
      0.813787276463044,
      0.973540991142785
    ]
  }
}