{
  "config": {
    "backbone": "dinov3",
    "model_name": "dinov3_vits16",
    "eval_mode": "logreg",
    "freeze_backbone": true,
    "pooling": "gap",
    "embed_dim": 384,
    "best_hyperparam": 1.778279423713684,
    "hyperparam_name": "C"
  },
  "sweep_results": [
    {
      "param_value": 9.999999974752427e-07,
      "mean_cv_acc": 0.39,
      "std_cv_acc": 0.08306623862918075
    },
    {
      "param_value": 1.7782793975129607e-06,
      "mean_cv_acc": 0.39,
      "std_cv_acc": 0.08306623862918075
    },
    {
      "param_value": 3.1622776077711023e-06,
      "mean_cv_acc": 0.39,
      "std_cv_acc": 0.08306623862918075
    },
    {
      "param_value": 5.6234130170196295e-06,
      "mean_cv_acc": 0.39,
      "std_cv_acc": 0.08306623862918075
    },
    {
      "param_value": 9.999999747378752e-06,
      "mean_cv_acc": 0.39,
      "std_cv_acc": 0.08306623862918075
    },
    {
      "param_value": 1.778279329300858e-05,
      "mean_cv_acc": 0.37999999999999995,
      "std_cv_acc": 0.08717797887081347
    },
    {
      "param_value": 3.162277789670043e-05,
      "mean_cv_acc": 0.37,
      "std_cv_acc": 0.09
    },
    {
      "param_value": 5.62341338081751e-05,
      "mean_cv_acc": 0.37,
      "std_cv_acc": 0.09
    },
    {
      "param_value": 9.999999747378752e-05,
      "mean_cv_acc": 0.38999999999999996,
      "std_cv_acc": 0.08306623862918075
    },
    {
      "param_value": 0.00017782794020604342,
      "mean_cv_acc": 0.41,
      "std_cv_acc": 0.10440306508910549
    },
    {
      "param_value": 0.0003162277571391314,
      "mean_cv_acc": 0.42000000000000004,
      "std_cv_acc": 0.13999999999999999
    },
    {
      "param_value": 0.000562341301701963,
      "mean_cv_acc": 0.47000000000000003,
      "std_cv_acc": 0.1268857754044952
    },
    {
      "param_value": 0.0010000000474974513,
      "mean_cv_acc": 0.51,
      "std_cv_acc": 0.10440306508910549
    },
    {
      "param_value": 0.0017782794311642647,
      "mean_cv_acc": 0.52,
      "std_cv_acc": 0.11661903789690602
    },
    {
      "param_value": 0.003162277629598975,
      "mean_cv_acc": 0.52,
      "std_cv_acc": 0.16
    },
    {
      "param_value": 0.005623413249850273,
      "mean_cv_acc": 0.49000000000000005,
      "std_cv_acc": 0.14456832294800961
    },
    {
      "param_value": 0.009999999776482582,
      "mean_cv_acc": 0.5,
      "std_cv_acc": 0.14832396974191325
    },
    {
      "param_value": 0.017782794311642647,
      "mean_cv_acc": 0.53,
      "std_cv_acc": 0.14866068747318506
    },
    {
      "param_value": 0.03162277489900589,
      "mean_cv_acc": 0.51,
      "std_cv_acc": 0.157797338380595
    },
    {
      "param_value": 0.05623413249850273,
      "mean_cv_acc": 0.51,
      "std_cv_acc": 0.16401219466856726
    },
    {
      "param_value": 0.10000000149011612,
      "mean_cv_acc": 0.51,
      "std_cv_acc": 0.16401219466856726
    },
    {
      "param_value": 0.17782793939113617,
      "mean_cv_acc": 0.51,
      "std_cv_acc": 0.16401219466856726
    },
    {
      "param_value": 0.3162277638912201,
      "mean_cv_acc": 0.51,
      "std_cv_acc": 0.16401219466856726
    },
    {
      "param_value": 0.5623413324356079,
      "mean_cv_acc": 0.53,
      "std_cv_acc": 0.16155494421403513
    },
    {
      "param_value": 1.0,
      "mean_cv_acc": 0.53,
      "std_cv_acc": 0.16155494421403513
    },
    {
      "param_value": 1.778279423713684,
      "mean_cv_acc": 0.55,
      "std_cv_acc": 0.18574175621006708
    },
    {
      "param_value": 3.1622776985168457,
      "mean_cv_acc": 0.55,
      "std_cv_acc": 0.18574175621006708
    },
    {
      "param_value": 5.6234130859375,
      "mean_cv_acc": 0.54,
      "std_cv_acc": 0.1907878402833891
    },
    {
      "param_value": 10.0,
      "mean_cv_acc": 0.54,
      "std_cv_acc": 0.1907878402833891
    },
    {
      "param_value": 17.782794952392578,
      "mean_cv_acc": 0.54,
      "std_cv_acc": 0.1907878402833891
    },
    {
      "param_value": 31.62277603149414,
      "mean_cv_acc": 0.54,
      "std_cv_acc": 0.1907878402833891
    },
    {
      "param_value": 56.234130859375,
      "mean_cv_acc": 0.54,
      "std_cv_acc": 0.1907878402833891
    },
    {
      "param_value": 100.0,
      "mean_cv_acc": 0.54,
      "std_cv_acc": 0.1907878402833891
    },
    {
      "param_value": 177.82794189453125,
      "mean_cv_acc": 0.54,
      "std_cv_acc": 0.1907878402833891
    },
    {
      "param_value": 316.2277526855469,
      "mean_cv_acc": 0.55,
      "std_cv_acc": 0.20124611797498107
    },
    {
      "param_value": 562.34130859375,
      "mean_cv_acc": 0.55,
      "std_cv_acc": 0.20124611797498107
    },
    {
      "param_value": 1000.0,
      "mean_cv_acc": 0.55,
      "std_cv_acc": 0.20124611797498107
    },
    {
      "param_value": 1778.2794189453125,
      "mean_cv_acc": 0.54,
      "std_cv_acc": 0.1854723699099141
    },
    {
      "param_value": 3162.277587890625,
      "mean_cv_acc": 0.54,
      "std_cv_acc": 0.1854723699099141
    },
    {
      "param_value": 5623.4130859375,
      "mean_cv_acc": 0.54,
      "std_cv_acc": 0.1854723699099141
    },
    {
      "param_value": 10000.0,
      "mean_cv_acc": 0.54,
      "std_cv_acc": 0.1854723699099141
    },
    {
      "param_value": 17782.794921875,
      "mean_cv_acc": 0.54,
      "std_cv_acc": 0.1854723699099141
    },
    {
      "param_value": 31622.77734375,
      "mean_cv_acc": 0.53,
      "std_cv_acc": 0.1734935157289747
    },
    {
      "param_value": 56234.1328125,
      "mean_cv_acc": 0.53,
      "std_cv_acc": 0.1734935157289747
    },
    {
      "param_value": 100000.0,
      "mean_cv_acc": 0.53,
      "std_cv_acc": 0.1734935157289747
    }
  ],
  "five_way": {
    "accuracy": 0.48,
    "macro_f1": 0.476,
    "macro_sensitivity": 0.48,
    "macro_specificity": 0.8699999999999999,
    "per_class_sensitivity": {
      "NOR": 0.4,
      "DCM": 0.5,
      "HCM": 0.3,
      "MINF": 0.6,
      "RV": 0.6
    },
    "per_class_specificity": {
      "NOR": 0.85,
      "DCM": 0.875,
      "HCM": 0.95,
      "MINF": 0.775,
      "RV": 0.9
    },
    "confusion_matrix": [
      [
        4,
        1,
        1,
        2,
        2
      ],
      [
        0,
        5,
        0,
        4,
        1
      ],
      [
        3,
        1,
        3,
        3,
        0
      ],
      [
        0,
        2,
        1,
        6,
        1
      ],
      [
        3,
        1,
        0,
        0,
        6
      ]
    ],
    "classification_report": {
      "NOR": {
        "precision": 0.4,
        "recall": 0.4,
        "f1-score": 0.4,
        "support": 10.0
      },
      "DCM": {
        "precision": 0.5,
        "recall": 0.5,
        "f1-score": 0.5,
        "support": 10.0
      },
      "HCM": {
        "precision": 0.6,
        "recall": 0.3,
        "f1-score": 0.4,
        "support": 10.0
      },
      "MINF": {
        "precision": 0.4,
        "recall": 0.6,
        "f1-score": 0.48,
        "support": 10.0
      },
      "RV": {
        "precision": 0.6,
        "recall": 0.6,
        "f1-score": 0.6,
        "support": 10.0
      },
      "accuracy": 0.48,
      "macro avg": {
        "precision": 0.5,
        "recall": 0.48,
        "f1-score": 0.476,
        "support": 50.0
      },
      "weighted avg": {
        "precision": 0.5,
        "recall": 0.48,
        "f1-score": 0.47600000000000003,
        "support": 50.0
      }
    },
    "probabilities": [
      [
        0.028747481137876882,
        0.12818837394997412,
        0.0017952292554710904,
        0.8408070975568461,
        0.0004618180998317682
      ],
      [
        0.028064449860004902,
        0.06517622568711254,
        0.7562802338099065,
        0.002506368377296712,
        0.14797272226567929
      ],
      [
        0.006196471091489946,
        0.034194566768118426,
        0.011227811674323096,
        0.9482851139021543,
        9.603656391425982e-05
      ],
      [
        0.37304176499961517,
        0.017683325537692102,
        0.4941194048452505,
        0.018279978395087812,
        0.09687552622235444
      ],
      [
        0.23028884256660614,
        0.062423220416391534,
        0.686079823475543,
        0.00526265367124645,
        0.015945459870212664
      ],
      [
        0.03303475554949954,
        0.08694100115500546,
        0.0005024607228146405,
        0.009991991284285684,
        0.8695297912883947
      ],
      [
        0.04471558258932154,
        0.001893200407059235,
        0.0007253817779097742,
        0.8623828010172583,
        0.09028303420845112
      ],
      [
        0.04318957418085228,
        0.1989160066244705,
        0.17622750440099652,
        0.5622124246991087,
        0.019454490094571973
      ],
      [
        0.9998315993449876,
        8.035472562600626e-05,
        1.5062818833639537e-05,
        6.459991879741782e-05,
        8.383191755401064e-06
      ],
      [
        0.754890145775954,
        0.004214720597761024,
        0.00010321541402908246,
        0.021737947176179617,
        0.21905397103607618
      ],
      [
        0.9667350352934074,
        0.0006303687198245062,
        0.001139524554859201,
        0.031486869929706125,
        8.201502202625363e-06
      ],
      [
        0.01523427994617054,
        0.011435040194534795,
        0.00017508583088285555,
        0.9695618256741746,
        0.00359376835423714
      ],
      [
        0.0021175589487950576,
        0.2173961675271085,
        0.00024006690967851854,
        0.779461942018579,
        0.0007842645958388566
      ],
      [
        0.062967716756445,
        0.052361396482940595,
        0.07286211454681528,
        0.7651634870520286,
        0.046645285161770515
      ],
      [
        0.0704253820911526,
        0.14441190811402943,
        0.0038936002742084993,
        0.2352558893888973,
        0.5460132201317122
      ],
      [
        0.0024062885781491092,
        0.039332107939338265,
        0.6457793648080499,
        0.2888737257346244,
        0.023608512939838337
      ],
      [
        0.00013113037196344334,
        0.0019793613815944394,
        1.0361091662612988e-07,
        0.9978479715928531,
        4.143304267226315e-05
      ],
      [
        0.00044503481158373004,
        0.002462005812852218,
        0.0011992529518169907,
        0.9952357017855638,
        0.0006580046381833537
      ],
      [
        0.00019460943061292685,
        0.008737009758258174,
        0.0007947680209487662,
        6.057734151520086e-06,
        0.9902675550560287
      ],
      [
        0.24082373973629165,
        0.0006725628553165177,
        0.27749474618941977,
        0.3246227402108932,
        0.1563862110080789
      ],
      [
        0.8351880513367145,
        6.398654293720856e-05,
        0.00012624735608322377,
        0.1248172745554047,
        0.03980444020886015
      ],
      [
        4.7493246496668686e-05,
        0.967970132590361,
        0.00041165600491269817,
        0.02730506973124264,
        0.004265648426987113
      ],
      [
        0.35526043660400036,
        9.852906000710037e-05,
        0.0013534033361115002,
        0.6412327348255377,
        0.002054896174343289
      ],
      [
        0.6075584805351799,
        0.0004799550824817249,
        0.02197835077088203,
        0.08257612312921188,
        0.2874070904822445
      ],
      [
        0.27281707313928477,
        0.00177467655261066,
        0.017688512508484702,
        0.10991400855751735,
        0.5978057292421025
      ],
      [
        7.250672649176854e-06,
        0.00044367964194227456,
        0.0002879566935991805,
        0.017718317419632822,
        0.9815427955721766
      ],
      [
        0.0007064248125225326,
        0.011201676242051359,
        0.011164278179490752,
        0.0004567815135548087,
        0.9764708392523805
      ],
      [
        0.9419713419321795,
        0.0014708612851107405,
        0.026633318079724962,
        0.007627132659309961,
        0.022297346043674712
      ],
      [
        5.043217831761901e-07,
        7.503865587164803e-06,
        2.9250260499258433e-06,
        5.089766341893746e-06,
        0.9999839770202379
      ],
      [
        0.676702146590346,
        0.005282451150971018,
        0.0001962691692849783,
        0.17994890159659366,
        0.13787023149280442
      ],
      [
        0.029169152464610285,
        0.9302851055492812,
        7.632705857488999e-05,
        0.0175253303643183,
        0.022944084563215485
      ],
      [
        0.3384432348607785,
        0.43966251349298896,
        0.05044167792651529,
        0.16014394825968847,
        0.011308625460028839
      ],
      [
        0.12394083029412367,
        0.8368027146487667,
        1.5397467694530377e-05,
        0.034667864891837874,
        0.004573192697577334
      ],
      [
        0.7785745558359565,
        0.016251136849156245,
        0.1951026978688375,
        0.001843350094378237,
        0.008228259351671569
      ],
      [
        0.002400500070094934,
        0.30300110599789254,
        0.0002340394254691352,
        0.6866889862513295,
        0.0076753682552139
      ],
      [
        0.0068172022227055255,
        0.36018596182678486,
        0.0010338770286807627,
        0.63050458633754,
        0.0014583725842889361
      ],
      [
        0.01630270353100941,
        0.5240590198100391,
        0.007271269150594325,
        0.1750857806838736,
        0.2772812268244835
      ],
      [
        0.01907364811361471,
        0.00109348950639698,
        0.14153549765989207,
        0.8382688805290858,
        2.8484191010407944e-05
      ],
      [
        0.06848840007989833,
        0.50517962894912,
        0.03215658336334034,
        0.03280925885236112,
        0.36136612875528
      ],
      [
        9.050473973357956e-06,
        0.07623456684634902,
        0.00018570912129286407,
        0.00016810489860673492,
        0.9234025686597781
      ],
      [
        2.7479466619629216e-05,
        0.5407412723969452,
        9.307232792489757e-05,
        0.0011539800959987634,
        0.4579841957125115
      ],
      [
        0.8930582728119562,
        0.003385462926738536,
        0.09651362213752038,
        0.006522738034633743,
        0.0005199040891514546
      ],
      [
        0.00014056384110827468,
        8.56344024861945e-05,
        4.16691889900569e-05,
        0.9986986409410062,
        0.0010334916264092748
      ],
      [
        0.9825741867673988,
        0.006928320946474844,
        0.010104422173190157,
        5.6103596084653853e-05,
        0.00033696651685159273
      ],
      [
        0.00964344346864449,
        0.00621854929490893,
        0.5412519243244339,
        0.20636723821007733,
        0.23651884470193538
      ],
      [
        0.0003907357446077672,
        0.9425154475022559,
        0.008323988273158021,
        0.01895393629474682,
        0.029815892185231695
      ],
      [
        0.004927701991679718,
        0.24078051885232168,
        1.785063608499306e-05,
        0.01241491869110432,
        0.7418590098288093
      ],
      [
        0.00707701887992279,
        0.688469028761487,
        0.0362340496993807,
        0.24389313259585182,
        0.024326770063357907
      ],
      [
        0.013496431804736362,
        0.975508545918057,
        0.000478012945279411,
        0.00530606965036048,
        0.005210939681566809
      ],
      [
        5.3071208304197486e-05,
        7.54537742243801e-05,
        0.010986993985676282,
        5.458846462242754e-06,
        0.988879022185333
      ]
    ],
    "predictions": [
      3,
      2,
      3,
      2,
      2,
      4,
      3,
      3,
      0,
      0,
      0,
      3,
      3,
      3,
      4,
      2,
      3,
      3,
      4,
      3,
      0,
      1,
      3,
      0,
      4,
      4,
      4,
      0,
      4,
      0,
      1,
      1,
      1,
      0,
      3,
      3,
      1,
      3,
      1,
      4,
      1,
      0,
      3,
      0,
      2,
      1,
      4,
      1,
      1,
      4
    ],
    "true_labels": [
      1,
      0,
      3,
      2,
      2,
      1,
      0,
      2,
      4,
      0,
      2,
      3,
      1,
      2,
      3,
      2,
      1,
      3,
      4,
      3,
      4,
      1,
      0,
      4,
      0,
      4,
      4,
      0,
      4,
      0,
      1,
      1,
      1,
      2,
      3,
      1,
      3,
      2,
      0,
      4,
      4,
      2,
      3,
      0,
      3,
      2,
      4,
      3,
      1,
      0
    ],
    "patient_ids": [
      "patient101",
      "patient102",
      "patient103",
      "patient104",
      "patient105",
      "patient106",
      "patient107",
      "patient108",
      "patient109",
      "patient110",
      "patient111",
      "patient112",
      "patient113",
      "patient114",
      "patient115",
      "patient116",
      "patient117",
      "patient118",
      "patient119",
      "patient120",
      "patient121",
      "patient122",
      "patient123",
      "patient124",
      "patient125",
      "patient126",
      "patient127",
      "patient128",
      "patient129",
      "patient130",
      "patient131",
      "patient132",
      "patient133",
      "patient134",
      "patient135",
      "patient136",
      "patient137",
      "patient138",
      "patient139",
      "patient140",
      "patient141",
      "patient142",
      "patient143",
      "patient144",
      "patient145",
      "patient146",
      "patient147",
      "patient148",
      "patient149",
      "patient150"
    ]
  },
  "roc_auc": {
    "macro_auc": 0.8280000000000001,
    "per_class_auc": {
      "NOR": 0.7375,
      "DCM": 0.8425,
      "HCM": 0.875,
      "MINF": 0.8525,
      "RV": 0.8325
    }
  },
  "binary": {
    "accuracy": 0.76,
    "f1": 0.85,
    "sensitivity": 0.85,
    "specificity": 0.4,
    "roc_auc": 0.7375,
    "binary_labels": [
      1,
      0,
      1,
      1,
      1,
      1,
      0,
      1,
      1,
      0,
      1,
      1,
      1,
      1,
      1,
      1,
      1,
      1,
      1,
      1,
      1,
      1,
      0,
      1,
      0,
      1,
      1,
      0,
      1,
      0,
      1,
      1,
      1,
      1,
      1,
      1,
      1,
      1,
      0,
      1,
      1,
      1,
      1,
      0,
      1,
      1,
      1,
      1,
      1,
      0
    ],
    "binary_probs": [
      0.9712525188621232,
      0.9719355501399951,
      0.9938035289085101,
      0.6269582350003848,
      0.7697111574333939,
      0.9669652444505005,
      0.9552844174106785,
      0.9568104258191478,
      0.00016840065501244617,
      0.24510985422404596,
      0.03326496470659257,
      0.9847657200538295,
      0.9978824410512049,
      0.937032283243555,
      0.9295746179088474,
      0.9975937114218509,
      0.9998688696280366,
      0.9995549651884162,
      0.9998053905693871,
      0.7591762602637083,
      0.16481194866328552,
      0.9999525067535033,
      0.6447395633959996,
      0.3924415194648201,
      0.7271829268607153,
      0.9999927493273508,
      0.9992935751874774,
      0.05802865806782054,
      0.9999994956782168,
      0.323297853409654,
      0.9708308475353897,
      0.6615567651392216,
      0.8760591697058764,
      0.22142544416404353,
      0.997599499929905,
      0.9931827977772945,
      0.9836972964689906,
      0.9809263518863853,
      0.9315115999201017,
      0.9999909495260266,
      0.9999725205333804,
      0.10694172718804384,
      0.9998594361588917,
      0.017425813232601173,
      0.9903565565313555,
      0.9996092642553922,
      0.9950722980083203,
      0.9929229811200773,
      0.9865035681952636,
      0.9999469287916958
    ]
  }
}
