{
  "config": {
    "backbone": "sam",
    "model_name": "sam_vit_base",
    "eval_mode": "logreg",
    "freeze_backbone": true,
    "pooling": "gap",
    "embed_dim": 768,
    "best_hyperparam": 0.03162277489900589,
    "hyperparam_name": "C"
  },
  "sweep_results": [
    {
      "param_value": 9.999999974752427e-07,
      "mean_cv_acc": 0.32999999999999996,
      "std_cv_acc": 0.07810249675906655
    },
    {
      "param_value": 1.7782793975129607e-06,
      "mean_cv_acc": 0.32999999999999996,
      "std_cv_acc": 0.07810249675906655
    },
    {
      "param_value": 3.1622776077711023e-06,
      "mean_cv_acc": 0.31999999999999995,
      "std_cv_acc": 0.07483314773547883
    },
    {
      "param_value": 5.6234130170196295e-06,
      "mean_cv_acc": 0.31999999999999995,
      "std_cv_acc": 0.07483314773547883
    },
    {
      "param_value": 9.999999747378752e-06,
      "mean_cv_acc": 0.32999999999999996,
      "std_cv_acc": 0.1004987562112089
    },
    {
      "param_value": 1.778279329300858e-05,
      "mean_cv_acc": 0.32999999999999996,
      "std_cv_acc": 0.1004987562112089
    },
    {
      "param_value": 3.162277789670043e-05,
      "mean_cv_acc": 0.32999999999999996,
      "std_cv_acc": 0.1004987562112089
    },
    {
      "param_value": 5.62341338081751e-05,
      "mean_cv_acc": 0.32999999999999996,
      "std_cv_acc": 0.1004987562112089
    },
    {
      "param_value": 9.999999747378752e-05,
      "mean_cv_acc": 0.32999999999999996,
      "std_cv_acc": 0.10049875621120889
    },
    {
      "param_value": 0.00017782794020604342,
      "mean_cv_acc": 0.33999999999999997,
      "std_cv_acc": 0.11135528725660045
    },
    {
      "param_value": 0.0003162277571391314,
      "mean_cv_acc": 0.34,
      "std_cv_acc": 0.10198039027185571
    },
    {
      "param_value": 0.000562341301701963,
      "mean_cv_acc": 0.33999999999999997,
      "std_cv_acc": 0.09165151389911681
    },
    {
      "param_value": 0.0010000000474974513,
      "mean_cv_acc": 0.37,
      "std_cv_acc": 0.1268857754044952
    },
    {
      "param_value": 0.0017782794311642647,
      "mean_cv_acc": 0.42000000000000004,
      "std_cv_acc": 0.15362291495737215
    },
    {
      "param_value": 0.003162277629598975,
      "mean_cv_acc": 0.43,
      "std_cv_acc": 0.17349351572897473
    },
    {
      "param_value": 0.005623413249850273,
      "mean_cv_acc": 0.4699999999999999,
      "std_cv_acc": 0.1345362404707371
    },
    {
      "param_value": 0.009999999776482582,
      "mean_cv_acc": 0.4699999999999999,
      "std_cv_acc": 0.1345362404707371
    },
    {
      "param_value": 0.017782794311642647,
      "mean_cv_acc": 0.4999999999999999,
      "std_cv_acc": 0.14832396974191325
    },
    {
      "param_value": 0.03162277489900589,
      "mean_cv_acc": 0.5,
      "std_cv_acc": 0.15491933384829665
    },
    {
      "param_value": 0.05623413249850273,
      "mean_cv_acc": 0.5,
      "std_cv_acc": 0.15491933384829665
    },
    {
      "param_value": 0.10000000149011612,
      "mean_cv_acc": 0.48,
      "std_cv_acc": 0.15362291495737213
    },
    {
      "param_value": 0.17782793939113617,
      "mean_cv_acc": 0.48,
      "std_cv_acc": 0.16613247725836147
    },
    {
      "param_value": 0.3162277638912201,
      "mean_cv_acc": 0.49000000000000005,
      "std_cv_acc": 0.15132745950421556
    },
    {
      "param_value": 0.5623413324356079,
      "mean_cv_acc": 0.49000000000000005,
      "std_cv_acc": 0.15132745950421556
    },
    {
      "param_value": 1.0,
      "mean_cv_acc": 0.48,
      "std_cv_acc": 0.14696938456699069
    },
    {
      "param_value": 1.778279423713684,
      "mean_cv_acc": 0.48,
      "std_cv_acc": 0.14696938456699069
    },
    {
      "param_value": 3.1622776985168457,
      "mean_cv_acc": 0.48,
      "std_cv_acc": 0.14696938456699069
    },
    {
      "param_value": 5.6234130859375,
      "mean_cv_acc": 0.48,
      "std_cv_acc": 0.14696938456699069
    },
    {
      "param_value": 10.0,
      "mean_cv_acc": 0.48,
      "std_cv_acc": 0.14696938456699069
    },
    {
      "param_value": 17.782794952392578,
      "mean_cv_acc": 0.49000000000000005,
      "std_cv_acc": 0.15132745950421556
    },
    {
      "param_value": 31.62277603149414,
      "mean_cv_acc": 0.49000000000000005,
      "std_cv_acc": 0.15132745950421556
    },
    {
      "param_value": 56.234130859375,
      "mean_cv_acc": 0.49000000000000005,
      "std_cv_acc": 0.15132745950421556
    },
    {
      "param_value": 100.0,
      "mean_cv_acc": 0.49000000000000005,
      "std_cv_acc": 0.15132745950421556
    },
    {
      "param_value": 177.82794189453125,
      "mean_cv_acc": 0.49000000000000005,
      "std_cv_acc": 0.15132745950421556
    },
    {
      "param_value": 316.2277526855469,
      "mean_cv_acc": 0.49000000000000005,
      "std_cv_acc": 0.15132745950421556
    },
    {
      "param_value": 562.34130859375,
      "mean_cv_acc": 0.49000000000000005,
      "std_cv_acc": 0.15132745950421556
    },
    {
      "param_value": 1000.0,
      "mean_cv_acc": 0.49000000000000005,
      "std_cv_acc": 0.15132745950421556
    },
    {
      "param_value": 1778.2794189453125,
      "mean_cv_acc": 0.49000000000000005,
      "std_cv_acc": 0.15132745950421556
    },
    {
      "param_value": 3162.277587890625,
      "mean_cv_acc": 0.49000000000000005,
      "std_cv_acc": 0.15132745950421556
    },
    {
      "param_value": 5623.4130859375,
      "mean_cv_acc": 0.49000000000000005,
      "std_cv_acc": 0.15132745950421556
    },
    {
      "param_value": 10000.0,
      "mean_cv_acc": 0.49000000000000005,
      "std_cv_acc": 0.15132745950421556
    },
    {
      "param_value": 17782.794921875,
      "mean_cv_acc": 0.49000000000000005,
      "std_cv_acc": 0.15132745950421556
    },
    {
      "param_value": 31622.77734375,
      "mean_cv_acc": 0.49000000000000005,
      "std_cv_acc": 0.15132745950421556
    },
    {
      "param_value": 56234.1328125,
      "mean_cv_acc": 0.49000000000000005,
      "std_cv_acc": 0.15132745950421556
    },
    {
      "param_value": 100000.0,
      "mean_cv_acc": 0.49000000000000005,
      "std_cv_acc": 0.15132745950421556
    }
  ],
  "five_way": {
    "accuracy": 0.56,
    "macro_f1": 0.5565591397849463,
    "macro_sensitivity": 0.5599999999999999,
    "macro_specificity": 0.89,
    "per_class_sensitivity": {
      "NOR": 0.6,
      "DCM": 0.3,
      "HCM": 0.4,
      "MINF": 0.8,
      "RV": 0.7
    },
    "per_class_specificity": {
      "NOR": 0.95,
      "DCM": 0.95,
      "HCM": 0.95,
      "MINF": 0.675,
      "RV": 0.925
    },
    "confusion_matrix": [
      [
        6,
        0,
        2,
        1,
        1
      ],
      [
        0,
        3,
        0,
        5,
        2
      ],
      [
        0,
        1,
        4,
        5,
        0
      ],
      [
        1,
        1,
        0,
        8,
        0
      ],
      [
        1,
        0,
        0,
        2,
        7
      ]
    ],
    "classification_report": {
      "NOR": {
        "precision": 0.75,
        "recall": 0.6,
        "f1-score": 0.6666666666666666,
        "support": 10.0
      },
      "DCM": {
        "precision": 0.6,
        "recall": 0.3,
        "f1-score": 0.4,
        "support": 10.0
      },
      "HCM": {
        "precision": 0.6666666666666666,
        "recall": 0.4,
        "f1-score": 0.5,
        "support": 10.0
      },
      "MINF": {
        "precision": 0.38095238095238093,
        "recall": 0.8,
        "f1-score": 0.5161290322580645,
        "support": 10.0
      },
      "RV": {
        "precision": 0.7,
        "recall": 0.7,
        "f1-score": 0.7,
        "support": 10.0
      },
      "accuracy": 0.56,
      "macro avg": {
        "precision": 0.6195238095238095,
        "recall": 0.5599999999999999,
        "f1-score": 0.5565591397849463,
        "support": 50.0
      },
      "weighted avg": {
        "precision": 0.6195238095238095,
        "recall": 0.56,
        "f1-score": 0.5565591397849462,
        "support": 50.0
      }
    },
    "probabilities": [
      [
        0.36209328217561226,
        0.08909692031870603,
        0.045853952595346324,
        0.46270593396565984,
        0.0402499109446755
      ],
      [
        0.18110438606499152,
        0.13209102683421642,
        0.3621376305563418,
        0.13208283544230576,
        0.1925841211021445
      ],
      [
        0.19577626721936345,
        0.023803046609283906,
        0.15409461372800992,
        0.624642368643939,
        0.0016837037994037387
      ],
      [
        0.05966127383090156,
        0.04232411059531172,
        0.3012972952434185,
        0.586658773387476,
        0.010058546942892202
      ],
      [
        0.2139819687455593,
        0.012062915024911814,
        0.5874139773666327,
        0.12166577852699581,
        0.06487536033590043
      ],
      [
        0.1455514187030665,
        0.22321174117053702,
        0.04574182026212938,
        0.2829651718178153,
        0.3025298480464518
      ],
      [
        0.06799109265761503,
        0.016036617012256272,
        0.016408480857477568,
        0.573925477470097,
        0.3256383320025541
      ],
      [
        0.39861563791204885,
        0.023052490293797013,
        0.03516652441338559,
        0.47634681130265744,
        0.06681853607811122
      ],
      [
        0.9387936616857093,
        0.0015131741340393455,
        0.003651618763433602,
        0.04569931270378698,
        0.010342232713030933
      ],
      [
        0.6447973762961648,
        0.0038026854901919947,
        0.02766668643031681,
        0.2785667100334516,
        0.04516654174987483
      ],
      [
        0.023577463611728754,
        0.00041471228764418237,
        0.9580946572909868,
        0.01783871299753366,
        7.445381210671376e-05
      ],
      [
        0.011574150466350817,
        0.018497550142867553,
        0.00266334653781631,
        0.9186635972753828,
        0.048601355577582536
      ],
      [
        0.010912459538450275,
        0.09773509369925484,
        0.0017948172590669454,
        0.8696679087133805,
        0.019889720789847302
      ],
      [
        0.008094531002289138,
        0.10564703780919195,
        0.1722061224538842,
        0.5958873631720553,
        0.11816494556257953
      ],
      [
        0.03240872091971472,
        0.03418053621108189,
        0.0397498537726408,
        0.8529425505732482,
        0.04071833852331427
      ],
      [
        0.07895535679056326,
        0.023761656119910313,
        0.8302044134285947,
        0.046788138825378085,
        0.020290434835553612
      ],
      [
        0.029424468719404448,
        0.36433739597668297,
        0.0594261147181077,
        0.4986352860129075,
        0.04817673457289731
      ],
      [
        0.004010932351062216,
        0.023713516878228945,
        0.0010374420326377705,
        0.9667724034270637,
        0.004465705311007286
      ],
      [
        0.0029517706456868207,
        0.10355670429533438,
        0.00013480241446503404,
        0.022141993332060045,
        0.8712147293124536
      ],
      [
        0.016798736833659362,
        0.03122816089891784,
        0.10208871098658322,
        0.8067819296355674,
        0.04310246164527212
      ],
      [
        0.23819803265799666,
        0.00075272676044873,
        0.00046514685201026783,
        0.750374220501262,
        0.010209873228282373
      ],
      [
        0.010729116321182399,
        0.18678857833661217,
        0.046968356839599414,
        0.1779146161974046,
        0.5775993323052014
      ],
      [
        0.5848337620940623,
        0.0003750270539671789,
        0.32405059789156876,
        0.08404613110759039,
        0.006694481852811221
      ],
      [
        0.0002785773088715503,
        0.0009224830376502505,
        0.0002460035494906775,
        0.009678674312357647,
        0.9888742617916298
      ],
      [
        0.40740469609130786,
        0.0026952907441406544,
        0.009400590197566118,
        0.21516987794112313,
        0.36532954502586223
      ],
      [
        0.18961296219687615,
        0.23924519490184842,
        0.0828019306713487,
        0.0937046331644341,
        0.3946352790654926
      ],
      [
        0.0007047186777616143,
        0.016284144568111208,
        0.001099713610532366,
        0.0014124494349365647,
        0.9804989737086582
      ],
      [
        0.6649963893235139,
        0.008418099534506665,
        0.188535091889385,
        0.027803875709789674,
        0.11024654354280473
      ],
      [
        0.0044744236273944835,
        0.012721467824273235,
        0.00014455048446303663,
        0.11859714789599611,
        0.8640624101678732
      ],
      [
        0.4410506702095827,
        0.16590910953046167,
        0.0024405462988573465,
        0.34932074377616995,
        0.041278930184928266
      ],
      [
        0.0007934963692673293,
        0.37087091384773097,
        0.009596365012488435,
        0.28691765006033304,
        0.3318215747101803
      ],
      [
        0.010340375514150376,
        0.9128306143133135,
        0.02371744820982278,
        0.005194264880727965,
        0.047917297081985416
      ],
      [
        0.10363203593441367,
        0.3159928948850224,
        0.015224371578063523,
        0.5417779514610633,
        0.023372746141437008
      ],
      [
        0.25197170345767067,
        0.005719551318773219,
        0.325613149375142,
        0.40587751583286935,
        0.010818080015544797
      ],
      [
        0.08286253965238778,
        0.011023355688793804,
        0.0006997104044234298,
        0.7963006078010103,
        0.10911378645338467
      ],
      [
        0.00015555162666482068,
        0.07666044659434383,
        0.0015355829663180735,
        0.8335558545546976,
        0.08809256425797572
      ],
      [
        0.06534407465932392,
        0.016971549194665144,
        0.00819333407993596,
        0.836394656974341,
        0.07309638509173398
      ],
      [
        0.015522537156907837,
        0.036345792241274405,
        0.39925643379141557,
        0.5451816776075339,
        0.003693559202868317
      ],
      [
        0.09476617079050863,
        0.012011128305527119,
        0.014215387890897333,
        0.0020609928546700246,
        0.8769463201583969
      ],
      [
        0.00733178551316102,
        0.34697715380093475,
        0.012709929985559212,
        0.05286904919530808,
        0.5801120815050369
      ],
      [
        0.011594950622631049,
        0.17925430005720033,
        0.005862610807075991,
        0.4913902699292302,
        0.3118978685838624
      ],
      [
        0.08800936682765259,
        0.0008340043012307176,
        0.741579855735567,
        0.16814025099098154,
        0.0014365221445681742
      ],
      [
        0.030096673409464512,
        0.029888170422750986,
        0.2544059562412975,
        0.6238300720219532,
        0.061779127904533805
      ],
      [
        0.1948365306708358,
        0.03642328032837654,
        0.7308090758377449,
        0.02354615034502428,
        0.01438496281801832
      ],
      [
        0.558142096352261,
        0.012106567449574704,
        0.07607891440742633,
        0.21767155724456497,
        0.1360008645461731
      ],
      [
        0.018413004640237256,
        0.5117189929661401,
        0.014321171557179541,
        0.1986487219575025,
        0.2568981088789404
      ],
      [
        0.0027098703626885954,
        0.0723613079844353,
        0.00047578406245537966,
        0.042565071832960565,
        0.8818879657574602
      ],
      [
        0.005202904257808908,
        0.6520816431286073,
        0.2803191148501514,
        0.055168495650074416,
        0.007227842113357859
      ],
      [
        0.1604895083709601,
        0.4077538602553485,
        0.07379132794155652,
        0.11734432610193861,
        0.24062097733019625
      ],
      [
        0.5086156181178679,
        0.04499032227453272,
        0.1227414677585684,
        0.06534243437075475,
        0.2583101574782762
      ]
    ],
    "predictions": [
      3,
      2,
      3,
      3,
      2,
      4,
      3,
      3,
      0,
      0,
      2,
      3,
      3,
      3,
      3,
      2,
      3,
      3,
      4,
      3,
      3,
      4,
      0,
      4,
      0,
      4,
      4,
      0,
      4,
      0,
      1,
      1,
      3,
      3,
      3,
      3,
      3,
      3,
      4,
      4,
      3,
      2,
      3,
      2,
      0,
      1,
      4,
      1,
      1,
      0
    ],
    "true_labels": [
      1,
      0,
      3,
      2,
      2,
      1,
      0,
      2,
      4,
      0,
      2,
      3,
      1,
      2,
      3,
      2,
      1,
      3,
      4,
      3,
      4,
      1,
      0,
      4,
      0,
      4,
      4,
      0,
      4,
      0,
      1,
      1,
      1,
      2,
      3,
      1,
      3,
      2,
      0,
      4,
      4,
      2,
      3,
      0,
      3,
      2,
      4,
      3,
      1,
      0
    ],
    "patient_ids": [
      "patient101",
      "patient102",
      "patient103",
      "patient104",
      "patient105",
      "patient106",
      "patient107",
      "patient108",
      "patient109",
      "patient110",
      "patient111",
      "patient112",
      "patient113",
      "patient114",
      "patient115",
      "patient116",
      "patient117",
      "patient118",
      "patient119",
      "patient120",
      "patient121",
      "patient122",
      "patient123",
      "patient124",
      "patient125",
      "patient126",
      "patient127",
      "patient128",
      "patient129",
      "patient130",
      "patient131",
      "patient132",
      "patient133",
      "patient134",
      "patient135",
      "patient136",
      "patient137",
      "patient138",
      "patient139",
      "patient140",
      "patient141",
      "patient142",
      "patient143",
      "patient144",
      "patient145",
      "patient146",
      "patient147",
      "patient148",
      "patient149",
      "patient150"
    ]
  },
  "roc_auc": {
    "macro_auc": 0.8605,
    "per_class_auc": {
      "NOR": 0.8675,
      "DCM": 0.89,
      "HCM": 0.8725,
      "MINF": 0.8574999999999999,
      "RV": 0.815
    }
  },
  "binary": {
    "accuracy": 0.84,
    "f1": 0.9047619047619048,
    "sensitivity": 0.95,
    "specificity": 0.4,
    "roc_auc": 0.8674999999999999,
    "binary_labels": [
      1,
      0,
      1,
      1,
      1,
      1,
      0,
      1,
      1,
      0,
      1,
      1,
      1,
      1,
      1,
      1,
      1,
      1,
      1,
      1,
      1,
      1,
      0,
      1,
      0,
      1,
      1,
      0,
      1,
      0,
      1,
      1,
      1,
      1,
      1,
      1,
      1,
      1,
      0,
      1,
      1,
      1,
      1,
      0,
      1,
      1,
      1,
      1,
      1,
      0
    ],
    "binary_probs": [
      0.6379067178243878,
      0.8188956139350085,
      0.8042237327806365,
      0.9403387261690984,
      0.7860180312544407,
      0.8544485812969335,
      0.932008907342385,
      0.6013843620879511,
      0.061206338314290676,
      0.35520262370383515,
      0.9764225363882713,
      0.9884258495336492,
      0.9890875404615497,
      0.9919054689977108,
      0.9675912790802853,
      0.9210446432094368,
      0.9705755312805956,
      0.9959890676489378,
      0.9970482293543131,
      0.9832012631663406,
      0.7618019673420033,
      0.9892708836788175,
      0.41516623790593765,
      0.9997214226911284,
      0.5925953039086922,
      0.8103870378031238,
      0.9992952813222384,
      0.3350036106764861,
      0.9955255763726055,
      0.5589493297904173,
      0.9992065036307327,
      0.9896596244858497,
      0.8963679640655864,
      0.7480282965423293,
      0.9171374603476122,
      0.9998444483733352,
      0.9346559253406761,
      0.9844774628430921,
      0.9052338292094914,
      0.992668214486839,
      0.988405049377369,
      0.9119906331723474,
      0.9699033265905355,
      0.8051634693291642,
      0.441857903647739,
      0.9815869953597628,
      0.9972901296373115,
      0.9947970957421911,
      0.8395104916290399,
      0.49138438188213207
    ]
  }
}