{
  "config": {
    "backbone": "sam",
    "model_name": "sam_vit_large",
    "eval_mode": "logreg",
    "freeze_backbone": true,
    "pooling": "gap",
    "embed_dim": 1024,
    "best_hyperparam": 0.03162277489900589,
    "hyperparam_name": "C"
  },
  "sweep_results": [
    {
      "param_value": 9.999999974752427e-07,
      "mean_cv_acc": 0.27999999999999997,
      "std_cv_acc": 0.12489995996796797
    },
    {
      "param_value": 1.7782793975129607e-06,
      "mean_cv_acc": 0.27999999999999997,
      "std_cv_acc": 0.12489995996796797
    },
    {
      "param_value": 3.1622776077711023e-06,
      "mean_cv_acc": 0.27999999999999997,
      "std_cv_acc": 0.12489995996796797
    },
    {
      "param_value": 5.6234130170196295e-06,
      "mean_cv_acc": 0.27999999999999997,
      "std_cv_acc": 0.12489995996796797
    },
    {
      "param_value": 9.999999747378752e-06,
      "mean_cv_acc": 0.28,
      "std_cv_acc": 0.14
    },
    {
      "param_value": 1.778279329300858e-05,
      "mean_cv_acc": 0.3,
      "std_cv_acc": 0.1341640786499874
    },
    {
      "param_value": 3.162277789670043e-05,
      "mean_cv_acc": 0.30000000000000004,
      "std_cv_acc": 0.12649110640673517
    },
    {
      "param_value": 5.62341338081751e-05,
      "mean_cv_acc": 0.30000000000000004,
      "std_cv_acc": 0.12649110640673517
    },
    {
      "param_value": 9.999999747378752e-05,
      "mean_cv_acc": 0.31000000000000005,
      "std_cv_acc": 0.11357816691600547
    },
    {
      "param_value": 0.00017782794020604342,
      "mean_cv_acc": 0.33,
      "std_cv_acc": 0.1345362404707371
    },
    {
      "param_value": 0.0003162277571391314,
      "mean_cv_acc": 0.36,
      "std_cv_acc": 0.13564659966250536
    },
    {
      "param_value": 0.000562341301701963,
      "mean_cv_acc": 0.4,
      "std_cv_acc": 0.14832396974191325
    },
    {
      "param_value": 0.0010000000474974513,
      "mean_cv_acc": 0.39,
      "std_cv_acc": 0.12206555615733702
    },
    {
      "param_value": 0.0017782794311642647,
      "mean_cv_acc": 0.4,
      "std_cv_acc": 0.1
    },
    {
      "param_value": 0.003162277629598975,
      "mean_cv_acc": 0.39,
      "std_cv_acc": 0.1044030650891055
    },
    {
      "param_value": 0.005623413249850273,
      "mean_cv_acc": 0.41,
      "std_cv_acc": 0.11357816691600546
    },
    {
      "param_value": 0.009999999776482582,
      "mean_cv_acc": 0.43000000000000005,
      "std_cv_acc": 0.10999999999999999
    },
    {
      "param_value": 0.017782794311642647,
      "mean_cv_acc": 0.42000000000000004,
      "std_cv_acc": 0.116619037896906
    },
    {
      "param_value": 0.03162277489900589,
      "mean_cv_acc": 0.44000000000000006,
      "std_cv_acc": 0.10198039027185568
    },
    {
      "param_value": 0.05623413249850273,
      "mean_cv_acc": 0.44000000000000006,
      "std_cv_acc": 0.10198039027185568
    },
    {
      "param_value": 0.10000000149011612,
      "mean_cv_acc": 0.44000000000000006,
      "std_cv_acc": 0.10198039027185568
    },
    {
      "param_value": 0.17782793939113617,
      "mean_cv_acc": 0.44000000000000006,
      "std_cv_acc": 0.10198039027185568
    },
    {
      "param_value": 0.3162277638912201,
      "mean_cv_acc": 0.44000000000000006,
      "std_cv_acc": 0.10198039027185568
    },
    {
      "param_value": 0.5623413324356079,
      "mean_cv_acc": 0.43,
      "std_cv_acc": 0.10999999999999999
    },
    {
      "param_value": 1.0,
      "mean_cv_acc": 0.41999999999999993,
      "std_cv_acc": 0.132664991614216
    },
    {
      "param_value": 1.778279423713684,
      "mean_cv_acc": 0.41999999999999993,
      "std_cv_acc": 0.132664991614216
    },
    {
      "param_value": 3.1622776985168457,
      "mean_cv_acc": 0.41999999999999993,
      "std_cv_acc": 0.132664991614216
    },
    {
      "param_value": 5.6234130859375,
      "mean_cv_acc": 0.41999999999999993,
      "std_cv_acc": 0.132664991614216
    },
    {
      "param_value": 10.0,
      "mean_cv_acc": 0.41999999999999993,
      "std_cv_acc": 0.132664991614216
    },
    {
      "param_value": 17.782794952392578,
      "mean_cv_acc": 0.43,
      "std_cv_acc": 0.1345362404707371
    },
    {
      "param_value": 31.62277603149414,
      "mean_cv_acc": 0.44000000000000006,
      "std_cv_acc": 0.13564659966250536
    },
    {
      "param_value": 56.234130859375,
      "mean_cv_acc": 0.44000000000000006,
      "std_cv_acc": 0.13564659966250536
    },
    {
      "param_value": 100.0,
      "mean_cv_acc": 0.44000000000000006,
      "std_cv_acc": 0.13564659966250536
    },
    {
      "param_value": 177.82794189453125,
      "mean_cv_acc": 0.44000000000000006,
      "std_cv_acc": 0.13564659966250536
    },
    {
      "param_value": 316.2277526855469,
      "mean_cv_acc": 0.44000000000000006,
      "std_cv_acc": 0.13564659966250536
    },
    {
      "param_value": 562.34130859375,
      "mean_cv_acc": 0.44000000000000006,
      "std_cv_acc": 0.13564659966250536
    },
    {
      "param_value": 1000.0,
      "mean_cv_acc": 0.44000000000000006,
      "std_cv_acc": 0.13564659966250536
    },
    {
      "param_value": 1778.2794189453125,
      "mean_cv_acc": 0.44000000000000006,
      "std_cv_acc": 0.13564659966250536
    },
    {
      "param_value": 3162.277587890625,
      "mean_cv_acc": 0.44000000000000006,
      "std_cv_acc": 0.13564659966250536
    },
    {
      "param_value": 5623.4130859375,
      "mean_cv_acc": 0.44000000000000006,
      "std_cv_acc": 0.13564659966250536
    },
    {
      "param_value": 10000.0,
      "mean_cv_acc": 0.44000000000000006,
      "std_cv_acc": 0.13564659966250536
    },
    {
      "param_value": 17782.794921875,
      "mean_cv_acc": 0.44000000000000006,
      "std_cv_acc": 0.13564659966250536
    },
    {
      "param_value": 31622.77734375,
      "mean_cv_acc": 0.44000000000000006,
      "std_cv_acc": 0.13564659966250536
    },
    {
      "param_value": 56234.1328125,
      "mean_cv_acc": 0.44000000000000006,
      "std_cv_acc": 0.13564659966250536
    },
    {
      "param_value": 100000.0,
      "mean_cv_acc": 0.43,
      "std_cv_acc": 0.1268857754044952
    }
  ],
  "five_way": {
    "accuracy": 0.48,
    "macro_f1": 0.44642857142857134,
    "macro_sensitivity": 0.48,
    "macro_specificity": 0.8699999999999999,
    "per_class_sensitivity": {
      "NOR": 0.1,
      "DCM": 0.3,
      "HCM": 0.5,
      "MINF": 0.8,
      "RV": 0.7
    },
    "per_class_specificity": {
      "NOR": 0.925,
      "DCM": 0.925,
      "HCM": 0.85,
      "MINF": 0.75,
      "RV": 0.9
    },
    "confusion_matrix": [
      [
        1,
        0,
        4,
        2,
        3
      ],
      [
        1,
        3,
        1,
        4,
        1
      ],
      [
        1,
        1,
        5,
        3,
        0
      ],
      [
        0,
        1,
        1,
        8,
        0
      ],
      [
        1,
        1,
        0,
        1,
        7
      ]
    ],
    "classification_report": {
      "NOR": {
        "precision": 0.25,
        "recall": 0.1,
        "f1-score": 0.14285714285714285,
        "support": 10.0
      },
      "DCM": {
        "precision": 0.5,
        "recall": 0.3,
        "f1-score": 0.375,
        "support": 10.0
      },
      "HCM": {
        "precision": 0.45454545454545453,
        "recall": 0.5,
        "f1-score": 0.47619047619047616,
        "support": 10.0
      },
      "MINF": {
        "precision": 0.4444444444444444,
        "recall": 0.8,
        "f1-score": 0.5714285714285714,
        "support": 10.0
      },
      "RV": {
        "precision": 0.6363636363636364,
        "recall": 0.7,
        "f1-score": 0.6666666666666666,
        "support": 10.0
      },
      "accuracy": 0.48,
      "macro avg": {
        "precision": 0.45707070707070707,
        "recall": 0.4800000000000001,
        "f1-score": 0.44642857142857134,
        "support": 50.0
      },
      "weighted avg": {
        "precision": 0.45707070707070707,
        "recall": 0.48,
        "f1-score": 0.4464285714285714,
        "support": 50.0
      }
    },
    "probabilities": [
      [
        0.3974178224331008,
        0.04312617765887535,
        0.01953275033316159,
        0.47820822000179475,
        0.06171502957306744
      ],
      [
        0.2203510707598497,
        0.05043785668813893,
        0.4696704700830789,
        0.1045782467984721,
        0.1549623556704604
      ],
      [
        0.1421733678626326,
        0.03162121144524126,
        0.11631367323812651,
        0.7088715313107434,
        0.0010202161432562049
      ],
      [
        0.007186859347799112,
        0.024152137798190473,
        0.4184353317841625,
        0.5199005907622714,
        0.030325080307576555
      ],
      [
        0.12446273867755774,
        0.05037322992027257,
        0.5886872328298062,
        0.19824802399171704,
        0.038228774580646524
      ],
      [
        0.1023219116486398,
        0.21648000190953898,
        0.27278943330299554,
        0.2063515110205716,
        0.2020571421182541
      ],
      [
        0.07672070370443809,
        0.14072244252675467,
        0.009362690330339804,
        0.22649045367905501,
        0.5467037097594124
      ],
      [
        0.6574336584702684,
        0.005940049029161058,
        0.006432408611639096,
        0.31894314568691307,
        0.011250738202018294
      ],
      [
        0.9939690323085463,
        0.00016871498629170373,
        0.0009298378246195291,
        0.004159865960453184,
        0.0007725489200890687
      ],
      [
        0.3169864138438404,
        0.0006935951490719628,
        0.05319554584709283,
        0.6009405217718439,
        0.02818392338815091
      ],
      [
        0.0758748087976428,
        9.874329585279056e-05,
        0.9142993636971264,
        0.009717219004697433,
        9.865204680582605e-06
      ],
      [
        0.008029207111036706,
        0.04660724699021706,
        0.00957654218808341,
        0.9027790796471601,
        0.03300792406350279
      ],
      [
        0.0030744228714389113,
        0.255711279990449,
        0.0002978298565816807,
        0.7276799556583333,
        0.01323651162319709
      ],
      [
        0.0004895841148596802,
        0.0858099264243967,
        0.28992962119216487,
        0.6137172229549986,
        0.010053645313580124
      ],
      [
        0.041010609588302854,
        0.008812794511002158,
        0.017671421796258382,
        0.9174492286838611,
        0.015055945420575522
      ],
      [
        0.07902999846331446,
        0.04018607944759837,
        0.6522309359198756,
        0.13937485755175316,
        0.08917812861745852
      ],
      [
        0.03693424086096266,
        0.6240001462424606,
        0.07660913774610216,
        0.24499051022684387,
        0.01746596492363069
      ],
      [
        0.00014247295217518054,
        0.01250988631547254,
        0.0001909908954371579,
        0.9797096031348095,
        0.007447046702105523
      ],
      [
        0.0002023540089308036,
        0.14844901024274837,
        7.887452889873299e-05,
        0.0017344731383202117,
        0.8495352880811019
      ],
      [
        0.0008686537215287048,
        0.013561621643374341,
        0.0660587849436857,
        0.9123246852096363,
        0.0071862544817749615
      ],
      [
        0.291387169885174,
        0.001152389692560675,
        0.00011311651011161448,
        0.6897294966007246,
        0.017617827311429107
      ],
      [
        0.0017528533141856002,
        0.032283738009202013,
        0.03357140565736924,
        0.02845762761430359,
        0.9039343754049395
      ],
      [
        0.3441734885384094,
        0.0003636331678751677,
        0.556029038647701,
        0.09750220968015644,
        0.0019316299658580056
      ],
      [
        0.0005887539847365105,
        0.007350237273813629,
        0.0002832278809742542,
        0.014828376801096292,
        0.9769494040593792
      ],
      [
        0.13879182582009003,
        0.027433027681396667,
        0.01311874233408457,
        0.08648225548536738,
        0.7341741486790613
      ],
      [
        0.03275324787442354,
        0.034962759924867505,
        0.15491982515676417,
        0.010703596217334977,
        0.7666605708266098
      ],
      [
        0.0030063791489116083,
        0.01812163876106243,
        0.014224995572585775,
        0.007796302182061258,
        0.9568506843353789
      ],
      [
        0.5170403031496638,
        0.022701639815613333,
        0.2694633921927959,
        0.04744112458269703,
        0.14335354025922997
      ],
      [
        0.0020984709482524517,
        0.013846759831865462,
        0.0001885233657051805,
        0.08912380823534552,
        0.8947424376188314
      ],
      [
        0.3002735320895648,
        0.06376740209178265,
        0.0024311403639645855,
        0.6284221266341896,
        0.005105798820498382
      ],
      [
        0.0004635817337878543,
        0.9777212728754345,
        0.0033884417994387325,
        0.014772541117918328,
        0.003654162473420659
      ],
      [
        0.031246099964543042,
        0.8770636264015703,
        0.0349085598275858,
        0.02725220018088508,
        0.029529513625415876
      ],
      [
        0.121895679469524,
        0.08851276921825786,
        0.020891608292681333,
        0.7680231356642041,
        0.0006768073553327334
      ],
      [
        0.15709044082821108,
        0.01222745829307932,
        0.6657348777833156,
        0.13917920146278132,
        0.025768021632612624
      ],
      [
        0.14459450704999605,
        0.02704802473596046,
        0.001246829474526199,
        0.7891683158047363,
        0.03794232293478096
      ],
      [
        0.0001511283225366419,
        0.2403690995108046,
        0.005174796526488345,
        0.6686430453760684,
        0.08566193026410208
      ],
      [
        0.05289787846926236,
        0.014074425009184877,
        0.011415426372162266,
        0.8723351868122543,
        0.049277083337136256
      ],
      [
        0.016343748307093488,
        0.02569142285400909,
        0.10433878382925178,
        0.8510311138166128,
        0.0025949311930327803
      ],
      [
        0.02400729558421652,
        0.004818555497701022,
        0.08165942364993854,
        0.006453467196764835,
        0.8830612580713791
      ],
      [
        0.00033593797806612236,
        0.11926912855690734,
        0.001115682464739389,
        0.01892183360435186,
        0.8603574173959352
      ],
      [
        0.009667451161663518,
        0.462249842518648,
        0.02746969814013008,
        0.3448032261422886,
        0.15580978203726997
      ],
      [
        0.1823663414708152,
        0.0006332875248806677,
        0.6855827072065196,
        0.13025886500335607,
        0.001158798794428463
      ],
      [
        0.0237075591789208,
        0.07083326179268373,
        0.5954080125152365,
        0.30112945211475683,
        0.0089217143984022
      ],
      [
        0.05992285164909344,
        0.03723328390006231,
        0.8903838873215965,
        0.01101698569003961,
        0.0014429914392082338
      ],
      [
        0.028286611142453576,
        0.02564806459031718,
        0.1540535340638739,
        0.4692258080287493,
        0.322785982174606
      ],
      [
        0.0003950880436445731,
        0.681662625072656,
        0.014448522897849123,
        0.1294105992759478,
        0.17408316470990254
      ],
      [
        0.01830509927376352,
        0.26431715877486184,
        0.0010585504840070128,
        0.3551237166388225,
        0.3611954748285452
      ],
      [
        0.01076602513656882,
        0.7014666661813085,
        0.22961439441554066,
        0.025349037193355274,
        0.032803877073226885
      ],
      [
        0.3550501663869323,
        0.2899849656729995,
        0.25819614929167073,
        0.03253816824208262,
        0.06423055040631484
      ],
      [
        0.1605477322178141,
        0.11507765485524121,
        0.3563891629794843,
        0.07749018954872469,
        0.29049526039873563
      ]
    ],
    "predictions": [
      3,
      2,
      3,
      3,
      2,
      2,
      4,
      0,
      0,
      3,
      2,
      3,
      3,
      3,
      3,
      2,
      1,
      3,
      4,
      3,
      3,
      4,
      2,
      4,
      4,
      4,
      4,
      0,
      4,
      3,
      1,
      1,
      3,
      2,
      3,
      3,
      3,
      3,
      4,
      4,
      1,
      2,
      2,
      2,
      3,
      1,
      4,
      1,
      0,
      2
    ],
    "true_labels": [
      1,
      0,
      3,
      2,
      2,
      1,
      0,
      2,
      4,
      0,
      2,
      3,
      1,
      2,
      3,
      2,
      1,
      3,
      4,
      3,
      4,
      1,
      0,
      4,
      0,
      4,
      4,
      0,
      4,
      0,
      1,
      1,
      1,
      2,
      3,
      1,
      3,
      2,
      0,
      4,
      4,
      2,
      3,
      0,
      3,
      2,
      4,
      3,
      1,
      0
    ],
    "patient_ids": [
      "patient101",
      "patient102",
      "patient103",
      "patient104",
      "patient105",
      "patient106",
      "patient107",
      "patient108",
      "patient109",
      "patient110",
      "patient111",
      "patient112",
      "patient113",
      "patient114",
      "patient115",
      "patient116",
      "patient117",
      "patient118",
      "patient119",
      "patient120",
      "patient121",
      "patient122",
      "patient123",
      "patient124",
      "patient125",
      "patient126",
      "patient127",
      "patient128",
      "patient129",
      "patient130",
      "patient131",
      "patient132",
      "patient133",
      "patient134",
      "patient135",
      "patient136",
      "patient137",
      "patient138",
      "patient139",
      "patient140",
      "patient141",
      "patient142",
      "patient143",
      "patient144",
      "patient145",
      "patient146",
      "patient147",
      "patient148",
      "patient149",
      "patient150"
    ]
  },
  "roc_auc": {
    "macro_auc": 0.8254999999999999,
    "per_class_auc": {
      "NOR": 0.7975,
      "DCM": 0.8599999999999999,
      "HCM": 0.8125,
      "MINF": 0.8574999999999999,
      "RV": 0.8
    }
  },
  "binary": {
    "accuracy": 0.78,
    "f1": 0.8735632183908046,
    "sensitivity": 0.95,
    "specificity": 0.1,
    "roc_auc": 0.7975000000000001,
    "binary_labels": [
      1,
      0,
      1,
      1,
      1,
      1,
      0,
      1,
      1,
      0,
      1,
      1,
      1,
      1,
      1,
      1,
      1,
      1,
      1,
      1,
      1,
      1,
      0,
      1,
      0,
      1,
      1,
      0,
      1,
      0,
      1,
      1,
      1,
      1,
      1,
      1,
      1,
      1,
      0,
      1,
      1,
      1,
      1,
      0,
      1,
      1,
      1,
      1,
      1,
      0
    ],
    "binary_probs": [
      0.6025821775668991,
      0.7796489292401503,
      0.8578266321373674,
      0.9928131406522009,
      0.8755372613224423,
      0.8976780883513602,
      0.9232792962955619,
      0.34256634152973164,
      0.006030967691453726,
      0.6830135861561596,
      0.9241251912023571,
      0.9919707928889633,
      0.9969255771285611,
      0.9995104158851403,
      0.9589893904116972,
      0.9209700015366855,
      0.9630657591390374,
      0.9998575270478248,
      0.9997976459910692,
      0.9991313462784713,
      0.708612830114826,
      0.9982471466858144,
      0.6558265114615907,
      0.9994112460152635,
      0.86120817417991,
      0.9672467521255764,
      0.9969936208510884,
      0.48295969685033624,
      0.9979015290517476,
      0.6997264679104351,
      0.9995364182662122,
      0.9687539000354569,
      0.878104320530476,
      0.8429095591717889,
      0.8554054929500039,
      0.9998488716774634,
      0.9471021215307376,
      0.9836562516929065,
      0.9759927044157835,
      0.9996640620219339,
      0.9903325488383364,
      0.8176336585291848,
      0.9762924408210792,
      0.9400771483509066,
      0.9717133888575464,
      0.9996049119563555,
      0.9816949007262364,
      0.9892339748634312,
      0.6449498336130677,
      0.8394522677821858
    ]
  }
}
