{
  "config": {
    "dataset": "mnm",
    "backbone": "cinema",
    "model_name": "cinema_pretrained",
    "eval_mode": "logreg",
    "freeze_backbone": true,
    "pooling": "cls",
    "embed_dim": 768,
    "best_hyperparam": 9.999999747378752e-05,
    "hyperparam_name": "C",
    "num_classes": 5,
    "class_names": [
      "NOR",
      "DCM",
      "HCM",
      "ARV",
      "HHD"
    ]
  },
  "sweep_results": [
    {
      "param_value": 9.999999974752427e-07,
      "mean_cv_acc": 0.25806451612903225,
      "std_cv_acc": 0.0
    },
    {
      "param_value": 1.7782793975129607e-06,
      "mean_cv_acc": 0.25806451612903225,
      "std_cv_acc": 0.0
    },
    {
      "param_value": 3.1622776077711023e-06,
      "mean_cv_acc": 0.25806451612903225,
      "std_cv_acc": 0.0
    },
    {
      "param_value": 5.6234130170196295e-06,
      "mean_cv_acc": 0.25806451612903225,
      "std_cv_acc": 0.0
    },
    {
      "param_value": 9.999999747378752e-06,
      "mean_cv_acc": 0.3548387096774194,
      "std_cv_acc": 0.0
    },
    {
      "param_value": 1.778279329300858e-05,
      "mean_cv_acc": 0.41935483870967744,
      "std_cv_acc": 0.0
    },
    {
      "param_value": 3.162277789670043e-05,
      "mean_cv_acc": 0.41935483870967744,
      "std_cv_acc": 0.0
    },
    {
      "param_value": 5.62341338081751e-05,
      "mean_cv_acc": 0.41935483870967744,
      "std_cv_acc": 0.0
    },
    {
      "param_value": 9.999999747378752e-05,
      "mean_cv_acc": 0.4838709677419355,
      "std_cv_acc": 0.0
    },
    {
      "param_value": 0.00017782794020604342,
      "mean_cv_acc": 0.45161290322580644,
      "std_cv_acc": 0.0
    },
    {
      "param_value": 0.0003162277571391314,
      "mean_cv_acc": 0.45161290322580644,
      "std_cv_acc": 0.0
    },
    {
      "param_value": 0.000562341301701963,
      "mean_cv_acc": 0.4838709677419355,
      "std_cv_acc": 0.0
    },
    {
      "param_value": 0.0010000000474974513,
      "mean_cv_acc": 0.45161290322580644,
      "std_cv_acc": 0.0
    },
    {
      "param_value": 0.0017782794311642647,
      "mean_cv_acc": 0.4838709677419355,
      "std_cv_acc": 0.0
    },
    {
      "param_value": 0.003162277629598975,
      "mean_cv_acc": 0.4838709677419355,
      "std_cv_acc": 0.0
    },
    {
      "param_value": 0.005623413249850273,
      "mean_cv_acc": 0.4838709677419355,
      "std_cv_acc": 0.0
    },
    {
      "param_value": 0.009999999776482582,
      "mean_cv_acc": 0.4838709677419355,
      "std_cv_acc": 0.0
    },
    {
      "param_value": 0.017782794311642647,
      "mean_cv_acc": 0.45161290322580644,
      "std_cv_acc": 0.0
    },
    {
      "param_value": 0.03162277489900589,
      "mean_cv_acc": 0.45161290322580644,
      "std_cv_acc": 0.0
    },
    {
      "param_value": 0.05623413249850273,
      "mean_cv_acc": 0.4838709677419355,
      "std_cv_acc": 0.0
    },
    {
      "param_value": 0.10000000149011612,
      "mean_cv_acc": 0.4838709677419355,
      "std_cv_acc": 0.0
    },
    {
      "param_value": 0.17782793939113617,
      "mean_cv_acc": 0.4838709677419355,
      "std_cv_acc": 0.0
    },
    {
      "param_value": 0.3162277638912201,
      "mean_cv_acc": 0.4838709677419355,
      "std_cv_acc": 0.0
    },
    {
      "param_value": 0.5623413324356079,
      "mean_cv_acc": 0.4838709677419355,
      "std_cv_acc": 0.0
    },
    {
      "param_value": 1.0,
      "mean_cv_acc": 0.45161290322580644,
      "std_cv_acc": 0.0
    },
    {
      "param_value": 1.778279423713684,
      "mean_cv_acc": 0.45161290322580644,
      "std_cv_acc": 0.0
    },
    {
      "param_value": 3.1622776985168457,
      "mean_cv_acc": 0.45161290322580644,
      "std_cv_acc": 0.0
    },
    {
      "param_value": 5.6234130859375,
      "mean_cv_acc": 0.45161290322580644,
      "std_cv_acc": 0.0
    },
    {
      "param_value": 10.0,
      "mean_cv_acc": 0.45161290322580644,
      "std_cv_acc": 0.0
    },
    {
      "param_value": 17.782794952392578,
      "mean_cv_acc": 0.45161290322580644,
      "std_cv_acc": 0.0
    },
    {
      "param_value": 31.62277603149414,
      "mean_cv_acc": 0.45161290322580644,
      "std_cv_acc": 0.0
    },
    {
      "param_value": 56.234130859375,
      "mean_cv_acc": 0.45161290322580644,
      "std_cv_acc": 0.0
    },
    {
      "param_value": 100.0,
      "mean_cv_acc": 0.45161290322580644,
      "std_cv_acc": 0.0
    },
    {
      "param_value": 177.82794189453125,
      "mean_cv_acc": 0.45161290322580644,
      "std_cv_acc": 0.0
    },
    {
      "param_value": 316.2277526855469,
      "mean_cv_acc": 0.45161290322580644,
      "std_cv_acc": 0.0
    },
    {
      "param_value": 562.34130859375,
      "mean_cv_acc": 0.45161290322580644,
      "std_cv_acc": 0.0
    },
    {
      "param_value": 1000.0,
      "mean_cv_acc": 0.45161290322580644,
      "std_cv_acc": 0.0
    },
    {
      "param_value": 1778.2794189453125,
      "mean_cv_acc": 0.45161290322580644,
      "std_cv_acc": 0.0
    },
    {
      "param_value": 3162.277587890625,
      "mean_cv_acc": 0.45161290322580644,
      "std_cv_acc": 0.0
    },
    {
      "param_value": 5623.4130859375,
      "mean_cv_acc": 0.45161290322580644,
      "std_cv_acc": 0.0
    },
    {
      "param_value": 10000.0,
      "mean_cv_acc": 0.45161290322580644,
      "std_cv_acc": 0.0
    },
    {
      "param_value": 17782.794921875,
      "mean_cv_acc": 0.45161290322580644,
      "std_cv_acc": 0.0
    },
    {
      "param_value": 31622.77734375,
      "mean_cv_acc": 0.45161290322580644,
      "std_cv_acc": 0.0
    },
    {
      "param_value": 56234.1328125,
      "mean_cv_acc": 0.45161290322580644,
      "std_cv_acc": 0.0
    },
    {
      "param_value": 100000.0,
      "mean_cv_acc": 0.45161290322580644,
      "std_cv_acc": 0.0
    }
  ],
  "five_way": {
    "accuracy": 0.38095238095238093,
    "macro_f1": 0.1915714285714286,
    "macro_sensitivity": 0.2613664596273292,
    "macro_specificity": 0.8211300499105377,
    "per_class_sensitivity": {
      "NOR": 0.0,
      "DCM": 0.8285714285714286,
      "HCM": 0.4782608695652174,
      "ARV": 0.0,
      "HHD": 0.0
    },
    "per_class_specificity": {
      "NOR": 0.9864864864864865,
      "DCM": 0.3142857142857143,
      "HCM": 0.8048780487804879,
      "ARV": 1.0,
      "HHD": 1.0
    },
    "confusion_matrix": [
      [
        0,
        25,
        6,
        0,
        0
      ],
      [
        1,
        29,
        5,
        0,
        0
      ],
      [
        0,
        12,
        11,
        0,
        0
      ],
      [
        0,
        4,
        2,
        0,
        0
      ],
      [
        0,
        7,
        3,
        0,
        0
      ]
    ],
    "classification_report": {
      "NOR": {
        "precision": 0.0,
        "recall": 0.0,
        "f1-score": 0.0,
        "support": 31.0
      },
      "DCM": {
        "precision": 0.37662337662337664,
        "recall": 0.8285714285714286,
        "f1-score": 0.5178571428571429,
        "support": 35.0
      },
      "HCM": {
        "precision": 0.4074074074074074,
        "recall": 0.4782608695652174,
        "f1-score": 0.44,
        "support": 23.0
      },
      "ARV": {
        "precision": 0.0,
        "recall": 0.0,
        "f1-score": 0.0,
        "support": 6.0
      },
      "HHD": {
        "precision": 0.0,
        "recall": 0.0,
        "f1-score": 0.0,
        "support": 10.0
      },
      "accuracy": 0.38095238095238093,
      "macro avg": {
        "precision": 0.1568061568061568,
        "recall": 0.2613664596273292,
        "f1-score": 0.1915714285714286,
        "support": 105.0
      },
      "weighted avg": {
        "precision": 0.21478274811608147,
        "recall": 0.38095238095238093,
        "f1-score": 0.26899999999999996,
        "support": 105.0
      }
    },
    "probabilities": [
      [
        0.15934503362192012,
        0.6711883610082504,
        0.11922201459674492,
        0.045162073692289514,
        0.005082517080795108
      ],
      [
        0.26733060080110804,
        0.27425402283378364,
        0.40374788410256823,
        0.047597984163467236,
        0.007069508099072758
      ],
      [
        0.207404278402914,
        0.37894720451291125,
        0.32899304709681976,
        0.07756909152253398,
        0.007086378464820933
      ],
      [
        0.2027359796056224,
        0.5786214527417981,
        0.16541007576879585,
        0.04742256774953992,
        0.00580992413424382
      ],
      [
        0.20501414939758378,
        0.5704390324288017,
        0.16447472951581793,
        0.05420886293134767,
        0.005863225726448978
      ],
      [
        0.2731796427557767,
        0.3670697452054498,
        0.30716457931373076,
        0.045515048092681545,
        0.007070984632361114
      ],
      [
        0.21384143019975904,
        0.4593303269505459,
        0.2502249722468895,
        0.06973931039936884,
        0.006863960203436584
      ],
      [
        0.25905374714350976,
        0.25088956485059816,
        0.440505130232413,
        0.042697972130508535,
        0.00685358564297062
      ],
      [
        0.2605801457495968,
        0.4436239025989552,
        0.2500571957839599,
        0.03924409075056193,
        0.006494665116926189
      ],
      [
        0.19326819246161406,
        0.4201963110450748,
        0.3133393339155901,
        0.0663398783987428,
        0.006856284178978266
      ],
      [
        0.24070250791530945,
        0.3991396105122528,
        0.30330965927544,
        0.04999057765281456,
        0.006857644644183065
      ],
      [
        0.23419969678621658,
        0.28433197117247333,
        0.4231785800072451,
        0.051312012042831485,
        0.006977739991233573
      ],
      [
        0.23829319805644314,
        0.2845614568888724,
        0.41430263379073445,
        0.05595068264476374,
        0.006892028619186281
      ],
      [
        0.24566184154380982,
        0.23947152894801196,
        0.461795618069633,
        0.04633683688068526,
        0.00673417455785993
      ],
      [
        0.2571957639347183,
        0.3084053140928871,
        0.37101039829750593,
        0.05637985782262872,
        0.0070086658522601685
      ],
      [
        0.1902332603724515,
        0.5475055079553665,
        0.1984723045978631,
        0.0575865137573005,
        0.006202413317018486
      ],
      [
        0.18814029326104378,
        0.571534743979619,
        0.1746540540260865,
        0.05954723727493799,
        0.006123671458312798
      ],
      [
        0.27126861810585184,
        0.32288050491963627,
        0.3553441360049231,
        0.04347878284737228,
        0.0070279581222164765
      ],
      [
        0.17119270979067258,
        0.6190269171828443,
        0.15494255696083215,
        0.04921408773619145,
        0.005623728329459385
      ],
      [
        0.26937421728749733,
        0.2996040382423084,
        0.36803458540452005,
        0.05589540925324822,
        0.007091749812425959
      ],
      [
        0.260781353317048,
        0.3430133135258759,
        0.3309487986449189,
        0.0585270905129107,
        0.006729443999246317
      ],
      [
        0.28691866654633624,
        0.40899425286886587,
        0.2588459955402161,
        0.03886178895356102,
        0.006379296091020867
      ],
      [
        0.28780031390461347,
        0.44443531354004057,
        0.22241401827728485,
        0.03897417776976611,
        0.0063761765082950925
      ],
      [
        0.28925562854070846,
        0.302401750314828,
        0.3594919223284624,
        0.041895751131590726,
        0.006954947684410446
      ],
      [
        0.32996794748665254,
        0.3410772189162985,
        0.26490286262478197,
        0.05716962542656451,
        0.006882345545702617
      ],
      [
        0.3767842897446978,
        0.2994839415756866,
        0.26746832675754034,
        0.04968798508369858,
        0.006575456838376788
      ],
      [
        0.2823369927111242,
        0.3958712663753007,
        0.26730302241621373,
        0.04773310795378705,
        0.006755610543574357
      ],
      [
        0.2198184486985059,
        0.44548560994071434,
        0.2647455586289965,
        0.0631688522366817,
        0.006781530495101546
      ],
      [
        0.25144884064689466,
        0.348070796209302,
        0.3395850841087853,
        0.05387719315361098,
        0.007018085881407248
      ],
      [
        0.18392264728384772,
        0.5842767215775749,
        0.16958519654232448,
        0.05637978809696619,
        0.005835646499286557
      ],
      [
        0.25881552053308426,
        0.3636626911452637,
        0.32032812202982025,
        0.0501881315141788,
        0.007005534777653002
      ],
      [
        0.1886973910471483,
        0.5836095513346252,
        0.17291749764479405,
        0.04894535316665663,
        0.00583020680677566
      ],
      [
        0.20627980858713038,
        0.5232804213211502,
        0.2039845062563538,
        0.060043818406153755,
        0.006411445429211758
      ],
      [
        0.2648992001926109,
        0.3841606425827025,
        0.301876389512946,
        0.04212515763953353,
        0.00693861007220713
      ],
      [
        0.2386188719735546,
        0.2915020808717534,
        0.41641373373216267,
        0.046585285474845785,
        0.006880027947683665
      ],
      [
        0.22004034164923497,
        0.47148185990142694,
        0.24640618441889262,
        0.05563100610842068,
        0.006440607922024968
      ],
      [
        0.32275256461045804,
        0.33554655811026907,
        0.2948440187587132,
        0.0401951267091692,
        0.006661731811390514
      ],
      [
        0.33965759635955706,
        0.34226735490784316,
        0.26166451433711047,
        0.049681437227264785,
        0.006729097168224638
      ],
      [
        0.19623683184053464,
        0.2466618205295812,
        0.4848370446712771,
        0.06561775425501262,
        0.0066465487035946335
      ],
      [
        0.15035632430480153,
        0.6437454918433015,
        0.15476577731418717,
        0.04570401913797938,
        0.00542838739973024
      ],
      [
        0.2655513937924016,
        0.3894707342782455,
        0.2974840942178246,
        0.040733624880195426,
        0.0067601528313327814
      ],
      [
        0.21327633097992754,
        0.2582174218771629,
        0.4577375451205628,
        0.06413821971429369,
        0.006630482308052926
      ],
      [
        0.17824533006090362,
        0.6581199562003746,
        0.11701850948863757,
        0.041469453732601656,
        0.005146750517482575
      ],
      [
        0.2491715193814225,
        0.41377042916202184,
        0.2812476463881612,
        0.04906112970418581,
        0.006749275364208655
      ],
      [
        0.29547806897055784,
        0.286364014657142,
        0.35503110248748265,
        0.05632885009615341,
        0.00679796378866402
      ],
      [
        0.2034782199252778,
        0.5401993286511266,
        0.19627104849192525,
        0.0538982778632099,
        0.006153125068460455
      ],
      [
        0.28849992577823436,
        0.28607000430342155,
        0.3756562673663877,
        0.04288719069723131,
        0.006886611854725137
      ],
      [
        0.20251797132803637,
        0.5131287036138071,
        0.2204090169210693,
        0.05768106655544161,
        0.006263241581645678
      ],
      [
        0.27369593584415214,
        0.2220083139454026,
        0.45362031288835963,
        0.04392143221993531,
        0.006754005102150356
      ],
      [
        0.22550302450748266,
        0.46936715096656456,
        0.24387979737946058,
        0.05471446027319547,
        0.006535566873296714
      ],
      [
        0.24921055238946724,
        0.41030599100307236,
        0.27618154851033344,
        0.05750329866348128,
        0.006798609433645481
      ],
      [
        0.31600755105453365,
        0.46509929767407643,
        0.1626779825778903,
        0.049970497995689984,
        0.006244670697809757
      ],
      [
        0.23317566710924492,
        0.43304112037493125,
        0.26453668571345945,
        0.062341003292745584,
        0.006905523509618887
      ],
      [
        0.2221366049539468,
        0.47539658342628044,
        0.2453044867549569,
        0.050709863077117855,
        0.006452461787698077
      ],
      [
        0.23385502922316645,
        0.4320105248175508,
        0.28548251587225504,
        0.04199542259860542,
        0.006656507488422178
      ],
      [
        0.3115324019619162,
        0.37670180431560596,
        0.2586947715751495,
        0.046379891450542596,
        0.006691130696785783
      ],
      [
        0.24228800340098194,
        0.37403051104323143,
        0.33488336025766374,
        0.041863057546385474,
        0.006935067751737514
      ],
      [
        0.19015330286823418,
        0.4871233898442625,
        0.25345254986802035,
        0.06266636489525922,
        0.006604392524223752
      ],
      [
        0.2805751203264897,
        0.2631771160461465,
        0.4081474678940611,
        0.04117848998639439,
        0.006921805746908365
      ],
      [
        0.2515364114381595,
        0.34717920832515575,
        0.3239072336301685,
        0.07028810239000169,
        0.007089044216514432
      ],
      [
        0.24285458703719237,
        0.35011705840489493,
        0.35576692828066575,
        0.04441595014826911,
        0.006845476128977864
      ],
      [
        0.20478331323429605,
        0.412774560650201,
        0.29605925067080396,
        0.07953159103957269,
        0.006851284405126448
      ],
      [
        0.3102359538739531,
        0.3194652042871583,
        0.29557318034269203,
        0.06777938181554626,
        0.006946279680650403
      ],
      [
        0.29533533065489803,
        0.47371267357415064,
        0.1796649874723691,
        0.045175757749678726,
        0.006111250548903421
      ],
      [
        0.30115373472851775,
        0.36439143590361334,
        0.28472447392396155,
        0.043040671800007084,
        0.006689683643900119
      ],
      [
        0.27790316739681414,
        0.49724793307234527,
        0.1687354750307066,
        0.04989475791838628,
        0.006218666581747726
      ],
      [
        0.19802735126919827,
        0.40835596677260094,
        0.33809634263914373,
        0.04886577083936846,
        0.0066545684796886
      ],
      [
        0.2083390335279347,
        0.5384300910154287,
        0.1822224689566774,
        0.06462102125085527,
        0.006387385249103889
      ],
      [
        0.2778789792268562,
        0.48969136185785245,
        0.18337337699429734,
        0.043054374408241045,
        0.0060019075127527004
      ],
      [
        0.24435523987116917,
        0.2485423467661306,
        0.43810237190093365,
        0.061982472776819716,
        0.007017568684946836
      ],
      [
        0.26887065020333245,
        0.4292560402076667,
        0.25317603763336577,
        0.042061899982540146,
        0.006635371973094929
      ],
      [
        0.25609309746908426,
        0.2464798725634503,
        0.43753763584817035,
        0.052954322394599025,
        0.0069350717246962155
      ],
      [
        0.16731532781807537,
        0.6261836274084247,
        0.15089942225166722,
        0.049982687403287096,
        0.005618935118545597
      ],
      [
        0.26308620312985886,
        0.5112566847374693,
        0.17852899405264147,
        0.040936582289609745,
        0.006191535790420707
      ],
      [
        0.2561929265396362,
        0.4278789606514083,
        0.2573647360965539,
        0.051790334886617426,
        0.006773041825784082
      ],
      [
        0.23628705570671057,
        0.5060879447327371,
        0.21078761956431066,
        0.0404559250416682,
        0.006381454954573399
      ],
      [
        0.2578131129416762,
        0.3707092932059946,
        0.3180347599908499,
        0.04652162612870348,
        0.006921207732775688
      ],
      [
        0.3092062317811706,
        0.26955974197295335,
        0.3740544413442124,
        0.04040416151001728,
        0.006775423391646317
      ],
      [
        0.1858020208866165,
        0.5435176094890461,
        0.208267378231989,
        0.05615928193572661,
        0.006253709456621812
      ],
      [
        0.20283610373234193,
        0.5450516541820416,
        0.19646911016192026,
        0.04959550427798543,
        0.006047627645710818
      ],
      [
        0.18729981061206424,
        0.5714497704209988,
        0.18185852531272298,
        0.053412559693436674,
        0.005979333960777454
      ],
      [
        0.20134795347672155,
        0.5090075126216813,
        0.2257084119060629,
        0.05760859592263749,
        0.0063275260728969
      ],
      [
        0.2833267509799385,
        0.2958194919956351,
        0.36586798038368645,
        0.04797488044179429,
        0.007010896198945581
      ],
      [
        0.25010136273158246,
        0.276853726531098,
        0.4146986694124607,
        0.05124588048908728,
        0.007100360835771518
      ],
      [
        0.19881622779912936,
        0.5457613000757622,
        0.19384080958332492,
        0.05546024180038309,
        0.006121420741400425
      ],
      [
        0.3188618218762832,
        0.29431446260587457,
        0.333821486139788,
        0.04628268436109383,
        0.006719545016960416
      ],
      [
        0.2622306326736846,
        0.49381940552100817,
        0.18555929315327038,
        0.05209073215269531,
        0.006299936499341561
      ],
      [
        0.2755215976097571,
        0.4161867280135758,
        0.2621681103812952,
        0.039430867430168576,
        0.00669269656520334
      ],
      [
        0.23019045354717985,
        0.34599356119883606,
        0.36441723958224675,
        0.052438979605587833,
        0.0069597660661494904
      ],
      [
        0.3089987746549242,
        0.3276844340693789,
        0.2891435061259653,
        0.06700423574021533,
        0.007169049409516345
      ],
      [
        0.31690645651357136,
        0.42611089657312434,
        0.2069565047848593,
        0.04362286513802482,
        0.006403276990420165
      ],
      [
        0.18528830034719632,
        0.4892120056968428,
        0.2543243704979102,
        0.06460068247449023,
        0.006574640983560435
      ],
      [
        0.2751464103830907,
        0.25650422658024025,
        0.4185402945031758,
        0.04293320324802378,
        0.006875865285469532
      ],
      [
        0.297655445207056,
        0.4679561720946063,
        0.19236861177411188,
        0.0359093942162261,
        0.006110376707999482
      ],
      [
        0.18260583535949124,
        0.540201180192624,
        0.20860535284621387,
        0.062313889332205184,
        0.006273742269465692
      ],
      [
        0.33188371164988895,
        0.3481049145348868,
        0.2697143870572161,
        0.04361523575683932,
        0.006681751001168972
      ],
      [
        0.2668807598335468,
        0.36027920689243137,
        0.32306437761953183,
        0.04285369192936712,
        0.006921963725122859
      ],
      [
        0.32817825199447515,
        0.36267829136927987,
        0.23913633757260275,
        0.06325545511375764,
        0.006751663949884533
      ],
      [
        0.2836136712397339,
        0.26607261013358613,
        0.39829792935538266,
        0.04493139995518783,
        0.007084389316109488
      ],
      [
        0.18675661071801555,
        0.5674109770004664,
        0.18398708987983897,
        0.05575111840009971,
        0.006094204001579386
      ],
      [
        0.226601545150449,
        0.45411054882154334,
        0.2540630429928042,
        0.058572627995455796,
        0.00665223503974758
      ],
      [
        0.19774329338426538,
        0.540590117073617,
        0.20235346726141074,
        0.053182137961509855,
        0.006130984319196923
      ],
      [
        0.32923667569740545,
        0.27456922014591767,
        0.34562846182447104,
        0.043826116188882776,
        0.006739526143323068
      ],
      [
        0.23353188849427384,
        0.43311778410273055,
        0.26317611861006324,
        0.06336012736346373,
        0.006814081429468572
      ],
      [
        0.2597042369426516,
        0.4524913706236156,
        0.23856291804983962,
        0.04259619007311799,
        0.006645284310775001
      ]
    ],
    "predictions": [
      1,
      2,
      1,
      1,
      1,
      1,
      1,
      2,
      1,
      1,
      1,
      2,
      2,
      2,
      2,
      1,
      1,
      2,
      1,
      2,
      1,
      1,
      1,
      2,
      1,
      0,
      1,
      1,
      1,
      1,
      1,
      1,
      1,
      1,
      2,
      1,
      1,
      1,
      2,
      1,
      1,
      2,
      1,
      1,
      2,
      1,
      2,
      1,
      2,
      1,
      1,
      1,
      1,
      1,
      1,
      1,
      1,
      1,
      2,
      1,
      2,
      1,
      1,
      1,
      1,
      1,
      1,
      1,
      1,
      2,
      1,
      2,
      1,
      1,
      1,
      1,
      1,
      2,
      1,
      1,
      1,
      1,
      2,
      2,
      1,
      2,
      1,
      1,
      2,
      1,
      1,
      1,
      2,
      1,
      1,
      1,
      1,
      1,
      2,
      1,
      1,
      1,
      2,
      1,
      1
    ],
    "true_labels": [
      1,
      4,
      1,
      4,
      4,
      1,
      2,
      2,
      4,
      2,
      0,
      2,
      2,
      2,
      1,
      1,
      2,
      2,
      0,
      0,
      1,
      0,
      1,
      0,
      0,
      1,
      1,
      2,
      1,
      3,
      2,
      0,
      1,
      2,
      2,
      4,
      1,
      0,
      3,
      1,
      0,
      3,
      2,
      1,
      1,
      0,
      0,
      0,
      2,
      0,
      2,
      3,
      1,
      4,
      0,
      0,
      1,
      2,
      4,
      1,
      1,
      1,
      0,
      0,
      1,
      1,
      2,
      0,
      0,
      0,
      3,
      4,
      1,
      4,
      0,
      1,
      1,
      0,
      1,
      0,
      0,
      1,
      2,
      1,
      0,
      2,
      2,
      1,
      2,
      0,
      1,
      0,
      2,
      0,
      3,
      1,
      1,
      0,
      1,
      0,
      4,
      1,
      0,
      2,
      1
    ],
    "patient_ids": [
      "A1K2P5",
      "A2H5K9",
      "A2L1N6",
      "A3H5R1",
      "A3P9V7",
      "A4A8V9",
      "A4K8R4",
      "A5D0G0",
      "A5H1Q2",
      "A5P5W0",
      "A5Q1W8",
      "A6A8H0",
      "A6B7Y4",
      "A6J0Y2",
      "A7E4J0",
      "A7F4G2",
      "B0L3Y2",
      "B1G9J3",
      "B2L0L2",
      "B3E2W8",
      "B3F0V9",
      "B3S2Z4",
      "B4E1K1",
      "B4S1Y2",
      "B5F8L9",
      "B5L5Y4",
      "B5T6V0",
      "B6I0T4",
      "B7F5P0",
      "B9H8N8",
      "C0L7V1",
      "C0N8P4",
      "C6U4W8",
      "C7L8Z8",
      "D1L6T4",
      "D3K5Q2",
      "D3Q0W9",
      "D6E9U8",
      "D9F5P1",
      "D9I8O7",
      "E0J2Z9",
      "E0J7L9",
      "E1L7M3",
      "E3L8U8",
      "E4I9O7",
      "E5J6L2",
      "E5S7W7",
      "E6H0V9",
      "E6J4N8",
      "E7L0N6",
      "E9V9Z2",
      "F0I6U8",
      "F0K4T6",
      "F5I1Z8",
      "G1J5K3",
      "G1K1V3",
      "G3M5S4",
      "G4I7V2",
      "G7N8R7",
      "G7S6V0",
      "G8K0M3",
      "G9N5V9",
      "H1N8S6",
      "H2M9S1",
      "H7K5U5",
      "H8K2K7",
      "I0I2J8",
      "I2J6Z6",
      "I4R8V6",
      "I5L3S2",
      "I6P4R0",
      "I6T4W8",
      "I8N8Y1",
      "I8Z0Z6",
      "J4J8Q3",
      "J9L4S2",
      "K6N4N7",
      "K7L2Y6",
      "K7N0R7",
      "L2V5Z0",
      "L5U7Y4",
      "L6T2T5",
      "L7Y7Z2",
      "L8N7Z0",
      "M2P5T8",
      "M4T4V6",
      "M6M9N1",
      "M6V2Y0",
      "N7P3T8",
      "N7W6Z8",
      "N9P5Z0",
      "N9Q4T8",
      "O4T6Y7",
      "O9V8W5",
      "P3P9S5",
      "P3R6Y5",
      "P8W4Z0",
      "Q1Q3T1",
      "Q3Q6R8",
      "Q4W5Z8",
      "Q5V8W3",
      "R3V5W7",
      "R6V5W3",
      "T2Z1Z9",
      "Y6Y9Z2"
    ]
  },
  "roc_auc": {
    "macro_auc": 0.581300866993632,
    "per_class_auc": {
      "NOR": 0.5815170008718397,
      "DCM": 0.5273469387755102,
      "HCM": 0.6903499469777307,
      "ARV": 0.6851851851851852,
      "HHD": 0.42210526315789476
    }
  },
  "binary": {
    "accuracy": 0.7047619047619048,
    "f1": 0.8268156424581006,
    "sensitivity": 1.0,
    "specificity": 0.0,
    "roc_auc": 0.5815170008718397,
    "binary_labels": [
      1,
      1,
      1,
      1,
      1,
      1,
      1,
      1,
      1,
      1,
      0,
      1,
      1,
      1,
      1,
      1,
      1,
      1,
      0,
      0,
      1,
      0,
      1,
      0,
      0,
      1,
      1,
      1,
      1,
      1,
      1,
      0,
      1,
      1,
      1,
      1,
      1,
      0,
      1,
      1,
      0,
      1,
      1,
      1,
      1,
      0,
      0,
      0,
      1,
      0,
      1,
      1,
      1,
      1,
      0,
      0,
      1,
      1,
      1,
      1,
      1,
      1,
      0,
      0,
      1,
      1,
      1,
      0,
      0,
      0,
      1,
      1,
      1,
      1,
      0,
      1,
      1,
      0,
      1,
      0,
      0,
      1,
      1,
      1,
      0,
      1,
      1,
      1,
      1,
      0,
      1,
      0,
      1,
      0,
      1,
      1,
      1,
      0,
      1,
      0,
      1,
      1,
      0,
      1,
      1
    ],
    "binary_probs": [
      0.8406549663780799,
      0.732669399198892,
      0.792595721597086,
      0.7972640203943776,
      0.7949858506024162,
      0.7268203572442233,
      0.7861585698002409,
      0.7409462528564903,
      0.7394198542504031,
      0.8067318075383859,
      0.7592974920846906,
      0.7658003032137835,
      0.7617068019435569,
      0.7543381584561901,
      0.7428042360652817,
      0.8097667396275485,
      0.8118597067389562,
      0.7287313818941481,
      0.8288072902093274,
      0.7306257827125027,
      0.739218646682952,
      0.7130813334536638,
      0.7121996860953865,
      0.7107443714592916,
      0.6700320525133474,
      0.6232157102553022,
      0.7176630072888758,
      0.7801815513014941,
      0.7485511593531053,
      0.8160773527161522,
      0.7411844794669158,
      0.8113026089528517,
      0.7937201914128696,
      0.7351007998073891,
      0.7613811280264454,
      0.7799596583507651,
      0.6772474353895419,
      0.6603424036404429,
      0.8037631681594654,
      0.8496436756951985,
      0.7344486062075983,
      0.7867236690200725,
      0.8217546699390964,
      0.7508284806185774,
      0.7045219310294422,
      0.7965217800747222,
      0.7115000742217656,
      0.7974820286719636,
      0.7263040641558478,
      0.7744969754925173,
      0.7507894476105328,
      0.6839924489454663,
      0.7668243328907551,
      0.7778633950460532,
      0.7661449707768335,
      0.6884675980380838,
      0.757711996599018,
      0.8098466971317658,
      0.7194248796735103,
      0.7484635885618405,
      0.7571454129628077,
      0.795216686765704,
      0.6897640461260469,
      0.704664669345102,
      0.6988462652714822,
      0.7220968326031858,
      0.8019726487308018,
      0.7916609664720653,
      0.7221210207731438,
      0.7556447601288309,
      0.7311293497966675,
      0.7439069025309157,
      0.8326846721819247,
      0.7369137968701411,
      0.7438070734603638,
      0.7637129442932894,
      0.7421868870583238,
      0.6907937682188294,
      0.8141979791133835,
      0.797163896267658,
      0.8127001893879358,
      0.7986520465232785,
      0.7166732490200616,
      0.7498986372684175,
      0.8011837722008707,
      0.6811381781237168,
      0.7377693673263154,
      0.7244784023902429,
      0.7698095464528202,
      0.6910012253450758,
      0.6830935434864287,
      0.8147116996528037,
      0.7248535896169093,
      0.702344554792944,
      0.8173941646405087,
      0.668116288350111,
      0.7331192401664532,
      0.6718217480055249,
      0.7163863287602661,
      0.8132433892819845,
      0.7733984548495509,
      0.8022567066157347,
      0.6707633243025946,
      0.7664681115057261,
      0.7402957630573483
    ]
  }
}
