{
  "config": {
    "dataset": "mnm",
    "backbone": "dinov3",
    "model_name": "dinov3_vitb16",
    "eval_mode": "logreg",
    "freeze_backbone": true,
    "pooling": "cls",
    "embed_dim": 768,
    "best_hyperparam": 0.3162277638912201,
    "hyperparam_name": "C",
    "num_classes": 5,
    "class_names": [
      "NOR",
      "DCM",
      "HCM",
      "ARV",
      "HHD"
    ]
  },
  "sweep_results": [
    {
      "param_value": 9.999999974752427e-07,
      "mean_cv_acc": 0.25806451612903225,
      "std_cv_acc": 0.0
    },
    {
      "param_value": 1.7782793975129607e-06,
      "mean_cv_acc": 0.25806451612903225,
      "std_cv_acc": 0.0
    },
    {
      "param_value": 3.1622776077711023e-06,
      "mean_cv_acc": 0.25806451612903225,
      "std_cv_acc": 0.0
    },
    {
      "param_value": 5.6234130170196295e-06,
      "mean_cv_acc": 0.25806451612903225,
      "std_cv_acc": 0.0
    },
    {
      "param_value": 9.999999747378752e-06,
      "mean_cv_acc": 0.3548387096774194,
      "std_cv_acc": 0.0
    },
    {
      "param_value": 1.778279329300858e-05,
      "mean_cv_acc": 0.3870967741935484,
      "std_cv_acc": 0.0
    },
    {
      "param_value": 3.162277789670043e-05,
      "mean_cv_acc": 0.45161290322580644,
      "std_cv_acc": 0.0
    },
    {
      "param_value": 5.62341338081751e-05,
      "mean_cv_acc": 0.45161290322580644,
      "std_cv_acc": 0.0
    },
    {
      "param_value": 9.999999747378752e-05,
      "mean_cv_acc": 0.4838709677419355,
      "std_cv_acc": 0.0
    },
    {
      "param_value": 0.00017782794020604342,
      "mean_cv_acc": 0.5161290322580645,
      "std_cv_acc": 0.0
    },
    {
      "param_value": 0.0003162277571391314,
      "mean_cv_acc": 0.5161290322580645,
      "std_cv_acc": 0.0
    },
    {
      "param_value": 0.000562341301701963,
      "mean_cv_acc": 0.5161290322580645,
      "std_cv_acc": 0.0
    },
    {
      "param_value": 0.0010000000474974513,
      "mean_cv_acc": 0.5161290322580645,
      "std_cv_acc": 0.0
    },
    {
      "param_value": 0.0017782794311642647,
      "mean_cv_acc": 0.5161290322580645,
      "std_cv_acc": 0.0
    },
    {
      "param_value": 0.003162277629598975,
      "mean_cv_acc": 0.5161290322580645,
      "std_cv_acc": 0.0
    },
    {
      "param_value": 0.005623413249850273,
      "mean_cv_acc": 0.5161290322580645,
      "std_cv_acc": 0.0
    },
    {
      "param_value": 0.009999999776482582,
      "mean_cv_acc": 0.5806451612903226,
      "std_cv_acc": 0.0
    },
    {
      "param_value": 0.017782794311642647,
      "mean_cv_acc": 0.5806451612903226,
      "std_cv_acc": 0.0
    },
    {
      "param_value": 0.03162277489900589,
      "mean_cv_acc": 0.5806451612903226,
      "std_cv_acc": 0.0
    },
    {
      "param_value": 0.05623413249850273,
      "mean_cv_acc": 0.5806451612903226,
      "std_cv_acc": 0.0
    },
    {
      "param_value": 0.10000000149011612,
      "mean_cv_acc": 0.5806451612903226,
      "std_cv_acc": 0.0
    },
    {
      "param_value": 0.17782793939113617,
      "mean_cv_acc": 0.5806451612903226,
      "std_cv_acc": 0.0
    },
    {
      "param_value": 0.3162277638912201,
      "mean_cv_acc": 0.6129032258064516,
      "std_cv_acc": 0.0
    },
    {
      "param_value": 0.5623413324356079,
      "mean_cv_acc": 0.6129032258064516,
      "std_cv_acc": 0.0
    },
    {
      "param_value": 1.0,
      "mean_cv_acc": 0.6129032258064516,
      "std_cv_acc": 0.0
    },
    {
      "param_value": 1.778279423713684,
      "mean_cv_acc": 0.6129032258064516,
      "std_cv_acc": 0.0
    },
    {
      "param_value": 3.1622776985168457,
      "mean_cv_acc": 0.6129032258064516,
      "std_cv_acc": 0.0
    },
    {
      "param_value": 5.6234130859375,
      "mean_cv_acc": 0.6129032258064516,
      "std_cv_acc": 0.0
    },
    {
      "param_value": 10.0,
      "mean_cv_acc": 0.6129032258064516,
      "std_cv_acc": 0.0
    },
    {
      "param_value": 17.782794952392578,
      "mean_cv_acc": 0.6129032258064516,
      "std_cv_acc": 0.0
    },
    {
      "param_value": 31.62277603149414,
      "mean_cv_acc": 0.6129032258064516,
      "std_cv_acc": 0.0
    },
    {
      "param_value": 56.234130859375,
      "mean_cv_acc": 0.6129032258064516,
      "std_cv_acc": 0.0
    },
    {
      "param_value": 100.0,
      "mean_cv_acc": 0.6129032258064516,
      "std_cv_acc": 0.0
    },
    {
      "param_value": 177.82794189453125,
      "mean_cv_acc": 0.6129032258064516,
      "std_cv_acc": 0.0
    },
    {
      "param_value": 316.2277526855469,
      "mean_cv_acc": 0.6129032258064516,
      "std_cv_acc": 0.0
    },
    {
      "param_value": 562.34130859375,
      "mean_cv_acc": 0.6129032258064516,
      "std_cv_acc": 0.0
    },
    {
      "param_value": 1000.0,
      "mean_cv_acc": 0.6129032258064516,
      "std_cv_acc": 0.0
    },
    {
      "param_value": 1778.2794189453125,
      "mean_cv_acc": 0.6129032258064516,
      "std_cv_acc": 0.0
    },
    {
      "param_value": 3162.277587890625,
      "mean_cv_acc": 0.5806451612903226,
      "std_cv_acc": 0.0
    },
    {
      "param_value": 5623.4130859375,
      "mean_cv_acc": 0.5806451612903226,
      "std_cv_acc": 0.0
    },
    {
      "param_value": 10000.0,
      "mean_cv_acc": 0.5806451612903226,
      "std_cv_acc": 0.0
    },
    {
      "param_value": 17782.794921875,
      "mean_cv_acc": 0.5806451612903226,
      "std_cv_acc": 0.0
    },
    {
      "param_value": 31622.77734375,
      "mean_cv_acc": 0.5806451612903226,
      "std_cv_acc": 0.0
    },
    {
      "param_value": 56234.1328125,
      "mean_cv_acc": 0.5806451612903226,
      "std_cv_acc": 0.0
    },
    {
      "param_value": 100000.0,
      "mean_cv_acc": 0.5806451612903226,
      "std_cv_acc": 0.0
    }
  ],
  "five_way": {
    "accuracy": 0.5047619047619047,
    "macro_f1": 0.37069484856370105,
    "macro_sensitivity": 0.3877633072864489,
    "macro_specificity": 0.8630085200816907,
    "per_class_sensitivity": {
      "NOR": 0.41935483870967744,
      "DCM": 0.6571428571428571,
      "HCM": 0.6956521739130435,
      "ARV": 0.16666666666666666,
      "HHD": 0.0
    },
    "per_class_specificity": {
      "NOR": 0.8648648648648649,
      "DCM": 0.7285714285714285,
      "HCM": 0.7317073170731707,
      "ARV": 0.98989898989899,
      "HHD": 1.0
    },
    "confusion_matrix": [
      [
        13,
        10,
        8,
        0,
        0
      ],
      [
        4,
        23,
        7,
        1,
        0
      ],
      [
        4,
        3,
        16,
        0,
        0
      ],
      [
        0,
        3,
        2,
        1,
        0
      ],
      [
        2,
        3,
        5,
        0,
        0
      ]
    ],
    "classification_report": {
      "NOR": {
        "precision": 0.5652173913043478,
        "recall": 0.41935483870967744,
        "f1-score": 0.48148148148148145,
        "support": 31.0
      },
      "DCM": {
        "precision": 0.5476190476190477,
        "recall": 0.6571428571428571,
        "f1-score": 0.5974025974025974,
        "support": 35.0
      },
      "HCM": {
        "precision": 0.42105263157894735,
        "recall": 0.6956521739130435,
        "f1-score": 0.5245901639344263,
        "support": 23.0
      },
      "ARV": {
        "precision": 0.5,
        "recall": 0.16666666666666666,
        "f1-score": 0.25,
        "support": 6.0
      },
      "HHD": {
        "precision": 0.0,
        "recall": 0.0,
        "f1-score": 0.0,
        "support": 10.0
      },
      "accuracy": 0.5047619047619047,
      "macro avg": {
        "precision": 0.4067778141004686,
        "recall": 0.3877633072864489,
        "f1-score": 0.37069484856370105,
        "support": 105.0
      },
      "weighted avg": {
        "precision": 0.47021539355635467,
        "recall": 0.5047619047619047,
        "f1-score": 0.4704818152905584,
        "support": 105.0
      }
    },
    "probabilities": [
      [
        0.8927878703283556,
        0.0952887847906205,
        0.010431386395325447,
        0.0011196792768284436,
        0.00037227920887008235
      ],
      [
        0.0023979001315884464,
        1.298759660529433e-05,
        0.996609259793839,
        4.5559589519103206e-05,
        0.0009342928884481857
      ],
      [
        0.22115136269127111,
        0.6639221235163527,
        0.05205053011774212,
        0.062438811249558294,
        0.0004371724250758894
      ],
      [
        0.04842897912852393,
        0.9260492368565014,
        0.024917197201083777,
        0.0002104145944953958,
        0.00039417221939552934
      ],
      [
        0.10296201029725144,
        0.2937892202710001,
        0.5981822411761295,
        0.004748157996269999,
        0.00031837025934894537
      ],
      [
        0.00968686357887364,
        0.15586217219680715,
        0.8310436198553878,
        0.00013535254792608877,
        0.0032719918210053047
      ],
      [
        0.02118777471174896,
        0.18057002153625873,
        0.49893550335801506,
        0.29690719846748215,
        0.0023995019264952083
      ],
      [
        0.0027843280203873224,
        6.759160980483652e-06,
        0.9969988242246377,
        3.4091255139279185e-06,
        0.00020667946848079927
      ],
      [
        0.9712181770238478,
        0.0010687148362458997,
        0.02582330444784984,
        0.0006260611767961515,
        0.0012637425152603307
      ],
      [
        0.030667079264269967,
        0.20707251689793982,
        0.7491407218444534,
        0.010008440696544345,
        0.0031112412967924294
      ],
      [
        0.9833901479150836,
        0.006022114037533174,
        0.00922326772034956,
        0.001168179903868321,
        0.0001962904231652755
      ],
      [
        0.8818206955385134,
        0.0018152818886565407,
        0.11008146676612786,
        0.004735177795051288,
        0.0015473780116510357
      ],
      [
        0.9599723586709731,
        0.0001534607446082446,
        0.03900008762788405,
        0.0007456170289673603,
        0.0001284759275675809
      ],
      [
        0.05462871892545813,
        0.0009254298106927668,
        0.9389177159682364,
        0.005184217586357684,
        0.0003439177092547921
      ],
      [
        0.0006587400947439775,
        0.9955224278042846,
        0.00020788011749914097,
        0.003591842967958416,
        1.9109015513973274e-05
      ],
      [
        0.38054414808493014,
        0.5079292547906931,
        0.10105384667567927,
        0.008532217792020466,
        0.0019405326566770944
      ],
      [
        0.004088683677634043,
        0.9848750777160018,
        0.010259420236190392,
        0.0005983729921788084,
        0.0001784453779948247
      ],
      [
        0.03635756559147923,
        0.00036953728644207755,
        0.9624747818041707,
        0.0003344316213656858,
        0.00046368369654229194
      ],
      [
        0.004183986729186437,
        0.021182805791714502,
        0.9734295755611102,
        0.000763841124070159,
        0.00043979079391878896
      ],
      [
        0.061073027659406844,
        0.17437687534827795,
        0.7206475921338117,
        0.041471314716369216,
        0.0024311901421344407
      ],
      [
        0.012086107065736542,
        0.017771225363337258,
        0.9689098389165615,
        0.0012037000787489284,
        2.9128575615699663e-05
      ],
      [
        0.9798695366746035,
        0.01498617183388693,
        0.002630526787453476,
        0.001674200847122743,
        0.0008395638569336503
      ],
      [
        0.027681340445945918,
        0.9717093418370982,
        0.00010594586617010434,
        1.749027662849018e-05,
        0.00048588157415736745
      ],
      [
        0.12011984538801251,
        0.00010631464878877415,
        0.8791997062559922,
        5.912737580040629e-05,
        0.000515006331406309
      ],
      [
        0.2513624492849008,
        0.00649716613509972,
        0.6970662190057173,
        0.04426992386975863,
        0.0008042417045236271
      ],
      [
        0.00014308234571467027,
        0.9998451436324833,
        6.036435699359871e-06,
        1.997420717435474e-06,
        3.74016538516963e-06
      ],
      [
        0.002713816773857317,
        0.981116369274845,
        0.015216102535829064,
        0.0006129903421376856,
        0.0003407210733309419
      ],
      [
        0.21996893258581993,
        0.021106900390783667,
        0.6335503952066527,
        0.1231768810217098,
        0.0021968907950339392
      ],
      [
        0.00043260892388964563,
        0.9720066498535519,
        0.02672209313942547,
        0.0007406262704778663,
        9.802181265509663e-05
      ],
      [
        0.04637610838616843,
        0.8742396047727018,
        0.032700382257748524,
        0.04623715893242524,
        0.00044674565095610973
      ],
      [
        0.46969161694332723,
        0.013173896296332244,
        0.5101875062307181,
        0.00431248717516306,
        0.0026344933544594305
      ],
      [
        0.00019149811507156858,
        0.999459169705932,
        0.0003301554024355238,
        1.524359600188294e-06,
        1.765241696082782e-05
      ],
      [
        0.11737621739719908,
        0.8819296591786988,
        0.0006335848232238677,
        4.8528895695856935e-05,
        1.2009705182357098e-05
      ],
      [
        0.2532505780337793,
        0.0024151854682252683,
        0.7411140382100883,
        0.0006310800955082914,
        0.0025891181923989107
      ],
      [
        0.14516574800680837,
        0.0066086576069181256,
        0.8428918219819355,
        0.003538093527901583,
        0.0017956788764366869
      ],
      [
        0.009919612754946487,
        0.1696911015238117,
        0.787463827826726,
        0.032475623005478106,
        0.0004498348890378188
      ],
      [
        0.5800428223933713,
        0.41011055315678374,
        0.008564126379473826,
        9.461142317326293e-05,
        0.0011878866471977472
      ],
      [
        0.8830905317919997,
        0.11620747062986986,
        0.00020973217515958995,
        9.731819940286655e-05,
        0.0003949472035681104
      ],
      [
        0.00037901409835572396,
        0.00022288284310486618,
        0.9485939845360668,
        0.050782306985092694,
        2.181153737990553e-05
      ],
      [
        0.7620397786183554,
        0.20615811767942246,
        0.02966429452624053,
        0.001102697195786426,
        0.0010351119801951397
      ],
      [
        0.3500008610370869,
        0.21932653801017624,
        0.41563581455254445,
        0.011638637056861675,
        0.0033981493433306604
      ],
      [
        0.0003925644826562997,
        0.0005526609355270024,
        0.5455635979026974,
        0.45345477282431557,
        3.6403854803792294e-05
      ],
      [
        0.5159103777414147,
        0.47459769356546805,
        0.00531903679835266,
        0.0023533250834030777,
        0.0018195668113615679
      ],
      [
        0.007841079202732876,
        0.8920727026449566,
        0.09174073992710113,
        0.006866637776187986,
        0.0014788404490211884
      ],
      [
        0.00040547755957200305,
        0.7508230649591049,
        0.248364497738768,
        5.50035972485408e-05,
        0.00035195614530657965
      ],
      [
        0.8790158985448762,
        0.08144220949590286,
        0.03038477272215555,
        0.007907275022549494,
        0.0012498442145158044
      ],
      [
        0.08542690454137959,
        3.986254954240453e-05,
        0.9128031417905746,
        0.0008038283033124022,
        0.000926262815190834
      ],
      [
        0.5722556553088889,
        0.42038321611499907,
        0.0030372756701771285,
        0.003902684936506651,
        0.00042116796942828864
      ],
      [
        0.09717417208667464,
        0.00044128423146310455,
        0.8935627282138064,
        0.00014756977120262575,
        0.008674245696853225
      ],
      [
        0.0015598194368620338,
        0.8850820376967377,
        0.11282102237124098,
        0.00020342635790340257,
        0.00033369413725578713
      ],
      [
        8.631151742615007e-06,
        0.9953185998587629,
        0.0036856645165237916,
        0.0009703016939876778,
        1.6802778983180735e-05
      ],
      [
        0.00016858033118961232,
        0.9996548166976769,
        9.048771849957395e-05,
        5.853139841151421e-05,
        2.758385422247648e-05
      ],
      [
        0.035635061130903596,
        0.9565181331629286,
        0.006470022124253633,
        0.001228125821868214,
        0.00014865776004617073
      ],
      [
        0.00011612944807985577,
        0.9902512663578823,
        0.009571856802502903,
        3.885502158823731e-06,
        5.6861889376015776e-05
      ],
      [
        0.795121852315275,
        0.08204327317378571,
        0.11874783781756308,
        0.0015153325533967623,
        0.0025717041399792957
      ],
      [
        0.011979030609967673,
        0.9864381981296709,
        0.0015409923298678107,
        5.081462931497442e-06,
        3.6697467562242034e-05
      ],
      [
        0.00995881889262606,
        0.18058109140601025,
        0.8077480681670275,
        9.620031012306871e-05,
        0.0016158212242132074
      ],
      [
        0.19352987760425341,
        0.07266808073608719,
        0.682996882678596,
        0.04732992211605271,
        0.0034752368650106105
      ],
      [
        0.006108432476692258,
        0.0006179529044647701,
        0.9927584129822762,
        0.00027260835549292603,
        0.00024259328107395934
      ],
      [
        0.15770920182705406,
        0.06788934498284459,
        0.003647440760947761,
        0.7703960153665781,
        0.0003579970625754774
      ],
      [
        0.33113844541905335,
        0.4098218994264634,
        0.23937167343509563,
        0.01683109232063939,
        0.002836889398748086
      ],
      [
        0.0035022298100429185,
        0.6289992045429209,
        0.2723702168514741,
        0.09480900441827941,
        0.00031934437728250954
      ],
      [
        0.1548307869227077,
        0.8330882797321992,
        0.005276506926435598,
        0.006705772401668543,
        9.865401698881307e-05
      ],
      [
        0.001486398857399261,
        0.9983450209414594,
        2.8909058061738147e-05,
        8.99880835047629e-05,
        4.968305957489775e-05
      ],
      [
        0.04975946286888496,
        0.936421592396465,
        0.009731427105060727,
        0.0028965654988113887,
        0.0011909521307780948
      ],
      [
        0.0018813254692771513,
        0.9980925562002221,
        3.1554295616605327e-06,
        9.921627802288151e-06,
        1.3041273136835036e-05
      ],
      [
        0.0012017955956331343,
        0.0009888788110062408,
        0.9852505458935007,
        0.012371754858738235,
        0.00018702484112165693
      ],
      [
        0.885624614574621,
        0.07443571344421042,
        0.0043706041296738725,
        0.03514692525891632,
        0.0004221425925782345
      ],
      [
        0.12254185990042381,
        0.8736807965400243,
        0.0007066416210938437,
        0.0015029217557688968,
        0.0015677801826892367
      ],
      [
        0.09957358172403796,
        0.8653811988645972,
        0.02671147211968573,
        0.007770153309398959,
        0.0005635939822800004
      ],
      [
        0.12927979523522412,
        0.5983974945565034,
        0.2667826085164194,
        0.002200044858913493,
        0.003340056832939678
      ],
      [
        0.5806233181997177,
        1.2345351359760834e-05,
        0.41764164976259227,
        0.0014135951974127508,
        0.0003090914889175178
      ],
      [
        0.11018832349014303,
        0.860725148707542,
        0.021456547865901027,
        0.005146053994270537,
        0.0024839259421431605
      ],
      [
        0.00056258857973402,
        0.9971812544401434,
        0.002213547865341506,
        3.8430273034134486e-06,
        3.876608747791317e-05
      ],
      [
        0.6746628633582974,
        0.04345075406382092,
        0.2543587954354998,
        0.02665930323636492,
        0.0008682839060169188
      ],
      [
        2.8249207321828454e-05,
        0.9995822631453809,
        0.0003671817637004134,
        1.0190252097955811e-05,
        1.2115631498997614e-05
      ],
      [
        0.20784390555419882,
        0.7468204400973133,
        0.02391140649285997,
        0.020853964078800455,
        0.0005702837768273743
      ],
      [
        0.2662654981313641,
        8.185740541957848e-05,
        0.7300090395111917,
        0.003183113103617439,
        0.00046049184840723926
      ],
      [
        0.25523493481348863,
        0.42494559419880185,
        0.3023460522391126,
        0.010734316930926241,
        0.00673910181767061
      ],
      [
        0.21115598004568456,
        0.7313963274435002,
        0.05467940092321063,
        0.0021111407380499797,
        0.0006571508495548002
      ],
      [
        0.3115088170004132,
        0.04164129808060759,
        0.6074908454858541,
        0.03406448762411378,
        0.005294551809011383
      ],
      [
        0.5767423975450429,
        0.10018920195982083,
        0.280346490148843,
        0.040973075362422444,
        0.001748834983870869
      ],
      [
        0.9699907275076854,
        0.02727033677383533,
        0.0017035831908497813,
        0.00045245311658663825,
        0.0005828994110427773
      ],
      [
        0.0011775932298373638,
        0.11780601151267757,
        0.8732936628564163,
        0.0011466225894040186,
        0.006576109811664764
      ],
      [
        0.8382015147538446,
        0.09064507521281258,
        0.02855162383599712,
        0.041691109174106344,
        0.0009106770232394547
      ],
      [
        0.45142234055193514,
        0.00905240743655618,
        0.5380337062871474,
        0.00075366122508762,
        0.0007378844992736919
      ],
      [
        9.550375734460253e-06,
        0.9987954720010106,
        0.0011665095493705287,
        1.54498529144297e-05,
        1.3018220969981106e-05
      ],
      [
        0.060270308400788467,
        0.9392557557014938,
        0.00010633717502880446,
        1.825405848116914e-05,
        0.0003493446642078105
      ],
      [
        0.0017914406279493607,
        0.001750432309800014,
        0.9956381882456257,
        0.000758373807527821,
        6.15650090970772e-05
      ],
      [
        0.946180241066799,
        0.010025519829839862,
        0.025666812789125186,
        0.016692462879663663,
        0.0014349634345723714
      ],
      [
        0.019813134618176506,
        0.1525110769892462,
        0.8253726602016,
        0.00024383016723212824,
        0.00205929802374512
      ],
      [
        0.1496526489453632,
        0.3604047285655132,
        0.34146364976881327,
        0.14631158622972834,
        0.002167386490581875
      ],
      [
        0.02729863032204303,
        0.0026037758736137773,
        0.9696062303884082,
        0.00019800829933736003,
        0.00029335511659738976
      ],
      [
        0.940040989911812,
        0.05913204143111628,
        6.87374599981256e-05,
        3.591577855469018e-05,
        0.0007223154185188565
      ],
      [
        0.012882482765274574,
        0.19109154754098398,
        0.044485377843256464,
        0.7507544556881439,
        0.0007861361623411011
      ],
      [
        0.010708035935067264,
        0.9879783205633624,
        0.0011971476537203534,
        1.0253515751576209e-05,
        0.00010624233209831879
      ],
      [
        4.239337152990018e-05,
        0.9968938167769804,
        0.002256283378145661,
        7.016098295273202e-05,
        0.0007373454903912522
      ],
      [
        0.001771512153815514,
        0.9884389204274433,
        0.009365758665217732,
        0.0003651703186364637,
        5.863843488694776e-05
      ],
      [
        0.023260189605872332,
        0.8658655657107476,
        0.09605036660471122,
        0.007206976642928745,
        0.0076169014357401815
      ],
      [
        0.6508762869903801,
        0.013043146061120538,
        0.31967863356546783,
        0.014669220329199291,
        0.0017327130538321448
      ],
      [
        0.00019025176189839133,
        0.21037105545580534,
        0.788467767887275,
        0.00045275710178081227,
        0.00051816779324063
      ],
      [
        0.4638919054629886,
        0.014612372410564397,
        0.51582169088556,
        0.0037312776987480025,
        0.0019427535421390244
      ],
      [
        0.9235994770668261,
        0.0005908628964243941,
        0.0740438795834863,
        0.0003046785918145172,
        0.0014611018614488593
      ],
      [
        0.03625346259393446,
        0.007720584750514975,
        0.9478798244019115,
        0.0065303922036740025,
        0.0016157360499651093
      ],
      [
        0.07879196140832816,
        0.15803201428988572,
        0.7497823425327975,
        0.001020152809506807,
        0.012373528959481895
      ]
    ],
    "predictions": [
      0,
      2,
      1,
      1,
      2,
      2,
      2,
      2,
      0,
      2,
      0,
      0,
      0,
      2,
      1,
      1,
      1,
      2,
      2,
      2,
      2,
      0,
      1,
      2,
      2,
      1,
      1,
      2,
      1,
      1,
      2,
      1,
      1,
      2,
      2,
      2,
      0,
      0,
      2,
      0,
      2,
      2,
      0,
      1,
      1,
      0,
      2,
      0,
      2,
      1,
      1,
      1,
      1,
      1,
      0,
      1,
      2,
      2,
      2,
      3,
      1,
      1,
      1,
      1,
      1,
      1,
      2,
      0,
      1,
      1,
      1,
      0,
      1,
      1,
      0,
      1,
      1,
      2,
      1,
      1,
      2,
      0,
      0,
      2,
      0,
      2,
      1,
      1,
      2,
      0,
      2,
      1,
      2,
      0,
      3,
      1,
      1,
      1,
      1,
      0,
      2,
      2,
      0,
      2,
      2
    ],
    "true_labels": [
      1,
      4,
      1,
      4,
      4,
      1,
      2,
      2,
      4,
      2,
      0,
      2,
      2,
      2,
      1,
      1,
      2,
      2,
      0,
      0,
      1,
      0,
      1,
      0,
      0,
      1,
      1,
      2,
      1,
      3,
      2,
      0,
      1,
      2,
      2,
      4,
      1,
      0,
      3,
      1,
      0,
      3,
      2,
      1,
      1,
      0,
      0,
      0,
      2,
      0,
      2,
      3,
      1,
      4,
      0,
      0,
      1,
      2,
      4,
      1,
      1,
      1,
      0,
      0,
      1,
      1,
      2,
      0,
      0,
      0,
      3,
      4,
      1,
      4,
      0,
      1,
      1,
      0,
      1,
      0,
      0,
      1,
      2,
      1,
      0,
      2,
      2,
      1,
      2,
      0,
      1,
      0,
      2,
      0,
      3,
      1,
      1,
      0,
      1,
      0,
      4,
      1,
      0,
      2,
      1
    ],
    "patient_ids": [
      "A1K2P5",
      "A2H5K9",
      "A2L1N6",
      "A3H5R1",
      "A3P9V7",
      "A4A8V9",
      "A4K8R4",
      "A5D0G0",
      "A5H1Q2",
      "A5P5W0",
      "A5Q1W8",
      "A6A8H0",
      "A6B7Y4",
      "A6J0Y2",
      "A7E4J0",
      "A7F4G2",
      "B0L3Y2",
      "B1G9J3",
      "B2L0L2",
      "B3E2W8",
      "B3F0V9",
      "B3S2Z4",
      "B4E1K1",
      "B4S1Y2",
      "B5F8L9",
      "B5L5Y4",
      "B5T6V0",
      "B6I0T4",
      "B7F5P0",
      "B9H8N8",
      "C0L7V1",
      "C0N8P4",
      "C6U4W8",
      "C7L8Z8",
      "D1L6T4",
      "D3K5Q2",
      "D3Q0W9",
      "D6E9U8",
      "D9F5P1",
      "D9I8O7",
      "E0J2Z9",
      "E0J7L9",
      "E1L7M3",
      "E3L8U8",
      "E4I9O7",
      "E5J6L2",
      "E5S7W7",
      "E6H0V9",
      "E6J4N8",
      "E7L0N6",
      "E9V9Z2",
      "F0I6U8",
      "F0K4T6",
      "F5I1Z8",
      "G1J5K3",
      "G1K1V3",
      "G3M5S4",
      "G4I7V2",
      "G7N8R7",
      "G7S6V0",
      "G8K0M3",
      "G9N5V9",
      "H1N8S6",
      "H2M9S1",
      "H7K5U5",
      "H8K2K7",
      "I0I2J8",
      "I2J6Z6",
      "I4R8V6",
      "I5L3S2",
      "I6P4R0",
      "I6T4W8",
      "I8N8Y1",
      "I8Z0Z6",
      "J4J8Q3",
      "J9L4S2",
      "K6N4N7",
      "K7L2Y6",
      "K7N0R7",
      "L2V5Z0",
      "L5U7Y4",
      "L6T2T5",
      "L7Y7Z2",
      "L8N7Z0",
      "M2P5T8",
      "M4T4V6",
      "M6M9N1",
      "M6V2Y0",
      "N7P3T8",
      "N7W6Z8",
      "N9P5Z0",
      "N9Q4T8",
      "O4T6Y7",
      "O9V8W5",
      "P3P9S5",
      "P3R6Y5",
      "P8W4Z0",
      "Q1Q3T1",
      "Q3Q6R8",
      "Q4W5Z8",
      "Q5V8W3",
      "R3V5W7",
      "R6V5W3",
      "T2Z1Z9",
      "Y6Y9Z2"
    ]
  },
  "roc_auc": {
    "macro_auc": 0.6595558307704745,
    "per_class_auc": {
      "NOR": 0.7188317349607671,
      "DCM": 0.7457142857142857,
      "HCM": 0.7110286320254507,
      "ARV": 0.7643097643097644,
      "HHD": 0.35789473684210527
    }
  },
  "binary": {
    "accuracy": 0.7333333333333333,
    "f1": 0.8205128205128205,
    "sensitivity": 0.8648648648648649,
    "specificity": 0.41935483870967744,
    "roc_auc": 0.7188317349607672,
    "binary_labels": [
      1,
      1,
      1,
      1,
      1,
      1,
      1,
      1,
      1,
      1,
      0,
      1,
      1,
      1,
      1,
      1,
      1,
      1,
      0,
      0,
      1,
      0,
      1,
      0,
      0,
      1,
      1,
      1,
      1,
      1,
      1,
      0,
      1,
      1,
      1,
      1,
      1,
      0,
      1,
      1,
      0,
      1,
      1,
      1,
      1,
      0,
      0,
      0,
      1,
      0,
      1,
      1,
      1,
      1,
      0,
      0,
      1,
      1,
      1,
      1,
      1,
      1,
      0,
      0,
      1,
      1,
      1,
      0,
      0,
      0,
      1,
      1,
      1,
      1,
      0,
      1,
      1,
      0,
      1,
      0,
      0,
      1,
      1,
      1,
      0,
      1,
      1,
      1,
      1,
      0,
      1,
      0,
      1,
      0,
      1,
      1,
      1,
      0,
      1,
      0,
      1,
      1,
      0,
      1,
      1
    ],
    "binary_probs": [
      0.1072121296716444,
      0.9976020998684115,
      0.7788486373087289,
      0.951571020871476,
      0.8970379897027485,
      0.9903131364211264,
      0.9788122252882511,
      0.9972156719796127,
      0.02878182297615217,
      0.9693329207357301,
      0.016609852084916388,
      0.11817930446148661,
      0.04002764132902692,
      0.9453712810745418,
      0.999341259905256,
      0.6194558519150699,
      0.995911316322366,
      0.9636424344085208,
      0.9958160132708136,
      0.9389269723405932,
      0.9879138929342635,
      0.020130463325396475,
      0.972318659554054,
      0.8798801546119874,
      0.7486375507150992,
      0.9998569176542853,
      0.9972861832261427,
      0.78003106741418,
      0.9995673910761104,
      0.9536238916138315,
      0.5303083830566728,
      0.9998085018849284,
      0.8826237826028009,
      0.7467494219662207,
      0.8548342519931916,
      0.9900803872450535,
      0.41995717760662865,
      0.1169094682080003,
      0.9996209859016443,
      0.23796022138164463,
      0.6499991389629132,
      0.9996074355173437,
      0.4840896222585853,
      0.9921589207972671,
      0.999594522440428,
      0.12098410145512384,
      0.9145730954586204,
      0.4277443446911111,
      0.9028258279133253,
      0.998440180563138,
      0.9999913688482573,
      0.9998314196688104,
      0.9643649388690964,
      0.9998838705519202,
      0.204878147684725,
      0.9880209693900324,
      0.9900411811073739,
      0.8064701223957466,
      0.9938915675233078,
      0.8422907981729459,
      0.6688615545809466,
      0.9964977701899571,
      0.8451692130772923,
      0.9985136011426008,
      0.950240537131115,
      0.9981186745307229,
      0.9987982044043668,
      0.11437538542537895,
      0.8774581400995762,
      0.900426418275962,
      0.8707202047647759,
      0.4193766818002823,
      0.8898116765098569,
      0.999437411420266,
      0.3253371366417026,
      0.9999717507926782,
      0.7921560944458012,
      0.7337345018686359,
      0.7447650651865114,
      0.7888440199543154,
      0.6884911829995868,
      0.42325760245495714,
      0.030009272492314554,
      0.9988224067701627,
      0.16179848524615537,
      0.5485776594480649,
      0.9999904496242655,
      0.9397296915992115,
      0.9982085593720507,
      0.05381975893320101,
      0.9801868653818235,
      0.8503473510546368,
      0.972701369677957,
      0.05995901008818805,
      0.9871175172347254,
      0.9892919640649327,
      0.9999576066284701,
      0.9982284878461845,
      0.9767398103941277,
      0.34912371300961986,
      0.9998097482381016,
      0.5361080945370114,
      0.0764005229331739,
      0.9637465374060655,
      0.9212080385916719
    ]
  }
}
