{
  "config": {
    "dataset": "mnm",
    "backbone": "dinov3",
    "model_name": "dinov3_vits16",
    "eval_mode": "logreg",
    "freeze_backbone": true,
    "pooling": "cls",
    "embed_dim": 384,
    "best_hyperparam": 0.0010000000474974513,
    "hyperparam_name": "C",
    "num_classes": 5,
    "class_names": [
      "NOR",
      "DCM",
      "HCM",
      "ARV",
      "HHD"
    ]
  },
  "sweep_results": [
    {
      "param_value": 9.999999974752427e-07,
      "mean_cv_acc": 0.25806451612903225,
      "std_cv_acc": 0.0
    },
    {
      "param_value": 1.7782793975129607e-06,
      "mean_cv_acc": 0.25806451612903225,
      "std_cv_acc": 0.0
    },
    {
      "param_value": 3.1622776077711023e-06,
      "mean_cv_acc": 0.25806451612903225,
      "std_cv_acc": 0.0
    },
    {
      "param_value": 5.6234130170196295e-06,
      "mean_cv_acc": 0.25806451612903225,
      "std_cv_acc": 0.0
    },
    {
      "param_value": 9.999999747378752e-06,
      "mean_cv_acc": 0.2903225806451613,
      "std_cv_acc": 0.0
    },
    {
      "param_value": 1.778279329300858e-05,
      "mean_cv_acc": 0.45161290322580644,
      "std_cv_acc": 0.0
    },
    {
      "param_value": 3.162277789670043e-05,
      "mean_cv_acc": 0.4838709677419355,
      "std_cv_acc": 0.0
    },
    {
      "param_value": 5.62341338081751e-05,
      "mean_cv_acc": 0.4838709677419355,
      "std_cv_acc": 0.0
    },
    {
      "param_value": 9.999999747378752e-05,
      "mean_cv_acc": 0.4838709677419355,
      "std_cv_acc": 0.0
    },
    {
      "param_value": 0.00017782794020604342,
      "mean_cv_acc": 0.4838709677419355,
      "std_cv_acc": 0.0
    },
    {
      "param_value": 0.0003162277571391314,
      "mean_cv_acc": 0.5161290322580645,
      "std_cv_acc": 0.0
    },
    {
      "param_value": 0.000562341301701963,
      "mean_cv_acc": 0.5161290322580645,
      "std_cv_acc": 0.0
    },
    {
      "param_value": 0.0010000000474974513,
      "mean_cv_acc": 0.5483870967741935,
      "std_cv_acc": 0.0
    },
    {
      "param_value": 0.0017782794311642647,
      "mean_cv_acc": 0.5161290322580645,
      "std_cv_acc": 0.0
    },
    {
      "param_value": 0.003162277629598975,
      "mean_cv_acc": 0.5161290322580645,
      "std_cv_acc": 0.0
    },
    {
      "param_value": 0.005623413249850273,
      "mean_cv_acc": 0.4838709677419355,
      "std_cv_acc": 0.0
    },
    {
      "param_value": 0.009999999776482582,
      "mean_cv_acc": 0.4838709677419355,
      "std_cv_acc": 0.0
    },
    {
      "param_value": 0.017782794311642647,
      "mean_cv_acc": 0.4838709677419355,
      "std_cv_acc": 0.0
    },
    {
      "param_value": 0.03162277489900589,
      "mean_cv_acc": 0.4838709677419355,
      "std_cv_acc": 0.0
    },
    {
      "param_value": 0.05623413249850273,
      "mean_cv_acc": 0.4838709677419355,
      "std_cv_acc": 0.0
    },
    {
      "param_value": 0.10000000149011612,
      "mean_cv_acc": 0.4838709677419355,
      "std_cv_acc": 0.0
    },
    {
      "param_value": 0.17782793939113617,
      "mean_cv_acc": 0.4838709677419355,
      "std_cv_acc": 0.0
    },
    {
      "param_value": 0.3162277638912201,
      "mean_cv_acc": 0.4838709677419355,
      "std_cv_acc": 0.0
    },
    {
      "param_value": 0.5623413324356079,
      "mean_cv_acc": 0.4838709677419355,
      "std_cv_acc": 0.0
    },
    {
      "param_value": 1.0,
      "mean_cv_acc": 0.4838709677419355,
      "std_cv_acc": 0.0
    },
    {
      "param_value": 1.778279423713684,
      "mean_cv_acc": 0.4838709677419355,
      "std_cv_acc": 0.0
    },
    {
      "param_value": 3.1622776985168457,
      "mean_cv_acc": 0.45161290322580644,
      "std_cv_acc": 0.0
    },
    {
      "param_value": 5.6234130859375,
      "mean_cv_acc": 0.45161290322580644,
      "std_cv_acc": 0.0
    },
    {
      "param_value": 10.0,
      "mean_cv_acc": 0.45161290322580644,
      "std_cv_acc": 0.0
    },
    {
      "param_value": 17.782794952392578,
      "mean_cv_acc": 0.45161290322580644,
      "std_cv_acc": 0.0
    },
    {
      "param_value": 31.62277603149414,
      "mean_cv_acc": 0.45161290322580644,
      "std_cv_acc": 0.0
    },
    {
      "param_value": 56.234130859375,
      "mean_cv_acc": 0.45161290322580644,
      "std_cv_acc": 0.0
    },
    {
      "param_value": 100.0,
      "mean_cv_acc": 0.45161290322580644,
      "std_cv_acc": 0.0
    },
    {
      "param_value": 177.82794189453125,
      "mean_cv_acc": 0.45161290322580644,
      "std_cv_acc": 0.0
    },
    {
      "param_value": 316.2277526855469,
      "mean_cv_acc": 0.45161290322580644,
      "std_cv_acc": 0.0
    },
    {
      "param_value": 562.34130859375,
      "mean_cv_acc": 0.45161290322580644,
      "std_cv_acc": 0.0
    },
    {
      "param_value": 1000.0,
      "mean_cv_acc": 0.45161290322580644,
      "std_cv_acc": 0.0
    },
    {
      "param_value": 1778.2794189453125,
      "mean_cv_acc": 0.45161290322580644,
      "std_cv_acc": 0.0
    },
    {
      "param_value": 3162.277587890625,
      "mean_cv_acc": 0.45161290322580644,
      "std_cv_acc": 0.0
    },
    {
      "param_value": 5623.4130859375,
      "mean_cv_acc": 0.45161290322580644,
      "std_cv_acc": 0.0
    },
    {
      "param_value": 10000.0,
      "mean_cv_acc": 0.45161290322580644,
      "std_cv_acc": 0.0
    },
    {
      "param_value": 17782.794921875,
      "mean_cv_acc": 0.45161290322580644,
      "std_cv_acc": 0.0
    },
    {
      "param_value": 31622.77734375,
      "mean_cv_acc": 0.45161290322580644,
      "std_cv_acc": 0.0
    },
    {
      "param_value": 56234.1328125,
      "mean_cv_acc": 0.45161290322580644,
      "std_cv_acc": 0.0
    },
    {
      "param_value": 100000.0,
      "mean_cv_acc": 0.45161290322580644,
      "std_cv_acc": 0.0
    }
  ],
  "five_way": {
    "accuracy": 0.44761904761904764,
    "macro_f1": 0.2810353490332096,
    "macro_sensitivity": 0.33111600881586856,
    "macro_specificity": 0.8471833505979849,
    "per_class_sensitivity": {
      "NOR": 0.25806451612903225,
      "DCM": 0.5714285714285714,
      "HCM": 0.8260869565217391,
      "ARV": 0.0,
      "HHD": 0.0
    },
    "per_class_specificity": {
      "NOR": 0.9324324324324325,
      "DCM": 0.6571428571428571,
      "HCM": 0.6463414634146342,
      "ARV": 1.0,
      "HHD": 1.0
    },
    "confusion_matrix": [
      [
        8,
        14,
        9,
        0,
        0
      ],
      [
        3,
        20,
        12,
        0,
        0
      ],
      [
        1,
        3,
        19,
        0,
        0
      ],
      [
        0,
        3,
        3,
        0,
        0
      ],
      [
        1,
        4,
        5,
        0,
        0
      ]
    ],
    "classification_report": {
      "NOR": {
        "precision": 0.6153846153846154,
        "recall": 0.25806451612903225,
        "f1-score": 0.36363636363636365,
        "support": 31.0
      },
      "DCM": {
        "precision": 0.45454545454545453,
        "recall": 0.5714285714285714,
        "f1-score": 0.5063291139240507,
        "support": 35.0
      },
      "HCM": {
        "precision": 0.3958333333333333,
        "recall": 0.8260869565217391,
        "f1-score": 0.5352112676056338,
        "support": 23.0
      },
      "ARV": {
        "precision": 0.0,
        "recall": 0.0,
        "f1-score": 0.0,
        "support": 6.0
      },
      "HHD": {
        "precision": 0.0,
        "recall": 0.0,
        "f1-score": 0.0,
        "support": 10.0
      },
      "accuracy": 0.44761904761904764,
      "macro avg": {
        "precision": 0.29315268065268063,
        "recall": 0.33111600881586856,
        "f1-score": 0.2810353490332096,
        "support": 105.0
      },
      "weighted avg": {
        "precision": 0.4199064824064824,
        "recall": 0.44761904761904764,
        "f1-score": 0.3933724325237964,
        "support": 105.0
      }
    },
    "probabilities": [
      [
        0.3039901573514359,
        0.486514586315612,
        0.16691500014055285,
        0.03558739444561848,
        0.006992861746780671
      ],
      [
        0.2489257410419065,
        0.09943845112462561,
        0.6233401067284828,
        0.020127229963976954,
        0.008168471141007919
      ],
      [
        0.23359610797524846,
        0.4886998761328033,
        0.15282283439758268,
        0.11833384100189925,
        0.0065473404924662505
      ],
      [
        0.30437128380409967,
        0.47370408766105515,
        0.19128886906482304,
        0.02379824200988195,
        0.006837517460140093
      ],
      [
        0.16738893190074314,
        0.4286719621443323,
        0.35995811762560675,
        0.037137599553096375,
        0.0068433887762216015
      ],
      [
        0.2944472095296353,
        0.26166578883179686,
        0.40971344609931876,
        0.025649716239986034,
        0.008523839299262875
      ],
      [
        0.1376251083192103,
        0.19608947588435893,
        0.5990261598045111,
        0.05977536428637534,
        0.007483891705544262
      ],
      [
        0.2910453344493978,
        0.09998094240163895,
        0.5800653484119075,
        0.020857739588030735,
        0.008050635149025032
      ],
      [
        0.47911961170529815,
        0.26891943854128936,
        0.21719919169164653,
        0.026071349430432544,
        0.008690408631333496
      ],
      [
        0.2150078932698344,
        0.14826394487209854,
        0.5829640698814912,
        0.045972200670489134,
        0.007791891306086678
      ],
      [
        0.39029026606442363,
        0.4198250387869519,
        0.1502336162227172,
        0.032479091603797285,
        0.007171987322109988
      ],
      [
        0.32924935260691823,
        0.13609782229417206,
        0.4772980886290796,
        0.04888550837033047,
        0.008469228099499777
      ],
      [
        0.39473154882531997,
        0.2138596840079365,
        0.3355046358108962,
        0.048024275408897414,
        0.007879855946950124
      ],
      [
        0.19473204341186928,
        0.08055186626168877,
        0.6902658768382016,
        0.027302269243064767,
        0.0071479442451755386
      ],
      [
        0.1657860565109863,
        0.38394042502334735,
        0.38586236728948653,
        0.056790230506549896,
        0.007620920669630024
      ],
      [
        0.28179850584784977,
        0.2976068175284253,
        0.35052461871561313,
        0.06171757012151455,
        0.008352487786597215
      ],
      [
        0.1446443682604821,
        0.48698742645629406,
        0.32740088734102135,
        0.03396130285823253,
        0.007006015083970126
      ],
      [
        0.29245343600106066,
        0.13117843877796073,
        0.5428513300596454,
        0.02514970576872024,
        0.008367089392612995
      ],
      [
        0.09889510585448329,
        0.16701199970691205,
        0.7045163602975371,
        0.023062661476379687,
        0.006513872664687949
      ],
      [
        0.29108229859315365,
        0.28419689468494397,
        0.36401090536864306,
        0.05273763043324898,
        0.007972270920010472
      ],
      [
        0.2208307662487208,
        0.37509623246378626,
        0.3225989305016986,
        0.07480599737512089,
        0.006668073410673519
      ],
      [
        0.3794367302448575,
        0.45476847429213746,
        0.12827202696058138,
        0.029871582352343273,
        0.00765118615008056
      ],
      [
        0.1989931008804686,
        0.7242364180505793,
        0.05849335300031385,
        0.013426679635362244,
        0.00485044843327589
      ],
      [
        0.3246140861276687,
        0.12828317083735916,
        0.5205533811969446,
        0.018006697589202356,
        0.008542664248825257
      ],
      [
        0.4377256595558289,
        0.20734898191435033,
        0.2430372180335056,
        0.10432589545468282,
        0.007562245041632368
      ],
      [
        0.2994437668526957,
        0.5495902843435861,
        0.12006719965159204,
        0.023861378234701254,
        0.007037370917424778
      ],
      [
        0.21119850896096887,
        0.5071123214859995,
        0.2431840640483858,
        0.030607635247725466,
        0.007897470256920475
      ],
      [
        0.3513347700066018,
        0.19328543138373513,
        0.3868827634664934,
        0.059704177109647746,
        0.00879285803352181
      ],
      [
        0.2081145903948955,
        0.3259233292357727,
        0.4264820605562958,
        0.031591908742466014,
        0.007888111070569916
      ],
      [
        0.20681060089314454,
        0.5119096900755,
        0.16423902061244533,
        0.11072199619015144,
        0.006318692228758737
      ],
      [
        0.2831541809881986,
        0.17206409048405732,
        0.49539818926098556,
        0.04138443171600811,
        0.00799910755075031
      ],
      [
        0.16222844435480538,
        0.5817028838036249,
        0.22920091613283736,
        0.02057453756354776,
        0.006293218145184607
      ],
      [
        0.25405479174290024,
        0.588385539579338,
        0.10357881935584207,
        0.04882731364123888,
        0.005153535680680774
      ],
      [
        0.2653996948520159,
        0.15962869787341744,
        0.5425096029278836,
        0.02342395616412567,
        0.009038048182557422
      ],
      [
        0.26823444171411903,
        0.08677875840227126,
        0.5970500751717942,
        0.040509683511381754,
        0.007427041200433668
      ],
      [
        0.24371196898472464,
        0.2883368144667557,
        0.3797947400255001,
        0.08010580187601364,
        0.008050674647005988
      ],
      [
        0.34694563632304093,
        0.4568998134919992,
        0.1700517744060865,
        0.019035767340009817,
        0.007067008438863635
      ],
      [
        0.3704032012120971,
        0.4809026229448074,
        0.11527281598170268,
        0.025944874047331274,
        0.007476485814061395
      ],
      [
        0.08354431025368332,
        0.18533438318159465,
        0.6283954873184504,
        0.0966107046147607,
        0.006115114631510992
      ],
      [
        0.2124028633706021,
        0.36088805632300425,
        0.39168682768901836,
        0.02671805976038133,
        0.008304192856994038
      ],
      [
        0.27451914328339294,
        0.2504909805882301,
        0.42486359112696337,
        0.04162677431743873,
        0.008499510683974757
      ],
      [
        0.0849988590212737,
        0.17565515294748205,
        0.6263429063015423,
        0.1065841909096063,
        0.0064188908200956294
      ],
      [
        0.3404122193332473,
        0.4842342741848243,
        0.12531351496047363,
        0.043218001451276605,
        0.006821990070178279
      ],
      [
        0.25106782045377,
        0.2740374527077614,
        0.42649589459712467,
        0.039474827323496574,
        0.008924004917847379
      ],
      [
        0.18485707950184532,
        0.5245554045610907,
        0.2664564476534886,
        0.01691175717040948,
        0.007219311113165788
      ],
      [
        0.3282222501155228,
        0.22222722302911163,
        0.3941810653686416,
        0.04690827936749756,
        0.008461182119226356
      ],
      [
        0.35939111751296615,
        0.08005746298585949,
        0.5262421314221439,
        0.02631365555564193,
        0.007995632523388432
      ],
      [
        0.3324821168130172,
        0.31072075008525524,
        0.29388669592326566,
        0.055246233594643215,
        0.007664203583818772
      ],
      [
        0.1633600562280632,
        0.067873415311363,
        0.7425387980099003,
        0.019595721531305354,
        0.006632008919368072
      ],
      [
        0.16446224242926455,
        0.3526202227988262,
        0.43883949903565456,
        0.03618510227438225,
        0.007892933461872531
      ],
      [
        0.10522983671113285,
        0.33169210127303844,
        0.48715409279597466,
        0.06914219666857353,
        0.00678177255128061
      ],
      [
        0.20696837371356788,
        0.5511660028661446,
        0.19503941790990972,
        0.039599189381339196,
        0.007227016129038672
      ],
      [
        0.2707768931541274,
        0.44424894182772573,
        0.1569279878740854,
        0.12136220494763461,
        0.00668397219642693
      ],
      [
        0.1306145260089322,
        0.5332158278200388,
        0.3072323661241072,
        0.022203466097282982,
        0.006733813949638836
      ],
      [
        0.32171103813325685,
        0.4490126713787318,
        0.1951323809840515,
        0.026540201286634875,
        0.007603708217325098
      ],
      [
        0.36241237328142784,
        0.38730597771162195,
        0.21811241572626078,
        0.02434123362160813,
        0.007827999659081148
      ],
      [
        0.263914712062515,
        0.33905531186012466,
        0.35937528706966987,
        0.028945603501960588,
        0.008709085505729674
      ],
      [
        0.2475198804361249,
        0.251436437542445,
        0.4421778343308776,
        0.050242185778776635,
        0.008623661911775828
      ],
      [
        0.2433946474647126,
        0.11627077948296602,
        0.6073409502726024,
        0.02518117574867693,
        0.007812447031042054
      ],
      [
        0.38190958146859283,
        0.33680171624456684,
        0.13591916081127628,
        0.13872135551458933,
        0.00664818596097472
      ],
      [
        0.31794233890720275,
        0.28044914904221757,
        0.34657237786434264,
        0.04575342657246976,
        0.009282707613767201
      ],
      [
        0.37870372638634975,
        0.2872690341518924,
        0.21180437123719031,
        0.11506524741030343,
        0.007157620814263988
      ],
      [
        0.36663528460553646,
        0.45825562631761446,
        0.09067680117483279,
        0.07910230573434572,
        0.0053299821676705975
      ],
      [
        0.22755297133283925,
        0.627996635432722,
        0.10702079485083238,
        0.031655350682320046,
        0.005774247701286371
      ],
      [
        0.29183890265061657,
        0.5341621571606534,
        0.1448465337585703,
        0.021915402746638998,
        0.007237003683520689
      ],
      [
        0.21475897256006923,
        0.6489338361481634,
        0.10580643957135027,
        0.024496945724667384,
        0.006003805995749838
      ],
      [
        0.29225264003759766,
        0.18493364790417308,
        0.44970105446412284,
        0.064196703083467,
        0.008915954510639462
      ],
      [
        0.3576885067422482,
        0.36494316620599565,
        0.13576879163508562,
        0.1341072795309909,
        0.007492255885679487
      ],
      [
        0.22340390786947759,
        0.6621486996660558,
        0.07703455151946355,
        0.03168814923734765,
        0.00572469170765528
      ],
      [
        0.17682719986498266,
        0.499658791011073,
        0.22796015835875916,
        0.08873610179961425,
        0.006817748965570854
      ],
      [
        0.2067832353385279,
        0.3265913569570528,
        0.4267498446606286,
        0.03209828465342832,
        0.007777278390362286
      ],
      [
        0.28875961467540584,
        0.056703528640321896,
        0.6110271025534809,
        0.03675892303808104,
        0.0067508310927103295
      ],
      [
        0.3239875655688156,
        0.45632534107658973,
        0.17684866066119118,
        0.035342076248368194,
        0.0074963564450355406
      ],
      [
        0.18882059225490166,
        0.5057869286936998,
        0.2767605529962507,
        0.021729901027795952,
        0.006902025027351989
      ],
      [
        0.39410055226733887,
        0.2533348230052862,
        0.23716087810554043,
        0.1077107397727006,
        0.007693006849133791
      ],
      [
        0.15593303661943653,
        0.5207378303105107,
        0.2938150650786134,
        0.02201946218279092,
        0.007494605808648477
      ],
      [
        0.1731357608405386,
        0.6834919893552089,
        0.09218411583461657,
        0.0459204628267082,
        0.005267671142927598
      ],
      [
        0.29498633624510046,
        0.06832594244702024,
        0.5893097221697745,
        0.04020570403796013,
        0.007172295100144712
      ],
      [
        0.2644600337133896,
        0.26075451506237896,
        0.4248180744057768,
        0.04136325249504561,
        0.008604124323409061
      ],
      [
        0.25113339207324914,
        0.4594699853666814,
        0.24853712817632612,
        0.03393215882551689,
        0.006927335558226289
      ],
      [
        0.32116388732056794,
        0.24307018344885598,
        0.3773512207379841,
        0.049684383768842315,
        0.008730324723749457
      ],
      [
        0.3153038119303529,
        0.17210033495271312,
        0.4404542806109697,
        0.06344452859563127,
        0.008697043910332923
      ],
      [
        0.31347368507283146,
        0.34894349905167216,
        0.3061547509274436,
        0.02267677317053199,
        0.008751291777520783
      ],
      [
        0.1932276750024904,
        0.17585907631780795,
        0.589036754493536,
        0.03321404759418691,
        0.008662446591978724
      ],
      [
        0.3909314411692768,
        0.29502516295629283,
        0.25310463211086365,
        0.05259543887685342,
        0.008343324886713408
      ],
      [
        0.32341456717705547,
        0.2082502209151809,
        0.42842892826442985,
        0.031830281686583736,
        0.008076001956749916
      ],
      [
        0.12987402727040462,
        0.3714595068539716,
        0.45325962809102327,
        0.03859012632232748,
        0.0068167114622730415
      ],
      [
        0.23846974726490522,
        0.6747784630634971,
        0.06694249125291198,
        0.014202993084053189,
        0.005606305334632464
      ],
      [
        0.17344948089551113,
        0.150246660983356,
        0.6338634138897359,
        0.03554620222203716,
        0.006894242009359814
      ],
      [
        0.5388685666996655,
        0.21237841708920863,
        0.2114769678949964,
        0.029450543165858666,
        0.007825505150270817
      ],
      [
        0.26451361102810966,
        0.3531839831712083,
        0.3418479489172567,
        0.032150991778291005,
        0.008303465105134373
      ],
      [
        0.2949925122455113,
        0.378528041870865,
        0.2732608418563842,
        0.0450789279602223,
        0.008139676067017123
      ],
      [
        0.21648539048802332,
        0.07632929770080056,
        0.6778755426061862,
        0.02226364817305354,
        0.007046121031936329
      ],
      [
        0.27476114751198877,
        0.6009118117893775,
        0.10098635376742145,
        0.016499539584821026,
        0.006841147346391174
      ],
      [
        0.2241904280809519,
        0.36552537568681126,
        0.2844112651029469,
        0.11740878240877993,
        0.008464148720509993
      ],
      [
        0.23579122720237455,
        0.5922178368997191,
        0.15210020447372094,
        0.013475076456206549,
        0.006415654967978939
      ],
      [
        0.12101772340286528,
        0.5569775455195982,
        0.2918838535897925,
        0.022020117127170395,
        0.00810076036057353
      ],
      [
        0.34660007883870053,
        0.34547736774523724,
        0.21986145456339914,
        0.08063423666656977,
        0.007426862186093348
      ],
      [
        0.32485951679530384,
        0.3512512462015567,
        0.282283553667774,
        0.032181965391077996,
        0.009423717944287553
      ],
      [
        0.35003863322715933,
        0.2747764139156074,
        0.3247530686331491,
        0.04238886900014175,
        0.00804301522394235
      ],
      [
        0.1353666651385934,
        0.11677668931911396,
        0.7049186636958036,
        0.03652591432745307,
        0.006412067519036075
      ],
      [
        0.2680146516740717,
        0.1660447758731676,
        0.5100890465983168,
        0.047997746864549135,
        0.007853778989894752
      ],
      [
        0.5270395017083849,
        0.19001490125668674,
        0.2491578381483567,
        0.025642231880727614,
        0.008145527005844125
      ],
      [
        0.3338493335859785,
        0.1289913321156873,
        0.480706113517495,
        0.04867971594350783,
        0.007773504837331433
      ],
      [
        0.35026805344491835,
        0.3090266802664629,
        0.30776230301511626,
        0.023970026901709227,
        0.008972936371793331
      ]
    ],
    "predictions": [
      1,
      2,
      1,
      1,
      1,
      2,
      2,
      2,
      0,
      2,
      1,
      2,
      0,
      2,
      2,
      2,
      1,
      2,
      2,
      2,
      1,
      1,
      1,
      2,
      0,
      1,
      1,
      2,
      2,
      1,
      2,
      1,
      1,
      2,
      2,
      2,
      1,
      1,
      2,
      2,
      2,
      2,
      1,
      2,
      1,
      2,
      2,
      0,
      2,
      2,
      2,
      1,
      1,
      1,
      1,
      1,
      2,
      2,
      2,
      0,
      2,
      0,
      1,
      1,
      1,
      1,
      2,
      1,
      1,
      1,
      2,
      2,
      1,
      1,
      0,
      1,
      1,
      2,
      2,
      1,
      2,
      2,
      1,
      2,
      0,
      2,
      2,
      1,
      2,
      0,
      1,
      1,
      2,
      1,
      1,
      1,
      1,
      0,
      1,
      0,
      2,
      2,
      0,
      2,
      0
    ],
    "true_labels": [
      1,
      4,
      1,
      4,
      4,
      1,
      2,
      2,
      4,
      2,
      0,
      2,
      2,
      2,
      1,
      1,
      2,
      2,
      0,
      0,
      1,
      0,
      1,
      0,
      0,
      1,
      1,
      2,
      1,
      3,
      2,
      0,
      1,
      2,
      2,
      4,
      1,
      0,
      3,
      1,
      0,
      3,
      2,
      1,
      1,
      0,
      0,
      0,
      2,
      0,
      2,
      3,
      1,
      4,
      0,
      0,
      1,
      2,
      4,
      1,
      1,
      1,
      0,
      0,
      1,
      1,
      2,
      0,
      0,
      0,
      3,
      4,
      1,
      4,
      0,
      1,
      1,
      0,
      1,
      0,
      0,
      1,
      2,
      1,
      0,
      2,
      2,
      1,
      2,
      0,
      1,
      0,
      2,
      0,
      3,
      1,
      1,
      0,
      1,
      0,
      4,
      1,
      0,
      2,
      1
    ],
    "patient_ids": [
      "A1K2P5",
      "A2H5K9",
      "A2L1N6",
      "A3H5R1",
      "A3P9V7",
      "A4A8V9",
      "A4K8R4",
      "A5D0G0",
      "A5H1Q2",
      "A5P5W0",
      "A5Q1W8",
      "A6A8H0",
      "A6B7Y4",
      "A6J0Y2",
      "A7E4J0",
      "A7F4G2",
      "B0L3Y2",
      "B1G9J3",
      "B2L0L2",
      "B3E2W8",
      "B3F0V9",
      "B3S2Z4",
      "B4E1K1",
      "B4S1Y2",
      "B5F8L9",
      "B5L5Y4",
      "B5T6V0",
      "B6I0T4",
      "B7F5P0",
      "B9H8N8",
      "C0L7V1",
      "C0N8P4",
      "C6U4W8",
      "C7L8Z8",
      "D1L6T4",
      "D3K5Q2",
      "D3Q0W9",
      "D6E9U8",
      "D9F5P1",
      "D9I8O7",
      "E0J2Z9",
      "E0J7L9",
      "E1L7M3",
      "E3L8U8",
      "E4I9O7",
      "E5J6L2",
      "E5S7W7",
      "E6H0V9",
      "E6J4N8",
      "E7L0N6",
      "E9V9Z2",
      "F0I6U8",
      "F0K4T6",
      "F5I1Z8",
      "G1J5K3",
      "G1K1V3",
      "G3M5S4",
      "G4I7V2",
      "G7N8R7",
      "G7S6V0",
      "G8K0M3",
      "G9N5V9",
      "H1N8S6",
      "H2M9S1",
      "H7K5U5",
      "H8K2K7",
      "I0I2J8",
      "I2J6Z6",
      "I4R8V6",
      "I5L3S2",
      "I6P4R0",
      "I6T4W8",
      "I8N8Y1",
      "I8Z0Z6",
      "J4J8Q3",
      "J9L4S2",
      "K6N4N7",
      "K7L2Y6",
      "K7N0R7",
      "L2V5Z0",
      "L5U7Y4",
      "L6T2T5",
      "L7Y7Z2",
      "L8N7Z0",
      "M2P5T8",
      "M4T4V6",
      "M6M9N1",
      "M6V2Y0",
      "N7P3T8",
      "N7W6Z8",
      "N9P5Z0",
      "N9Q4T8",
      "O4T6Y7",
      "O9V8W5",
      "P3P9S5",
      "P3R6Y5",
      "P8W4Z0",
      "Q1Q3T1",
      "Q3Q6R8",
      "Q4W5Z8",
      "Q5V8W3",
      "R3V5W7",
      "R6V5W3",
      "T2Z1Z9",
      "Y6Y9Z2"
    ]
  },
  "roc_auc": {
    "macro_auc": 0.6990688601716236,
    "per_class_auc": {
      "NOR": 0.7410636442894507,
      "DCM": 0.7212244897959184,
      "HCM": 0.8176033934252386,
      "ARV": 0.7996632996632996,
      "HHD": 0.41578947368421054
    }
  },
  "binary": {
    "accuracy": 0.7238095238095238,
    "f1": 0.8361581920903954,
    "sensitivity": 1.0,
    "specificity": 0.06451612903225806,
    "roc_auc": 0.7410636442894507,
    "binary_labels": [
      1,
      1,
      1,
      1,
      1,
      1,
      1,
      1,
      1,
      1,
      0,
      1,
      1,
      1,
      1,
      1,
      1,
      1,
      0,
      0,
      1,
      0,
      1,
      0,
      0,
      1,
      1,
      1,
      1,
      1,
      1,
      0,
      1,
      1,
      1,
      1,
      1,
      0,
      1,
      1,
      0,
      1,
      1,
      1,
      1,
      0,
      0,
      0,
      1,
      0,
      1,
      1,
      1,
      1,
      0,
      0,
      1,
      1,
      1,
      1,
      1,
      1,
      0,
      0,
      1,
      1,
      1,
      0,
      0,
      0,
      1,
      1,
      1,
      1,
      0,
      1,
      1,
      0,
      1,
      0,
      0,
      1,
      1,
      1,
      0,
      1,
      1,
      1,
      1,
      0,
      1,
      0,
      1,
      0,
      1,
      1,
      1,
      0,
      1,
      0,
      1,
      1,
      0,
      1,
      1
    ],
    "binary_probs": [
      0.6960098426485641,
      0.7510742589580934,
      0.7664038920247516,
      0.6956287161959003,
      0.8326110680992569,
      0.7055527904703647,
      0.8623748916807897,
      0.7089546655506023,
      0.5208803882947018,
      0.7849921067301656,
      0.6097097339355764,
      0.6707506473930818,
      0.60526845117468,
      0.8052679565881307,
      0.8342139434890137,
      0.7182014941521502,
      0.8553556317395179,
      0.7075465639989393,
      0.9011048941455168,
      0.7089177014068464,
      0.7791692337512792,
      0.6205632697551424,
      0.8010068991195314,
      0.6753859138723313,
      0.562274340444171,
      0.7005562331473043,
      0.7888014910390311,
      0.6486652299933982,
      0.7918854096051045,
      0.7931893991068555,
      0.7168458190118014,
      0.8377715556451946,
      0.7459452082570998,
      0.7346003051479841,
      0.731765558285881,
      0.7562880310152753,
      0.653054363676959,
      0.629596798787903,
      0.9164556897463166,
      0.7875971366293979,
      0.7254808567166071,
      0.9150011409787263,
      0.6595877806667527,
      0.74893217954623,
      0.8151429204981546,
      0.6717777498844772,
      0.6406088824870338,
      0.6675178831869828,
      0.8366399437719367,
      0.8355377575707355,
      0.8947701632888672,
      0.7930316262864321,
      0.7292231068458725,
      0.8693854739910678,
      0.6782889618667431,
      0.6375876267185722,
      0.7360852879374851,
      0.7524801195638751,
      0.7566053525352874,
      0.6180904185314071,
      0.6820576610927973,
      0.6212962736136503,
      0.6333647153944635,
      0.7724470286671608,
      0.7081610973493835,
      0.7852410274399307,
      0.7077473599624023,
      0.6423114932577518,
      0.7765960921305224,
      0.8231728001350174,
      0.7932167646614721,
      0.7112403853245941,
      0.6760124344311844,
      0.8111794077450983,
      0.6058994477326611,
      0.8440669633805635,
      0.8268642391594614,
      0.7050136637548996,
      0.7355399662866104,
      0.7488666079267509,
      0.678836112679432,
      0.6846961880696472,
      0.6865263149271685,
      0.8067723249975096,
      0.6090685588307232,
      0.6765854328229446,
      0.8701259727295954,
      0.7615302527350948,
      0.8265505191044888,
      0.46113143330033446,
      0.7354863889718903,
      0.7050074877544887,
      0.7835146095119767,
      0.7252388524880112,
      0.7758095719190481,
      0.7642087727976254,
      0.8789822765971347,
      0.6533999211612995,
      0.6751404832046961,
      0.6499613667728407,
      0.8646333348614066,
      0.7319853483259283,
      0.47296049829161513,
      0.6661506664140215,
      0.6497319465550817
    ]
  }
}
