{
  "config": {
    "dataset": "mnm",
    "backbone": "sam",
    "model_name": "sam_vit_large",
    "eval_mode": "logreg",
    "freeze_backbone": true,
    "pooling": "gap",
    "embed_dim": 1024,
    "best_hyperparam": 0.0003162277571391314,
    "hyperparam_name": "C",
    "num_classes": 5,
    "class_names": [
      "NOR",
      "DCM",
      "HCM",
      "ARV",
      "HHD"
    ]
  },
  "sweep_results": [
    {
      "param_value": 9.999999974752427e-07,
      "mean_cv_acc": 0.25806451612903225,
      "std_cv_acc": 0.0
    },
    {
      "param_value": 1.7782793975129607e-06,
      "mean_cv_acc": 0.25806451612903225,
      "std_cv_acc": 0.0
    },
    {
      "param_value": 3.1622776077711023e-06,
      "mean_cv_acc": 0.2903225806451613,
      "std_cv_acc": 0.0
    },
    {
      "param_value": 5.6234130170196295e-06,
      "mean_cv_acc": 0.3870967741935484,
      "std_cv_acc": 0.0
    },
    {
      "param_value": 9.999999747378752e-06,
      "mean_cv_acc": 0.4838709677419355,
      "std_cv_acc": 0.0
    },
    {
      "param_value": 1.778279329300858e-05,
      "mean_cv_acc": 0.4838709677419355,
      "std_cv_acc": 0.0
    },
    {
      "param_value": 3.162277789670043e-05,
      "mean_cv_acc": 0.45161290322580644,
      "std_cv_acc": 0.0
    },
    {
      "param_value": 5.62341338081751e-05,
      "mean_cv_acc": 0.45161290322580644,
      "std_cv_acc": 0.0
    },
    {
      "param_value": 9.999999747378752e-05,
      "mean_cv_acc": 0.4838709677419355,
      "std_cv_acc": 0.0
    },
    {
      "param_value": 0.00017782794020604342,
      "mean_cv_acc": 0.4838709677419355,
      "std_cv_acc": 0.0
    },
    {
      "param_value": 0.0003162277571391314,
      "mean_cv_acc": 0.5161290322580645,
      "std_cv_acc": 0.0
    },
    {
      "param_value": 0.000562341301701963,
      "mean_cv_acc": 0.4838709677419355,
      "std_cv_acc": 0.0
    },
    {
      "param_value": 0.0010000000474974513,
      "mean_cv_acc": 0.4838709677419355,
      "std_cv_acc": 0.0
    },
    {
      "param_value": 0.0017782794311642647,
      "mean_cv_acc": 0.41935483870967744,
      "std_cv_acc": 0.0
    },
    {
      "param_value": 0.003162277629598975,
      "mean_cv_acc": 0.45161290322580644,
      "std_cv_acc": 0.0
    },
    {
      "param_value": 0.005623413249850273,
      "mean_cv_acc": 0.4838709677419355,
      "std_cv_acc": 0.0
    },
    {
      "param_value": 0.009999999776482582,
      "mean_cv_acc": 0.4838709677419355,
      "std_cv_acc": 0.0
    },
    {
      "param_value": 0.017782794311642647,
      "mean_cv_acc": 0.4838709677419355,
      "std_cv_acc": 0.0
    },
    {
      "param_value": 0.03162277489900589,
      "mean_cv_acc": 0.4838709677419355,
      "std_cv_acc": 0.0
    },
    {
      "param_value": 0.05623413249850273,
      "mean_cv_acc": 0.4838709677419355,
      "std_cv_acc": 0.0
    },
    {
      "param_value": 0.10000000149011612,
      "mean_cv_acc": 0.4838709677419355,
      "std_cv_acc": 0.0
    },
    {
      "param_value": 0.17782793939113617,
      "mean_cv_acc": 0.4838709677419355,
      "std_cv_acc": 0.0
    },
    {
      "param_value": 0.3162277638912201,
      "mean_cv_acc": 0.4838709677419355,
      "std_cv_acc": 0.0
    },
    {
      "param_value": 0.5623413324356079,
      "mean_cv_acc": 0.5161290322580645,
      "std_cv_acc": 0.0
    },
    {
      "param_value": 1.0,
      "mean_cv_acc": 0.5161290322580645,
      "std_cv_acc": 0.0
    },
    {
      "param_value": 1.778279423713684,
      "mean_cv_acc": 0.5161290322580645,
      "std_cv_acc": 0.0
    },
    {
      "param_value": 3.1622776985168457,
      "mean_cv_acc": 0.5161290322580645,
      "std_cv_acc": 0.0
    },
    {
      "param_value": 5.6234130859375,
      "mean_cv_acc": 0.5161290322580645,
      "std_cv_acc": 0.0
    },
    {
      "param_value": 10.0,
      "mean_cv_acc": 0.5161290322580645,
      "std_cv_acc": 0.0
    },
    {
      "param_value": 17.782794952392578,
      "mean_cv_acc": 0.5161290322580645,
      "std_cv_acc": 0.0
    },
    {
      "param_value": 31.62277603149414,
      "mean_cv_acc": 0.5161290322580645,
      "std_cv_acc": 0.0
    },
    {
      "param_value": 56.234130859375,
      "mean_cv_acc": 0.5161290322580645,
      "std_cv_acc": 0.0
    },
    {
      "param_value": 100.0,
      "mean_cv_acc": 0.5161290322580645,
      "std_cv_acc": 0.0
    },
    {
      "param_value": 177.82794189453125,
      "mean_cv_acc": 0.5161290322580645,
      "std_cv_acc": 0.0
    },
    {
      "param_value": 316.2277526855469,
      "mean_cv_acc": 0.5161290322580645,
      "std_cv_acc": 0.0
    },
    {
      "param_value": 562.34130859375,
      "mean_cv_acc": 0.5161290322580645,
      "std_cv_acc": 0.0
    },
    {
      "param_value": 1000.0,
      "mean_cv_acc": 0.4838709677419355,
      "std_cv_acc": 0.0
    },
    {
      "param_value": 1778.2794189453125,
      "mean_cv_acc": 0.4838709677419355,
      "std_cv_acc": 0.0
    },
    {
      "param_value": 3162.277587890625,
      "mean_cv_acc": 0.4838709677419355,
      "std_cv_acc": 0.0
    },
    {
      "param_value": 5623.4130859375,
      "mean_cv_acc": 0.4838709677419355,
      "std_cv_acc": 0.0
    },
    {
      "param_value": 10000.0,
      "mean_cv_acc": 0.4838709677419355,
      "std_cv_acc": 0.0
    },
    {
      "param_value": 17782.794921875,
      "mean_cv_acc": 0.4838709677419355,
      "std_cv_acc": 0.0
    },
    {
      "param_value": 31622.77734375,
      "mean_cv_acc": 0.4838709677419355,
      "std_cv_acc": 0.0
    },
    {
      "param_value": 56234.1328125,
      "mean_cv_acc": 0.4838709677419355,
      "std_cv_acc": 0.0
    },
    {
      "param_value": 100000.0,
      "mean_cv_acc": 0.4838709677419355,
      "std_cv_acc": 0.0
    }
  ],
  "five_way": {
    "accuracy": 0.4380952380952381,
    "macro_f1": 0.2777677224736048,
    "macro_sensitivity": 0.3201763173712683,
    "macro_specificity": 0.843580374799887,
    "per_class_sensitivity": {
      "NOR": 0.2903225806451613,
      "DCM": 0.5714285714285714,
      "HCM": 0.7391304347826086,
      "ARV": 0.0,
      "HHD": 0.0
    },
    "per_class_specificity": {
      "NOR": 0.8513513513513513,
      "DCM": 0.6714285714285714,
      "HCM": 0.6951219512195121,
      "ARV": 1.0,
      "HHD": 1.0
    },
    "confusion_matrix": [
      [
        9,
        14,
        8,
        0,
        0
      ],
      [
        7,
        20,
        8,
        0,
        0
      ],
      [
        3,
        3,
        17,
        0,
        0
      ],
      [
        0,
        2,
        4,
        0,
        0
      ],
      [
        1,
        4,
        5,
        0,
        0
      ]
    ],
    "classification_report": {
      "NOR": {
        "precision": 0.45,
        "recall": 0.2903225806451613,
        "f1-score": 0.35294117647058826,
        "support": 31.0
      },
      "DCM": {
        "precision": 0.46511627906976744,
        "recall": 0.5714285714285714,
        "f1-score": 0.5128205128205128,
        "support": 35.0
      },
      "HCM": {
        "precision": 0.40476190476190477,
        "recall": 0.7391304347826086,
        "f1-score": 0.5230769230769231,
        "support": 23.0
      },
      "ARV": {
        "precision": 0.0,
        "recall": 0.0,
        "f1-score": 0.0,
        "support": 6.0
      },
      "HHD": {
        "precision": 0.0,
        "recall": 0.0,
        "f1-score": 0.0,
        "support": 10.0
      },
      "accuracy": 0.4380952380952381,
      "macro avg": {
        "precision": 0.26397563676633445,
        "recall": 0.3201763173712683,
        "f1-score": 0.2777677224736048,
        "support": 105.0
      },
      "weighted avg": {
        "precision": 0.37655803406633975,
        "recall": 0.4380952380952381,
        "f1-score": 0.3897206061911944,
        "support": 105.0
      }
    },
    "probabilities": [
      [
        0.34483115219917077,
        0.39478427101765234,
        0.2162365485715496,
        0.03593597233851889,
        0.008212055873108415
      ],
      [
        0.26365978260835793,
        0.27435286239584694,
        0.43076506136023246,
        0.02221555536014959,
        0.00900673827541317
      ],
      [
        0.11566725314200371,
        0.6806055341906297,
        0.10593251290309932,
        0.09327384261795021,
        0.004520857146316965
      ],
      [
        0.3196081348386716,
        0.40026271279715764,
        0.24177031588197367,
        0.030719256447709398,
        0.007639580034487668
      ],
      [
        0.20166112674399622,
        0.4046540784223641,
        0.3325458388771574,
        0.054117697703956816,
        0.007021258252525473
      ],
      [
        0.3588028655429359,
        0.3430890803574889,
        0.2615112972926895,
        0.028642193239468147,
        0.007954563567417534
      ],
      [
        0.20716553349092925,
        0.1052485320109704,
        0.6401477711925753,
        0.040842076424800255,
        0.00659608688072486
      ],
      [
        0.1999237233269685,
        0.13211354815115262,
        0.6414858073228493,
        0.018529871343752117,
        0.007947049855277619
      ],
      [
        0.3538846141522994,
        0.2529291443867307,
        0.35228711291369214,
        0.033074723233971204,
        0.007824405313306554
      ],
      [
        0.24020694797971404,
        0.06716168612998906,
        0.6570148156992353,
        0.029505271022412575,
        0.006111279168649099
      ],
      [
        0.2987010882085302,
        0.3994927003076194,
        0.26272527246654237,
        0.03019912593598254,
        0.008881813081325345
      ],
      [
        0.3613797279859937,
        0.1248133633004211,
        0.4756148539016912,
        0.029982356227829892,
        0.008209698584064153
      ],
      [
        0.5745240039878504,
        0.08617504678988835,
        0.29344763377329547,
        0.03913255954566802,
        0.006720755903297754
      ],
      [
        0.080305024712919,
        0.07406942669277015,
        0.8219643301818865,
        0.018377747651379672,
        0.005283470761044683
      ],
      [
        0.1583179806552586,
        0.27364962103802065,
        0.49801526132161683,
        0.06279377461057739,
        0.007223362374526335
      ],
      [
        0.32148543588967615,
        0.2328935740039587,
        0.40200540286335923,
        0.03503857588930726,
        0.008577011353698757
      ],
      [
        0.25052493209724985,
        0.46536689683201016,
        0.2333119818001633,
        0.04316549623812626,
        0.007630693032450263
      ],
      [
        0.3097800088017878,
        0.20890831798506995,
        0.45128865752636627,
        0.020987983607312515,
        0.009035032079463278
      ],
      [
        0.21617920677540256,
        0.21639877173935715,
        0.530964764513741,
        0.02834684060465892,
        0.008110416366840461
      ],
      [
        0.2775310402055545,
        0.18284413668954935,
        0.49353723254313825,
        0.03811752792171795,
        0.007970062640040087
      ],
      [
        0.17042309935740704,
        0.5424924360560581,
        0.21097829799877718,
        0.06993428697756943,
        0.006171879610188188
      ],
      [
        0.3300116042625669,
        0.3678494408084236,
        0.266459473719133,
        0.02752865980697011,
        0.008150821402906464
      ],
      [
        0.25783479144374793,
        0.5857788874304607,
        0.12872371608584243,
        0.021196773298753094,
        0.006465831741195952
      ],
      [
        0.268132041972804,
        0.24165914085511198,
        0.45973807521024007,
        0.021489551053440234,
        0.00898119090840369
      ],
      [
        0.41459703570833634,
        0.32395459976416563,
        0.17652852167025412,
        0.07858200258550394,
        0.006337840271739982
      ],
      [
        0.3514979298404705,
        0.350840582559182,
        0.2541906886963118,
        0.035306163853599984,
        0.008164635050435768
      ],
      [
        0.29959224777227256,
        0.37686381150486464,
        0.27519514065542455,
        0.040549251365012556,
        0.007799548702425656
      ],
      [
        0.39752427241841204,
        0.14555826607686517,
        0.40719641393125044,
        0.042249491099388366,
        0.007471556474083921
      ],
      [
        0.26571760422508733,
        0.37008633579879113,
        0.2993244778036674,
        0.056558426255114716,
        0.008313155917339369
      ],
      [
        0.3777381197257697,
        0.4055283323090074,
        0.13457732937981268,
        0.07612639181941692,
        0.006029826765993185
      ],
      [
        0.29210195257679794,
        0.14325391430968148,
        0.5253920167419939,
        0.031980457581281846,
        0.007271658790244776
      ],
      [
        0.15596084355294187,
        0.5193940421338606,
        0.29214736071263936,
        0.025356298829717416,
        0.007141454770840655
      ],
      [
        0.16601274700360052,
        0.7112978898741105,
        0.06172206322875087,
        0.056942714761388166,
        0.004024585132150026
      ],
      [
        0.2681703147958532,
        0.23312766854883127,
        0.4641835805258168,
        0.02611851863299634,
        0.008399917496502327
      ],
      [
        0.32997579848574526,
        0.06837119651059874,
        0.5711825700900457,
        0.023755226894323425,
        0.006715208019286884
      ],
      [
        0.13884665320107964,
        0.315005293617354,
        0.4785587925933065,
        0.060329215843984936,
        0.007260044744274824
      ],
      [
        0.41104503011896737,
        0.35691975497917144,
        0.19987180326351228,
        0.02486694558821461,
        0.007296466050134313
      ],
      [
        0.3535961764976913,
        0.42843597576732884,
        0.18640021077076294,
        0.0243339909940518,
        0.007233645970165099
      ],
      [
        0.054723522921578026,
        0.14586768040306586,
        0.7290362573377691,
        0.06601774480598945,
        0.004354794531597596
      ],
      [
        0.2584281320771309,
        0.2786816757577837,
        0.42471078143118185,
        0.030400347292287026,
        0.00777906344161663
      ],
      [
        0.3601852143791304,
        0.14255149346437349,
        0.46089547756342997,
        0.02823210400180204,
        0.008135710591263973
      ],
      [
        0.11015937643648255,
        0.16755466803589775,
        0.6515626402734339,
        0.06504994033355771,
        0.0056733749206280965
      ],
      [
        0.40271119161090085,
        0.29052633539847855,
        0.26679403231811005,
        0.031777053306259594,
        0.008191387366251107
      ],
      [
        0.2803056927185639,
        0.26743360372785335,
        0.39722903524037984,
        0.04732846815065751,
        0.0077032001625453065
      ],
      [
        0.3543186305280961,
        0.3857162467960521,
        0.2197588893164892,
        0.03300485185736647,
        0.007201381501995959
      ],
      [
        0.4904987725019798,
        0.13049062313527182,
        0.33483703055013303,
        0.03709133714659051,
        0.007082236666024891
      ],
      [
        0.22275315254510944,
        0.2058960849114314,
        0.5398900196632893,
        0.023463940523625118,
        0.007996802356544822
      ],
      [
        0.3832284695125504,
        0.08297984915492261,
        0.4788709390009564,
        0.04872483605548305,
        0.006195906276087585
      ],
      [
        0.25083875708243975,
        0.10162480189080349,
        0.6178010715945571,
        0.02290009500208827,
        0.006835274430111394
      ],
      [
        0.19872369685264996,
        0.40502000410114636,
        0.353476765052849,
        0.034387227636490304,
        0.008392306356864457
      ],
      [
        0.11585894303032282,
        0.6170051084402236,
        0.2279574503348653,
        0.03311357039231126,
        0.006064927802276919
      ],
      [
        0.27363130981157063,
        0.4243250753675931,
        0.2459387862088999,
        0.048571688827198,
        0.0075331397847383744
      ],
      [
        0.21596289626750328,
        0.5087979732695193,
        0.14927497555045383,
        0.1205257901508864,
        0.005438364761637271
      ],
      [
        0.20358666098813333,
        0.41857550711937624,
        0.34593554562165135,
        0.022968925582934552,
        0.008933360687904566
      ],
      [
        0.38563609511149066,
        0.2843995073788586,
        0.29394395890544395,
        0.027669404973799404,
        0.008351033630407564
      ],
      [
        0.38311061548069286,
        0.3501323513519024,
        0.23391661569659344,
        0.025543835500547334,
        0.007296581970263696
      ],
      [
        0.2510288134244139,
        0.4549882453918541,
        0.25813817262078453,
        0.027172040769527287,
        0.008672727793420258
      ],
      [
        0.23821514122274973,
        0.14053865029703932,
        0.5699688102831697,
        0.04392392610021175,
        0.007353472096829531
      ],
      [
        0.3011608479144572,
        0.18875465855383328,
        0.4747202764841627,
        0.026534534984277852,
        0.008829682063268712
      ],
      [
        0.35620396852104275,
        0.42981712534231487,
        0.13528863004211253,
        0.07295025906714672,
        0.0057400170273830785
      ],
      [
        0.3678527445326249,
        0.1380517929718002,
        0.4559822307424984,
        0.02986111740907452,
        0.008252114344002229
      ],
      [
        0.22254009117688214,
        0.5499120647915834,
        0.13654331021050067,
        0.08520977355186163,
        0.005794760269172224
      ],
      [
        0.3865728031320001,
        0.3896594775630612,
        0.12538165353287883,
        0.0927637527199669,
        0.005622313052092868
      ],
      [
        0.2528891535869749,
        0.633400505531349,
        0.07769217687439538,
        0.030912483328917318,
        0.005105680678363253
      ],
      [
        0.26402114787527253,
        0.45082320292522654,
        0.24630062140863002,
        0.031227154759701805,
        0.007627873031169042
      ],
      [
        0.3227837577398276,
        0.460278654286983,
        0.17432994011092315,
        0.0356300153321282,
        0.006977632530138164
      ],
      [
        0.3011172597848026,
        0.17245168752141277,
        0.46667456584491,
        0.05315480901354241,
        0.006601677835332235
      ],
      [
        0.3405015686825191,
        0.44807598476389593,
        0.12344020893224314,
        0.0822141481874466,
        0.005768089433895344
      ],
      [
        0.18747231971233025,
        0.7328205222419211,
        0.0513267126664902,
        0.023902297924426,
        0.00447814745483261
      ],
      [
        0.22773080721425498,
        0.4511469991155038,
        0.21919164640496586,
        0.09450385264181678,
        0.007426694623458541
      ],
      [
        0.33098764215362847,
        0.17766320306757497,
        0.4446667911322772,
        0.03937077604416277,
        0.00731158760235644
      ],
      [
        0.36862834136853184,
        0.16819491273059667,
        0.41306566720181137,
        0.042436611725674825,
        0.0076744669733851975
      ],
      [
        0.36069322998806247,
        0.3066721091056413,
        0.2969637813182615,
        0.02748340009486608,
        0.008187479493168559
      ],
      [
        0.21372287995099332,
        0.5058321872903633,
        0.2456576210942338,
        0.026990457105986396,
        0.007796854558423211
      ],
      [
        0.26331848432693156,
        0.3294148392196481,
        0.32881789191262656,
        0.07150558871944969,
        0.006943195821344042
      ],
      [
        0.237417088811531,
        0.44020455217325916,
        0.28648664391835094,
        0.028369078803811714,
        0.007522636293047134
      ],
      [
        0.2642773521444157,
        0.3846629139630676,
        0.31325329790999784,
        0.02952315323941906,
        0.008283282743099684
      ],
      [
        0.26999909862576554,
        0.09310492279136821,
        0.6021984330247995,
        0.028246818206646655,
        0.006450727351420142
      ],
      [
        0.3818168891784235,
        0.18949666477389024,
        0.389756207799484,
        0.030153306240947322,
        0.008776932007254898
      ],
      [
        0.2371640678428322,
        0.48483510030151306,
        0.2362079516743551,
        0.03407565672253729,
        0.007717223458762561
      ],
      [
        0.3531978001730683,
        0.2706444649684094,
        0.3330284004579037,
        0.034282408515875294,
        0.008846925884743197
      ],
      [
        0.4348001901636955,
        0.13843862193033082,
        0.37615849983105265,
        0.04289190154523597,
        0.007710786529685291
      ],
      [
        0.25942397964876257,
        0.3374124655864932,
        0.3658056486415707,
        0.0282345673771359,
        0.009123338746037562
      ],
      [
        0.1546861344775406,
        0.2546021311574006,
        0.5524018941380328,
        0.030083118736102178,
        0.008226721490923723
      ],
      [
        0.5022482367651223,
        0.14738446353794304,
        0.3101691176263629,
        0.03292690756066883,
        0.007271274509902854
      ],
      [
        0.36795882535834756,
        0.25627770342672457,
        0.33190442197195336,
        0.036331344614030474,
        0.007527704628944087
      ],
      [
        0.16569956226555066,
        0.46713543571884814,
        0.3224706825809839,
        0.036844941141511094,
        0.00784937829310616
      ],
      [
        0.17637706448307697,
        0.6706757894568813,
        0.1290020284761051,
        0.016915870647205605,
        0.007029246936730955
      ],
      [
        0.22073921517783104,
        0.1294358914467656,
        0.6100671465040629,
        0.03260329608995287,
        0.007154450781387483
      ],
      [
        0.5036097146927992,
        0.2624321917763249,
        0.1996183585178225,
        0.02721833229290378,
        0.007121402720149685
      ],
      [
        0.40045529533826496,
        0.32757802113905826,
        0.23246038730294355,
        0.0322996551907349,
        0.00720664102899826
      ],
      [
        0.2598078405227815,
        0.1570048620291129,
        0.5423498939426672,
        0.03307181633314364,
        0.0077655871722946855
      ],
      [
        0.23835212710807385,
        0.12237406891173967,
        0.6083233804983321,
        0.02338922346010109,
        0.007561200021753124
      ],
      [
        0.3196371650945141,
        0.5164150749460263,
        0.14116497853973956,
        0.01595912932014614,
        0.0068236520995739606
      ],
      [
        0.3440897778993603,
        0.22941677713166214,
        0.36706338428106006,
        0.05221924326495539,
        0.0072108174229622
      ],
      [
        0.30660868634300287,
        0.4441141279580369,
        0.2161797589472351,
        0.025237724473866095,
        0.007859702277859008
      ],
      [
        0.2050845999853283,
        0.492391051087633,
        0.2680934117619747,
        0.026396866701909494,
        0.008034070463154462
      ],
      [
        0.12039811721491954,
        0.49190937891628717,
        0.34266615495998837,
        0.03910992170008051,
        0.005916427208724489
      ],
      [
        0.2506485146756705,
        0.2870338747051925,
        0.42557955226379773,
        0.02756420561914883,
        0.009173852736190214
      ],
      [
        0.41606790252691495,
        0.17520287410432886,
        0.3698974558472017,
        0.031081315181603293,
        0.007750452339951261
      ],
      [
        0.25084778404292263,
        0.20022731844923383,
        0.500810876610454,
        0.039679572020498474,
        0.008434448876891128
      ],
      [
        0.42052204748457456,
        0.11988310712416762,
        0.4172785876624109,
        0.03499200540250889,
        0.007324252326337807
      ],
      [
        0.38735256182647315,
        0.28632442278695924,
        0.2904646290368872,
        0.027599251651092487,
        0.008259134698587989
      ],
      [
        0.3872063244991839,
        0.09025419577963577,
        0.4787508639014781,
        0.03698268837146327,
        0.0068059274482387844
      ],
      [
        0.3309454376685961,
        0.40843936532037006,
        0.22584311553693998,
        0.026798020820645165,
        0.007974060653448694
      ]
    ],
    "predictions": [
      1,
      2,
      1,
      1,
      1,
      0,
      2,
      2,
      0,
      2,
      1,
      2,
      0,
      2,
      2,
      2,
      1,
      2,
      2,
      2,
      1,
      1,
      1,
      2,
      0,
      0,
      1,
      2,
      1,
      1,
      2,
      1,
      1,
      2,
      2,
      2,
      0,
      1,
      2,
      2,
      2,
      2,
      0,
      2,
      1,
      0,
      2,
      2,
      2,
      1,
      1,
      1,
      1,
      1,
      0,
      0,
      1,
      2,
      2,
      1,
      2,
      1,
      1,
      1,
      1,
      1,
      2,
      1,
      1,
      1,
      2,
      2,
      0,
      1,
      1,
      1,
      1,
      2,
      2,
      1,
      0,
      0,
      2,
      2,
      0,
      0,
      1,
      1,
      2,
      0,
      0,
      2,
      2,
      1,
      2,
      1,
      1,
      1,
      2,
      0,
      2,
      0,
      0,
      2,
      1
    ],
    "true_labels": [
      1,
      4,
      1,
      4,
      4,
      1,
      2,
      2,
      4,
      2,
      0,
      2,
      2,
      2,
      1,
      1,
      2,
      2,
      0,
      0,
      1,
      0,
      1,
      0,
      0,
      1,
      1,
      2,
      1,
      3,
      2,
      0,
      1,
      2,
      2,
      4,
      1,
      0,
      3,
      1,
      0,
      3,
      2,
      1,
      1,
      0,
      0,
      0,
      2,
      0,
      2,
      3,
      1,
      4,
      0,
      0,
      1,
      2,
      4,
      1,
      1,
      1,
      0,
      0,
      1,
      1,
      2,
      0,
      0,
      0,
      3,
      4,
      1,
      4,
      0,
      1,
      1,
      0,
      1,
      0,
      0,
      1,
      2,
      1,
      0,
      2,
      2,
      1,
      2,
      0,
      1,
      0,
      2,
      0,
      3,
      1,
      1,
      0,
      1,
      0,
      4,
      1,
      0,
      2,
      1
    ],
    "patient_ids": [
      "A1K2P5",
      "A2H5K9",
      "A2L1N6",
      "A3H5R1",
      "A3P9V7",
      "A4A8V9",
      "A4K8R4",
      "A5D0G0",
      "A5H1Q2",
      "A5P5W0",
      "A5Q1W8",
      "A6A8H0",
      "A6B7Y4",
      "A6J0Y2",
      "A7E4J0",
      "A7F4G2",
      "B0L3Y2",
      "B1G9J3",
      "B2L0L2",
      "B3E2W8",
      "B3F0V9",
      "B3S2Z4",
      "B4E1K1",
      "B4S1Y2",
      "B5F8L9",
      "B5L5Y4",
      "B5T6V0",
      "B6I0T4",
      "B7F5P0",
      "B9H8N8",
      "C0L7V1",
      "C0N8P4",
      "C6U4W8",
      "C7L8Z8",
      "D1L6T4",
      "D3K5Q2",
      "D3Q0W9",
      "D6E9U8",
      "D9F5P1",
      "D9I8O7",
      "E0J2Z9",
      "E0J7L9",
      "E1L7M3",
      "E3L8U8",
      "E4I9O7",
      "E5J6L2",
      "E5S7W7",
      "E6H0V9",
      "E6J4N8",
      "E7L0N6",
      "E9V9Z2",
      "F0I6U8",
      "F0K4T6",
      "F5I1Z8",
      "G1J5K3",
      "G1K1V3",
      "G3M5S4",
      "G4I7V2",
      "G7N8R7",
      "G7S6V0",
      "G8K0M3",
      "G9N5V9",
      "H1N8S6",
      "H2M9S1",
      "H7K5U5",
      "H8K2K7",
      "I0I2J8",
      "I2J6Z6",
      "I4R8V6",
      "I5L3S2",
      "I6P4R0",
      "I6T4W8",
      "I8N8Y1",
      "I8Z0Z6",
      "J4J8Q3",
      "J9L4S2",
      "K6N4N7",
      "K7L2Y6",
      "K7N0R7",
      "L2V5Z0",
      "L5U7Y4",
      "L6T2T5",
      "L7Y7Z2",
      "L8N7Z0",
      "M2P5T8",
      "M4T4V6",
      "M6M9N1",
      "M6V2Y0",
      "N7P3T8",
      "N7W6Z8",
      "N9P5Z0",
      "N9Q4T8",
      "O4T6Y7",
      "O9V8W5",
      "P3P9S5",
      "P3R6Y5",
      "P8W4Z0",
      "Q1Q3T1",
      "Q3Q6R8",
      "Q4W5Z8",
      "Q5V8W3",
      "R3V5W7",
      "R6V5W3",
      "T2Z1Z9",
      "Y6Y9Z2"
    ]
  },
  "roc_auc": {
    "macro_auc": 0.7267379941248298,
    "per_class_auc": {
      "NOR": 0.6011333914559721,
      "DCM": 0.7,
      "HCM": 0.7815482502651113,
      "ARV": 0.8552188552188552,
      "HHD": 0.6957894736842105
    }
  },
  "binary": {
    "accuracy": 0.7142857142857143,
    "f1": 0.8295454545454546,
    "sensitivity": 0.9864864864864865,
    "specificity": 0.06451612903225806,
    "roc_auc": 0.6011333914559721,
    "binary_labels": [
      1,
      1,
      1,
      1,
      1,
      1,
      1,
      1,
      1,
      1,
      0,
      1,
      1,
      1,
      1,
      1,
      1,
      1,
      0,
      0,
      1,
      0,
      1,
      0,
      0,
      1,
      1,
      1,
      1,
      1,
      1,
      0,
      1,
      1,
      1,
      1,
      1,
      0,
      1,
      1,
      0,
      1,
      1,
      1,
      1,
      0,
      0,
      0,
      1,
      0,
      1,
      1,
      1,
      1,
      0,
      0,
      1,
      1,
      1,
      1,
      1,
      1,
      0,
      0,
      1,
      1,
      1,
      0,
      0,
      0,
      1,
      1,
      1,
      1,
      0,
      1,
      1,
      0,
      1,
      0,
      0,
      1,
      1,
      1,
      0,
      1,
      1,
      1,
      1,
      0,
      1,
      0,
      1,
      0,
      1,
      1,
      1,
      0,
      1,
      0,
      1,
      1,
      0,
      1,
      1
    ],
    "binary_probs": [
      0.6551688478008293,
      0.736340217391642,
      0.8843327468579962,
      0.6803918651613283,
      0.7983388732560037,
      0.6411971344570642,
      0.7928344665090707,
      0.8000762766730315,
      0.6461153858477007,
      0.759793052020286,
      0.7012989117914699,
      0.6386202720140063,
      0.4254759960121496,
      0.919694975287081,
      0.8416820193447414,
      0.6785145641103238,
      0.7494750679027502,
      0.6902199911982122,
      0.7838207932245974,
      0.7224689597944455,
      0.8295769006425929,
      0.6699883957374331,
      0.742165208556252,
      0.7318679580271961,
      0.5854029642916636,
      0.6485020701595294,
      0.7004077522277274,
      0.602475727581588,
      0.7342823957749127,
      0.6222618802742304,
      0.7078980474232021,
      0.8440391564470582,
      0.8339872529963994,
      0.7318296852041468,
      0.6700242015142548,
      0.8611533467989203,
      0.5889549698810326,
      0.6464038235023086,
      0.945276477078422,
      0.7415718679228691,
      0.6398147856208696,
      0.8898406235635175,
      0.5972888083890991,
      0.7196943072814361,
      0.6456813694719039,
      0.5095012274980202,
      0.7772468474548906,
      0.6167715304874496,
      0.7491612429175603,
      0.80127630314735,
      0.8841410569696772,
      0.7263686901884294,
      0.7840371037324967,
      0.7964133390118666,
      0.6143639048885093,
      0.6168893845193071,
      0.7489711865755861,
      0.7617848587772502,
      0.6988391520855428,
      0.6437960314789573,
      0.632147255467375,
      0.7774599088231179,
      0.6134271968679998,
      0.7471108464130252,
      0.7359788521247275,
      0.6772162422601724,
      0.6988827402151974,
      0.659498431317481,
      0.8125276802876698,
      0.772269192785745,
      0.6690123578463716,
      0.6313716586314682,
      0.6393067700119375,
      0.7862771200490066,
      0.7366815156730684,
      0.762582911188469,
      0.7357226478555843,
      0.7300009013742345,
      0.6181831108215765,
      0.7628359321571678,
      0.6468021998269318,
      0.5651998098363045,
      0.7405760203512375,
      0.8453138655224595,
      0.4977517632348777,
      0.6320411746416524,
      0.8343004377344494,
      0.823622935516923,
      0.779260784822169,
      0.49639028530720075,
      0.599544704661735,
      0.7401921594772185,
      0.7616478728919261,
      0.6803628349054859,
      0.6559102221006397,
      0.6933913136569971,
      0.7949154000146716,
      0.8796018827850804,
      0.7493514853243295,
      0.583932097473085,
      0.7491522159570774,
      0.5794779525154254,
      0.6126474381735268,
      0.6127936755008161,
      0.6690545623314039
    ]
  }
}
