{
  "config": {
    "dataset": "mnm",
    "backbone": "sam",
    "model_name": "sam_vit_base",
    "eval_mode": "logreg",
    "freeze_backbone": true,
    "pooling": "gap",
    "embed_dim": 768,
    "best_hyperparam": 9.999999747378752e-05,
    "hyperparam_name": "C",
    "num_classes": 5,
    "class_names": [
      "NOR",
      "DCM",
      "HCM",
      "ARV",
      "HHD"
    ]
  },
  "sweep_results": [
    {
      "param_value": 9.999999974752427e-07,
      "mean_cv_acc": 0.25806451612903225,
      "std_cv_acc": 0.0
    },
    {
      "param_value": 1.7782793975129607e-06,
      "mean_cv_acc": 0.25806451612903225,
      "std_cv_acc": 0.0
    },
    {
      "param_value": 3.1622776077711023e-06,
      "mean_cv_acc": 0.25806451612903225,
      "std_cv_acc": 0.0
    },
    {
      "param_value": 5.6234130170196295e-06,
      "mean_cv_acc": 0.3225806451612903,
      "std_cv_acc": 0.0
    },
    {
      "param_value": 9.999999747378752e-06,
      "mean_cv_acc": 0.3870967741935484,
      "std_cv_acc": 0.0
    },
    {
      "param_value": 1.778279329300858e-05,
      "mean_cv_acc": 0.4838709677419355,
      "std_cv_acc": 0.0
    },
    {
      "param_value": 3.162277789670043e-05,
      "mean_cv_acc": 0.45161290322580644,
      "std_cv_acc": 0.0
    },
    {
      "param_value": 5.62341338081751e-05,
      "mean_cv_acc": 0.4838709677419355,
      "std_cv_acc": 0.0
    },
    {
      "param_value": 9.999999747378752e-05,
      "mean_cv_acc": 0.5161290322580645,
      "std_cv_acc": 0.0
    },
    {
      "param_value": 0.00017782794020604342,
      "mean_cv_acc": 0.5161290322580645,
      "std_cv_acc": 0.0
    },
    {
      "param_value": 0.0003162277571391314,
      "mean_cv_acc": 0.5161290322580645,
      "std_cv_acc": 0.0
    },
    {
      "param_value": 0.000562341301701963,
      "mean_cv_acc": 0.5161290322580645,
      "std_cv_acc": 0.0
    },
    {
      "param_value": 0.0010000000474974513,
      "mean_cv_acc": 0.5161290322580645,
      "std_cv_acc": 0.0
    },
    {
      "param_value": 0.0017782794311642647,
      "mean_cv_acc": 0.5161290322580645,
      "std_cv_acc": 0.0
    },
    {
      "param_value": 0.003162277629598975,
      "mean_cv_acc": 0.5161290322580645,
      "std_cv_acc": 0.0
    },
    {
      "param_value": 0.005623413249850273,
      "mean_cv_acc": 0.4838709677419355,
      "std_cv_acc": 0.0
    },
    {
      "param_value": 0.009999999776482582,
      "mean_cv_acc": 0.4838709677419355,
      "std_cv_acc": 0.0
    },
    {
      "param_value": 0.017782794311642647,
      "mean_cv_acc": 0.45161290322580644,
      "std_cv_acc": 0.0
    },
    {
      "param_value": 0.03162277489900589,
      "mean_cv_acc": 0.45161290322580644,
      "std_cv_acc": 0.0
    },
    {
      "param_value": 0.05623413249850273,
      "mean_cv_acc": 0.4838709677419355,
      "std_cv_acc": 0.0
    },
    {
      "param_value": 0.10000000149011612,
      "mean_cv_acc": 0.41935483870967744,
      "std_cv_acc": 0.0
    },
    {
      "param_value": 0.17782793939113617,
      "mean_cv_acc": 0.41935483870967744,
      "std_cv_acc": 0.0
    },
    {
      "param_value": 0.3162277638912201,
      "mean_cv_acc": 0.41935483870967744,
      "std_cv_acc": 0.0
    },
    {
      "param_value": 0.5623413324356079,
      "mean_cv_acc": 0.3870967741935484,
      "std_cv_acc": 0.0
    },
    {
      "param_value": 1.0,
      "mean_cv_acc": 0.3870967741935484,
      "std_cv_acc": 0.0
    },
    {
      "param_value": 1.778279423713684,
      "mean_cv_acc": 0.3870967741935484,
      "std_cv_acc": 0.0
    },
    {
      "param_value": 3.1622776985168457,
      "mean_cv_acc": 0.3870967741935484,
      "std_cv_acc": 0.0
    },
    {
      "param_value": 5.6234130859375,
      "mean_cv_acc": 0.3870967741935484,
      "std_cv_acc": 0.0
    },
    {
      "param_value": 10.0,
      "mean_cv_acc": 0.3870967741935484,
      "std_cv_acc": 0.0
    },
    {
      "param_value": 17.782794952392578,
      "mean_cv_acc": 0.3870967741935484,
      "std_cv_acc": 0.0
    },
    {
      "param_value": 31.62277603149414,
      "mean_cv_acc": 0.3870967741935484,
      "std_cv_acc": 0.0
    },
    {
      "param_value": 56.234130859375,
      "mean_cv_acc": 0.3870967741935484,
      "std_cv_acc": 0.0
    },
    {
      "param_value": 100.0,
      "mean_cv_acc": 0.3870967741935484,
      "std_cv_acc": 0.0
    },
    {
      "param_value": 177.82794189453125,
      "mean_cv_acc": 0.3870967741935484,
      "std_cv_acc": 0.0
    },
    {
      "param_value": 316.2277526855469,
      "mean_cv_acc": 0.3870967741935484,
      "std_cv_acc": 0.0
    },
    {
      "param_value": 562.34130859375,
      "mean_cv_acc": 0.3870967741935484,
      "std_cv_acc": 0.0
    },
    {
      "param_value": 1000.0,
      "mean_cv_acc": 0.3870967741935484,
      "std_cv_acc": 0.0
    },
    {
      "param_value": 1778.2794189453125,
      "mean_cv_acc": 0.3870967741935484,
      "std_cv_acc": 0.0
    },
    {
      "param_value": 3162.277587890625,
      "mean_cv_acc": 0.3870967741935484,
      "std_cv_acc": 0.0
    },
    {
      "param_value": 5623.4130859375,
      "mean_cv_acc": 0.3870967741935484,
      "std_cv_acc": 0.0
    },
    {
      "param_value": 10000.0,
      "mean_cv_acc": 0.3870967741935484,
      "std_cv_acc": 0.0
    },
    {
      "param_value": 17782.794921875,
      "mean_cv_acc": 0.3870967741935484,
      "std_cv_acc": 0.0
    },
    {
      "param_value": 31622.77734375,
      "mean_cv_acc": 0.3870967741935484,
      "std_cv_acc": 0.0
    },
    {
      "param_value": 56234.1328125,
      "mean_cv_acc": 0.3870967741935484,
      "std_cv_acc": 0.0
    },
    {
      "param_value": 100000.0,
      "mean_cv_acc": 0.3870967741935484,
      "std_cv_acc": 0.0
    }
  ],
  "five_way": {
    "accuracy": 0.38095238095238093,
    "macro_f1": 0.1997795622736577,
    "macro_sensitivity": 0.2822360248447205,
    "macro_specificity": 0.8281288256898012,
    "per_class_sensitivity": {
      "NOR": 0.0,
      "DCM": 0.6285714285714286,
      "HCM": 0.782608695652174,
      "ARV": 0.0,
      "HHD": 0.0
    },
    "per_class_specificity": {
      "NOR": 0.9594594594594594,
      "DCM": 0.5714285714285714,
      "HCM": 0.6097560975609756,
      "ARV": 1.0,
      "HHD": 1.0
    },
    "confusion_matrix": [
      [
        0,
        18,
        13,
        0,
        0
      ],
      [
        2,
        22,
        11,
        0,
        0
      ],
      [
        1,
        4,
        18,
        0,
        0
      ],
      [
        0,
        3,
        3,
        0,
        0
      ],
      [
        0,
        5,
        5,
        0,
        0
      ]
    ],
    "classification_report": {
      "NOR": {
        "precision": 0.0,
        "recall": 0.0,
        "f1-score": 0.0,
        "support": 31.0
      },
      "DCM": {
        "precision": 0.4230769230769231,
        "recall": 0.6285714285714286,
        "f1-score": 0.5057471264367817,
        "support": 35.0
      },
      "HCM": {
        "precision": 0.36,
        "recall": 0.782608695652174,
        "f1-score": 0.4931506849315068,
        "support": 23.0
      },
      "ARV": {
        "precision": 0.0,
        "recall": 0.0,
        "f1-score": 0.0,
        "support": 6.0
      },
      "HHD": {
        "precision": 0.0,
        "recall": 0.0,
        "f1-score": 0.0,
        "support": 10.0
      },
      "accuracy": 0.38095238095238093,
      "macro avg": {
        "precision": 0.1566153846153846,
        "recall": 0.2822360248447205,
        "f1-score": 0.1997795622736577,
        "support": 105.0
      },
      "weighted avg": {
        "precision": 0.21988278388278387,
        "recall": 0.38095238095238093,
        "f1-score": 0.2766058588448764,
        "support": 105.0
      }
    },
    "probabilities": [
      [
        0.2216190174504463,
        0.43887830297550495,
        0.28320749773936016,
        0.04941066374969796,
        0.006884518084990431
      ],
      [
        0.2855655243552037,
        0.3039206905814037,
        0.3647385836393894,
        0.03870016106572753,
        0.007075040358275712
      ],
      [
        0.17510666477424078,
        0.5577062071772525,
        0.17516382794722812,
        0.08578566252221721,
        0.006237637579061305
      ],
      [
        0.31635122314703584,
        0.3860797730768373,
        0.24864679252219044,
        0.04205009809363296,
        0.00687211316030368
      ],
      [
        0.24775869551001917,
        0.37196527099057763,
        0.3202264028421739,
        0.05317550009285972,
        0.006874130564369627
      ],
      [
        0.29998419379776686,
        0.3848858489668419,
        0.2645730187920432,
        0.04359084158404009,
        0.006966096859308054
      ],
      [
        0.19170619163276584,
        0.26944332492597645,
        0.4796364070766589,
        0.05245312853603664,
        0.006760947828562123
      ],
      [
        0.269224062618333,
        0.2399518672864084,
        0.44501707479323627,
        0.03878432824198543,
        0.007022667060036835
      ],
      [
        0.2521368053410652,
        0.3245717159891437,
        0.3721992908867718,
        0.04405655700458903,
        0.007035630778430347
      ],
      [
        0.20164293109851966,
        0.1876954133304906,
        0.561469344927884,
        0.04284704415788459,
        0.0063452664852210825
      ],
      [
        0.2273773815775635,
        0.45915073285084756,
        0.260093465448658,
        0.04651690533590144,
        0.006861514787029529
      ],
      [
        0.26746240615896955,
        0.2562865735417939,
        0.4257161895021088,
        0.0435207141748405,
        0.007014116622287186
      ],
      [
        0.35913894625416076,
        0.29073609267267203,
        0.2875285565741216,
        0.05531342256964822,
        0.007282981929397288
      ],
      [
        0.20500955205584162,
        0.16933874181791722,
        0.5771494766173288,
        0.042094937757986756,
        0.00640729175092547
      ],
      [
        0.21535696937520526,
        0.31843731452525037,
        0.40429585113902233,
        0.05487717972987423,
        0.007032685230647804
      ],
      [
        0.2352788837477108,
        0.3353745524687488,
        0.37485007654664154,
        0.0475047113026847,
        0.006991775934214199
      ],
      [
        0.27309130360720746,
        0.4295673869304752,
        0.24174839769377698,
        0.04873735517950958,
        0.006855556589030748
      ],
      [
        0.30030500707935004,
        0.2780109540808332,
        0.37611439791604573,
        0.038495280997388075,
        0.007074359926382921
      ],
      [
        0.2866315946121019,
        0.23964481467095533,
        0.42741799258047314,
        0.03935599319593152,
        0.006949604940538109
      ],
      [
        0.23412447834359465,
        0.3349846960934223,
        0.37030864166710237,
        0.0534730757921835,
        0.007109108103696987
      ],
      [
        0.18928927678355428,
        0.3962022232435685,
        0.34100791690904764,
        0.06667726738244763,
        0.006823315681381818
      ],
      [
        0.2347908811482276,
        0.37103992985634415,
        0.3418278489030091,
        0.04541405301639206,
        0.00692728707602708
      ],
      [
        0.26013880381049204,
        0.47414501077660004,
        0.21765801697522347,
        0.04140761856269325,
        0.006650549874991184
      ],
      [
        0.280570366647295,
        0.29343499827561664,
        0.38165297917644414,
        0.03726701961240918,
        0.007074636288235002
      ],
      [
        0.26713003921197515,
        0.3861083180668646,
        0.2776792807980746,
        0.06212755843441214,
        0.006954803488673492
      ],
      [
        0.3361371934401264,
        0.33414885382084486,
        0.2773923577065531,
        0.04527210440423477,
        0.007049490628240914
      ],
      [
        0.2653854598719634,
        0.40739659410598617,
        0.27333865871091195,
        0.04695474844088306,
        0.006924538870255331
      ],
      [
        0.25623789365779304,
        0.2826152921805714,
        0.39900333945933203,
        0.05494435407679501,
        0.007199120625508734
      ],
      [
        0.3163561555499123,
        0.3900510198574504,
        0.22627887025506968,
        0.06015271025146511,
        0.0071612440861025094
      ],
      [
        0.29017831688153,
        0.4314097362666579,
        0.20828339740303786,
        0.06331948078529809,
        0.006809068663476273
      ],
      [
        0.25438693398658346,
        0.32203505765740126,
        0.3684625696563355,
        0.04810161409594989,
        0.007013824603729849
      ],
      [
        0.24710100700421153,
        0.3770919517267002,
        0.3312210771951936,
        0.03774770867378057,
        0.006838255400114181
      ],
      [
        0.1930560127745669,
        0.6060251888211298,
        0.130101346643375,
        0.06500750868543102,
        0.005809943075497423
      ],
      [
        0.2600620730171421,
        0.2527902507702645,
        0.4437567872078189,
        0.03656360978654497,
        0.006827279218229367
      ],
      [
        0.26365799468235435,
        0.21982465505248522,
        0.46812699584900397,
        0.04157218474377045,
        0.006818169672386018
      ],
      [
        0.2546717936881216,
        0.37348311483795316,
        0.3033924272501137,
        0.06127172945677269,
        0.007180934767038812
      ],
      [
        0.32935851046456177,
        0.34148423758404683,
        0.28449585644109354,
        0.03772660151474129,
        0.006934793995556547
      ],
      [
        0.2892133120942535,
        0.359201090607907,
        0.3011467713755142,
        0.043465040138376584,
        0.006973785783948793
      ],
      [
        0.12232828256700867,
        0.1774034148583348,
        0.638997926061267,
        0.055733728200299135,
        0.00553664831309041
      ],
      [
        0.2828979893299069,
        0.31612664471083785,
        0.3506745716997842,
        0.043236270636116444,
        0.007064523623354615
      ],
      [
        0.24810004636075603,
        0.34596837550341186,
        0.35416726112625846,
        0.04472424652319889,
        0.007040070486374671
      ],
      [
        0.16422785438103457,
        0.20502965307388474,
        0.5653197227117208,
        0.05921114079519444,
        0.0062116290381654116
      ],
      [
        0.2267567780481352,
        0.42808174219116857,
        0.2970265231514331,
        0.04143054940540035,
        0.006704407203862587
      ],
      [
        0.27274460564320785,
        0.3009786971335065,
        0.3708006533886817,
        0.04837758716297252,
        0.0070984566716313915
      ],
      [
        0.37486746035827545,
        0.28339233824288657,
        0.2951227294735706,
        0.039731748621277714,
        0.006885723303989576
      ],
      [
        0.270374616435062,
        0.33670243833390967,
        0.3397018553058024,
        0.04622717838860012,
        0.006993911536625711
      ],
      [
        0.2617669991070497,
        0.3043823922535183,
        0.3885566009114953,
        0.03828398580787693,
        0.007010021920059923
      ],
      [
        0.2257228567512618,
        0.24520117935830352,
        0.4699420874113611,
        0.05237273361221611,
        0.006761142866857214
      ],
      [
        0.2989745031462298,
        0.1878584595247646,
        0.47012581372909246,
        0.03634250051487757,
        0.006698723085035454
      ],
      [
        0.31604182063606623,
        0.286322000531331,
        0.3483351723930384,
        0.04222552594832971,
        0.007075480491234672
      ],
      [
        0.17574899286171564,
        0.33390490624565566,
        0.4366740844844896,
        0.047174523072008354,
        0.00649749333613069
      ],
      [
        0.30257083815442354,
        0.39317042564431864,
        0.24800646670476498,
        0.04935067096003829,
        0.006901598536454276
      ],
      [
        0.20172922208875407,
        0.5195400994981401,
        0.19240886776608546,
        0.07980057104286065,
        0.006521239604159807
      ],
      [
        0.3164724098941326,
        0.35437231857217,
        0.28332282421317206,
        0.03873354798705254,
        0.007098899333472731
      ],
      [
        0.2567253109979301,
        0.4016832958877663,
        0.29075575064160053,
        0.04389828388828593,
        0.006937358584417121
      ],
      [
        0.3182830819611658,
        0.3348078876682394,
        0.29628968487950524,
        0.04365119691161522,
        0.0069681485794743404
      ],
      [
        0.27727771847651234,
        0.3777668205360113,
        0.29663726565467374,
        0.04127401700413272,
        0.007044178328669887
      ],
      [
        0.1919518188292773,
        0.2753833738423104,
        0.4709763484190935,
        0.05485365576720136,
        0.006834803142117284
      ],
      [
        0.31295020775855614,
        0.2570576920259372,
        0.3848348828519328,
        0.038139243001442745,
        0.007017974362131161
      ],
      [
        0.2493372921351048,
        0.40377865043949646,
        0.2710514894880099,
        0.06888892566817799,
        0.006943642269210865
      ],
      [
        0.26645591059085444,
        0.27322704414229165,
        0.4082122194430935,
        0.04505481951945448,
        0.007050006304305806
      ],
      [
        0.25461033719946957,
        0.5042355562512617,
        0.1575194150399004,
        0.07711666268449595,
        0.006518028824872381
      ],
      [
        0.3004475753196664,
        0.4387957696303823,
        0.18084840360760618,
        0.07319486048908938,
        0.006713390953255678
      ],
      [
        0.2631882416365999,
        0.499673688937034,
        0.17941323997762992,
        0.05135696926209823,
        0.006367860186638114
      ],
      [
        0.28204904281957116,
        0.37301383827432205,
        0.2962461591028319,
        0.04166142792870578,
        0.007029531874569151
      ],
      [
        0.27359534124198315,
        0.3946347728439157,
        0.27787508701381974,
        0.04689557385814481,
        0.006999225042136451
      ],
      [
        0.21542241429007772,
        0.322290625763246,
        0.40611536549709054,
        0.04932282914082383,
        0.006848765308761928
      ],
      [
        0.21851187732951055,
        0.5021597505729379,
        0.2121343028986304,
        0.06073276895873147,
        0.006461300240189647
      ],
      [
        0.21233345360355277,
        0.6193541145950651,
        0.11388530398120486,
        0.04884640218239769,
        0.005580725637779735
      ],
      [
        0.2824967703747534,
        0.4085325656261654,
        0.23278683732768862,
        0.06912587304414686,
        0.007057953627245701
      ],
      [
        0.30543303362453744,
        0.3303155905538207,
        0.30716939885024946,
        0.04998660911535928,
        0.007095367856033191
      ],
      [
        0.2840849530528918,
        0.2830620527218727,
        0.3768883553126834,
        0.04881678777558267,
        0.0071478511369694984
      ],
      [
        0.2409622645068214,
        0.38142339393474195,
        0.32695919201777135,
        0.0437430418820459,
        0.00691210765861948
      ],
      [
        0.2528360403012866,
        0.4756117322117478,
        0.22320893039487338,
        0.04169481590680863,
        0.0066484811852835215
      ],
      [
        0.23452250055124657,
        0.41113523201209184,
        0.28574669029817507,
        0.0616766060174733,
        0.006918971121013073
      ],
      [
        0.28806438005507423,
        0.3540222803940609,
        0.31336791550450477,
        0.03762663971716096,
        0.006918784329199085
      ],
      [
        0.24715549802820466,
        0.2842405703489327,
        0.4196946576981598,
        0.042006948682248024,
        0.006902325242454944
      ],
      [
        0.2646325924858722,
        0.2549319582157046,
        0.4302529393396308,
        0.043245821425854335,
        0.006936688532938216
      ],
      [
        0.2521613935825943,
        0.2985002207306197,
        0.3949350411436491,
        0.04729078190086197,
        0.007112562642275066
      ],
      [
        0.28439444359056326,
        0.4018577684854113,
        0.2623867467179849,
        0.04440801858207088,
        0.00695302262396949
      ],
      [
        0.22759789785256973,
        0.435164439787156,
        0.28289324805930655,
        0.047479620386422804,
        0.006864793914544858
      ],
      [
        0.2489048518307461,
        0.24930556333523682,
        0.4431452635055138,
        0.0516689407204805,
        0.006975380608022887
      ],
      [
        0.2837879290685314,
        0.2788170504721633,
        0.38856404840803627,
        0.041710222212686644,
        0.007120749838582249
      ],
      [
        0.2698166446986377,
        0.2792614394076981,
        0.4005464955905653,
        0.04323982732203155,
        0.007135592981067303
      ],
      [
        0.2754376098580835,
        0.2724650761702034,
        0.3990570818174516,
        0.04600481549350248,
        0.007035416660759121
      ],
      [
        0.26226366643617627,
        0.36808351021991714,
        0.31802066308456356,
        0.0446958145226585,
        0.006936345736684615
      ],
      [
        0.2655266675053586,
        0.38741658726723516,
        0.29641094118453554,
        0.04370559144727623,
        0.006940212595594527
      ],
      [
        0.2551793579226783,
        0.4949657712985743,
        0.2057503164960839,
        0.03745790195597967,
        0.006646652326683808
      ],
      [
        0.2000234840583274,
        0.3265924399143885,
        0.4140960689025721,
        0.052391099150694675,
        0.006896907974017394
      ],
      [
        0.3428751235467132,
        0.3774866195608501,
        0.22043756956626462,
        0.052073831567313225,
        0.007126855758859013
      ],
      [
        0.3292650869419049,
        0.3645400447765816,
        0.25392750961847893,
        0.045368743050526204,
        0.0068986156125083265
      ],
      [
        0.25673377380416773,
        0.2564891166119863,
        0.4301883259538689,
        0.04951443236983375,
        0.0070743512601432485
      ],
      [
        0.2654517401445869,
        0.21235313063870287,
        0.48039979862885146,
        0.03513068943625018,
        0.006664641151608606
      ],
      [
        0.2828306583701102,
        0.42257925477924524,
        0.25470891086625247,
        0.03318664362405284,
        0.0066945323603394054
      ],
      [
        0.25950502852098345,
        0.22468613450936586,
        0.46504267689190865,
        0.04411548578134759,
        0.006650674296394349
      ],
      [
        0.3217356835748871,
        0.3696208147640691,
        0.265879934616656,
        0.03589435975859961,
        0.006869207285788297
      ],
      [
        0.2637111359194708,
        0.4224424558106929,
        0.26540824042387684,
        0.04155722173278984,
        0.006880946113169553
      ],
      [
        0.2256692717307109,
        0.2661643670313331,
        0.46061062567993727,
        0.04111307608352464,
        0.006442659474494039
      ],
      [
        0.3224629862835081,
        0.29952555046820994,
        0.3316715397998597,
        0.03922065586663527,
        0.0071192675817869375
      ],
      [
        0.24836546129807271,
        0.3108833844716676,
        0.38932882008225556,
        0.04444462346117161,
        0.0069777106868326435
      ],
      [
        0.2928602091776848,
        0.2381764460098342,
        0.417418348536025,
        0.044601707992236436,
        0.00694328828421955
      ],
      [
        0.24703615581356964,
        0.26154128989796255,
        0.4410130058346902,
        0.04355708001797022,
        0.006852468435807315
      ],
      [
        0.3365069878540976,
        0.33757770059299563,
        0.27747931522812713,
        0.04137304892956386,
        0.007062947395215723
      ],
      [
        0.23857786370466494,
        0.24356480604689568,
        0.46782710942113653,
        0.0432758048770624,
        0.006754415950240493
      ],
      [
        0.3091477494510872,
        0.38121176275138724,
        0.25924767414504063,
        0.04331079079915356,
        0.007082022853331431
      ]
    ],
    "predictions": [
      1,
      2,
      1,
      1,
      1,
      1,
      2,
      2,
      2,
      2,
      1,
      2,
      0,
      2,
      2,
      2,
      1,
      2,
      2,
      2,
      1,
      1,
      1,
      2,
      1,
      0,
      1,
      2,
      1,
      1,
      2,
      1,
      1,
      2,
      2,
      1,
      1,
      1,
      2,
      2,
      2,
      2,
      1,
      2,
      0,
      2,
      2,
      2,
      2,
      2,
      2,
      1,
      1,
      1,
      1,
      1,
      1,
      2,
      2,
      1,
      2,
      1,
      1,
      1,
      1,
      1,
      2,
      1,
      1,
      1,
      1,
      2,
      1,
      1,
      1,
      1,
      2,
      2,
      2,
      1,
      1,
      2,
      2,
      2,
      2,
      1,
      1,
      1,
      2,
      1,
      1,
      2,
      2,
      1,
      2,
      1,
      1,
      2,
      2,
      2,
      2,
      2,
      1,
      2,
      1
    ],
    "true_labels": [
      1,
      4,
      1,
      4,
      4,
      1,
      2,
      2,
      4,
      2,
      0,
      2,
      2,
      2,
      1,
      1,
      2,
      2,
      0,
      0,
      1,
      0,
      1,
      0,
      0,
      1,
      1,
      2,
      1,
      3,
      2,
      0,
      1,
      2,
      2,
      4,
      1,
      0,
      3,
      1,
      0,
      3,
      2,
      1,
      1,
      0,
      0,
      0,
      2,
      0,
      2,
      3,
      1,
      4,
      0,
      0,
      1,
      2,
      4,
      1,
      1,
      1,
      0,
      0,
      1,
      1,
      2,
      0,
      0,
      0,
      3,
      4,
      1,
      4,
      0,
      1,
      1,
      0,
      1,
      0,
      0,
      1,
      2,
      1,
      0,
      2,
      2,
      1,
      2,
      0,
      1,
      0,
      2,
      0,
      3,
      1,
      1,
      0,
      1,
      0,
      4,
      1,
      0,
      2,
      1
    ],
    "patient_ids": [
      "A1K2P5",
      "A2H5K9",
      "A2L1N6",
      "A3H5R1",
      "A3P9V7",
      "A4A8V9",
      "A4K8R4",
      "A5D0G0",
      "A5H1Q2",
      "A5P5W0",
      "A5Q1W8",
      "A6A8H0",
      "A6B7Y4",
      "A6J0Y2",
      "A7E4J0",
      "A7F4G2",
      "B0L3Y2",
      "B1G9J3",
      "B2L0L2",
      "B3E2W8",
      "B3F0V9",
      "B3S2Z4",
      "B4E1K1",
      "B4S1Y2",
      "B5F8L9",
      "B5L5Y4",
      "B5T6V0",
      "B6I0T4",
      "B7F5P0",
      "B9H8N8",
      "C0L7V1",
      "C0N8P4",
      "C6U4W8",
      "C7L8Z8",
      "D1L6T4",
      "D3K5Q2",
      "D3Q0W9",
      "D6E9U8",
      "D9F5P1",
      "D9I8O7",
      "E0J2Z9",
      "E0J7L9",
      "E1L7M3",
      "E3L8U8",
      "E4I9O7",
      "E5J6L2",
      "E5S7W7",
      "E6H0V9",
      "E6J4N8",
      "E7L0N6",
      "E9V9Z2",
      "F0I6U8",
      "F0K4T6",
      "F5I1Z8",
      "G1J5K3",
      "G1K1V3",
      "G3M5S4",
      "G4I7V2",
      "G7N8R7",
      "G7S6V0",
      "G8K0M3",
      "G9N5V9",
      "H1N8S6",
      "H2M9S1",
      "H7K5U5",
      "H8K2K7",
      "I0I2J8",
      "I2J6Z6",
      "I4R8V6",
      "I5L3S2",
      "I6P4R0",
      "I6T4W8",
      "I8N8Y1",
      "I8Z0Z6",
      "J4J8Q3",
      "J9L4S2",
      "K6N4N7",
      "K7L2Y6",
      "K7N0R7",
      "L2V5Z0",
      "L5U7Y4",
      "L6T2T5",
      "L7Y7Z2",
      "L8N7Z0",
      "M2P5T8",
      "M4T4V6",
      "M6M9N1",
      "M6V2Y0",
      "N7P3T8",
      "N7W6Z8",
      "N9P5Z0",
      "N9Q4T8",
      "O4T6Y7",
      "O9V8W5",
      "P3P9S5",
      "P3R6Y5",
      "P8W4Z0",
      "Q1Q3T1",
      "Q3Q6R8",
      "Q4W5Z8",
      "Q5V8W3",
      "R3V5W7",
      "R6V5W3",
      "T2Z1Z9",
      "Y6Y9Z2"
    ]
  },
  "roc_auc": {
    "macro_auc": 0.677099584580575,
    "per_class_auc": {
      "NOR": 0.5030514385353095,
      "DCM": 0.6514285714285715,
      "HCM": 0.7963944856839873,
      "ARV": 0.7693602693602694,
      "HHD": 0.6652631578947368
    }
  },
  "binary": {
    "accuracy": 0.7047619047619048,
    "f1": 0.8268156424581006,
    "sensitivity": 1.0,
    "specificity": 0.0,
    "roc_auc": 0.5030514385353095,
    "binary_labels": [
      1,
      1,
      1,
      1,
      1,
      1,
      1,
      1,
      1,
      1,
      0,
      1,
      1,
      1,
      1,
      1,
      1,
      1,
      0,
      0,
      1,
      0,
      1,
      0,
      0,
      1,
      1,
      1,
      1,
      1,
      1,
      0,
      1,
      1,
      1,
      1,
      1,
      0,
      1,
      1,
      0,
      1,
      1,
      1,
      1,
      0,
      0,
      0,
      1,
      0,
      1,
      1,
      1,
      1,
      0,
      0,
      1,
      1,
      1,
      1,
      1,
      1,
      0,
      0,
      1,
      1,
      1,
      0,
      0,
      0,
      1,
      1,
      1,
      1,
      0,
      1,
      1,
      0,
      1,
      0,
      0,
      1,
      1,
      1,
      0,
      1,
      1,
      1,
      1,
      0,
      1,
      0,
      1,
      0,
      1,
      1,
      1,
      0,
      1,
      0,
      1,
      1,
      0,
      1,
      1
    ],
    "binary_probs": [
      0.7783809825495537,
      0.7144344756447962,
      0.8248933352257592,
      0.6836487768529642,
      0.7522413044899808,
      0.7000158062022331,
      0.8082938083672342,
      0.730775937381667,
      0.7478631946589348,
      0.7983570689014803,
      0.7726226184224365,
      0.7325375938410305,
      0.6408610537458392,
      0.7949904479441584,
      0.7846430306247947,
      0.7647211162522892,
      0.7269086963927925,
      0.69969499292065,
      0.7133684053878981,
      0.7658755216564054,
      0.8107107232164457,
      0.7652091188517725,
      0.739861196189508,
      0.719429633352705,
      0.7328699607880249,
      0.6638628065598736,
      0.7346145401280366,
      0.743762106342207,
      0.6836438444500876,
      0.70982168311847,
      0.7456130660134166,
      0.7528989929957884,
      0.8069439872254331,
      0.7399379269828579,
      0.7363420053176457,
      0.7453282063118785,
      0.6706414895354382,
      0.7107866879057465,
      0.8776717174329913,
      0.7171020106700932,
      0.751899953639244,
      0.8357721456189654,
      0.7732432219518648,
      0.7272553943567921,
      0.6251325396417245,
      0.729625383564938,
      0.7382330008929503,
      0.7742771432487382,
      0.7010254968537701,
      0.6839581793639338,
      0.8242510071382844,
      0.6974291618455765,
      0.7982707779112459,
      0.6835275901058674,
      0.7432746890020698,
      0.6817169180388343,
      0.7227222815234877,
      0.8080481811707227,
      0.6870497922414438,
      0.7506627078648952,
      0.7335440894091456,
      0.7453896628005304,
      0.6995524246803335,
      0.7368117583634002,
      0.7179509571804288,
      0.7264046587580169,
      0.7845775857099223,
      0.7814881226704895,
      0.7876665463964472,
      0.7175032296252466,
      0.6945669663754626,
      0.7159150469471083,
      0.7590377354931785,
      0.7471639596987134,
      0.7654774994487534,
      0.7119356199449258,
      0.7528445019717953,
      0.7353674075141279,
      0.7478386064174056,
      0.7156055564094368,
      0.7724021021474303,
      0.7510951481692539,
      0.7162120709314685,
      0.7301833553013624,
      0.7245623901419165,
      0.7377363335638237,
      0.7344733324946414,
      0.7448206420773217,
      0.7999765159416726,
      0.6571248764532869,
      0.6707349130580951,
      0.7432662261958323,
      0.7345482598554132,
      0.7171693416298899,
      0.7404949714790166,
      0.678264316425113,
      0.7362888640805292,
      0.7743307282692891,
      0.6775370137164919,
      0.7516345387019273,
      0.7071397908223152,
      0.7529638441864304,
      0.6634930121459024,
      0.7614221362953351,
      0.6908522505489127
    ]
  }
}
