{
  "config": {
    "dataset": "acdc",
    "backbone": "cinema",
    "model_name": "cinema_pretrained",
    "eval_mode": "logreg",
    "pooling": "cls",
    "embed_dim": 768,
    "best_hyperparam": 0.005623413249850273,
    "hyperparam_name": "C",
    "num_classes": 5,
    "class_names": [
      "NOR",
      "DCM",
      "HCM",
      "MINF",
      "RV"
    ]
  },
  "sweep_results": [
    {
      "param_value": 9.999999974752427e-07,
      "mean_cv_acc": 0.42000000000000004,
      "std_cv_acc": 0.15362291495737218
    },
    {
      "param_value": 1.7782793975129607e-06,
      "mean_cv_acc": 0.42000000000000004,
      "std_cv_acc": 0.15362291495737218
    },
    {
      "param_value": 3.1622776077711023e-06,
      "mean_cv_acc": 0.42000000000000004,
      "std_cv_acc": 0.15362291495737218
    },
    {
      "param_value": 5.6234130170196295e-06,
      "mean_cv_acc": 0.41,
      "std_cv_acc": 0.157797338380595
    },
    {
      "param_value": 9.999999747378752e-06,
      "mean_cv_acc": 0.41999999999999993,
      "std_cv_acc": 0.13999999999999999
    },
    {
      "param_value": 1.778279329300858e-05,
      "mean_cv_acc": 0.41,
      "std_cv_acc": 0.1445683229480096
    },
    {
      "param_value": 3.162277789670043e-05,
      "mean_cv_acc": 0.39,
      "std_cv_acc": 0.157797338380595
    },
    {
      "param_value": 5.62341338081751e-05,
      "mean_cv_acc": 0.38,
      "std_cv_acc": 0.16
    },
    {
      "param_value": 9.999999747378752e-05,
      "mean_cv_acc": 0.39,
      "std_cv_acc": 0.1445683229480096
    },
    {
      "param_value": 0.00017782794020604342,
      "mean_cv_acc": 0.41,
      "std_cv_acc": 0.15132745950421556
    },
    {
      "param_value": 0.0003162277571391314,
      "mean_cv_acc": 0.42000000000000004,
      "std_cv_acc": 0.16613247725836147
    },
    {
      "param_value": 0.000562341301701963,
      "mean_cv_acc": 0.45,
      "std_cv_acc": 0.14317821063276354
    },
    {
      "param_value": 0.0010000000474974513,
      "mean_cv_acc": 0.4800000000000001,
      "std_cv_acc": 0.16613247725836147
    },
    {
      "param_value": 0.0017782794311642647,
      "mean_cv_acc": 0.51,
      "std_cv_acc": 0.1445683229480096
    },
    {
      "param_value": 0.003162277629598975,
      "mean_cv_acc": 0.56,
      "std_cv_acc": 0.16852299546352717
    },
    {
      "param_value": 0.005623413249850273,
      "mean_cv_acc": 0.58,
      "std_cv_acc": 0.208806130178211
    },
    {
      "param_value": 0.009999999776482582,
      "mean_cv_acc": 0.54,
      "std_cv_acc": 0.1854723699099141
    },
    {
      "param_value": 0.017782794311642647,
      "mean_cv_acc": 0.53,
      "std_cv_acc": 0.1676305461424021
    },
    {
      "param_value": 0.03162277489900589,
      "mean_cv_acc": 0.53,
      "std_cv_acc": 0.16155494421403513
    },
    {
      "param_value": 0.05623413249850273,
      "mean_cv_acc": 0.54,
      "std_cv_acc": 0.142828568570857
    },
    {
      "param_value": 0.10000000149011612,
      "mean_cv_acc": 0.55,
      "std_cv_acc": 0.14317821063276354
    },
    {
      "param_value": 0.17782793939113617,
      "mean_cv_acc": 0.55,
      "std_cv_acc": 0.14317821063276354
    },
    {
      "param_value": 0.3162277638912201,
      "mean_cv_acc": 0.5599999999999999,
      "std_cv_acc": 0.142828568570857
    },
    {
      "param_value": 0.5623413324356079,
      "mean_cv_acc": 0.5599999999999999,
      "std_cv_acc": 0.142828568570857
    },
    {
      "param_value": 1.0,
      "mean_cv_acc": 0.5599999999999999,
      "std_cv_acc": 0.142828568570857
    },
    {
      "param_value": 1.778279423713684,
      "mean_cv_acc": 0.5599999999999999,
      "std_cv_acc": 0.142828568570857
    },
    {
      "param_value": 3.1622776985168457,
      "mean_cv_acc": 0.5599999999999999,
      "std_cv_acc": 0.142828568570857
    },
    {
      "param_value": 5.6234130859375,
      "mean_cv_acc": 0.55,
      "std_cv_acc": 0.14317821063276354
    },
    {
      "param_value": 10.0,
      "mean_cv_acc": 0.54,
      "std_cv_acc": 0.1624807680927192
    },
    {
      "param_value": 17.782794952392578,
      "mean_cv_acc": 0.54,
      "std_cv_acc": 0.1624807680927192
    },
    {
      "param_value": 31.62277603149414,
      "mean_cv_acc": 0.54,
      "std_cv_acc": 0.1624807680927192
    },
    {
      "param_value": 56.234130859375,
      "mean_cv_acc": 0.54,
      "std_cv_acc": 0.1624807680927192
    },
    {
      "param_value": 100.0,
      "mean_cv_acc": 0.54,
      "std_cv_acc": 0.1624807680927192
    },
    {
      "param_value": 177.82794189453125,
      "mean_cv_acc": 0.54,
      "std_cv_acc": 0.1624807680927192
    },
    {
      "param_value": 316.2277526855469,
      "mean_cv_acc": 0.54,
      "std_cv_acc": 0.1624807680927192
    },
    {
      "param_value": 562.34130859375,
      "mean_cv_acc": 0.53,
      "std_cv_acc": 0.15524174696260024
    },
    {
      "param_value": 1000.0,
      "mean_cv_acc": 0.53,
      "std_cv_acc": 0.15524174696260024
    },
    {
      "param_value": 1778.2794189453125,
      "mean_cv_acc": 0.53,
      "std_cv_acc": 0.15524174696260024
    },
    {
      "param_value": 3162.277587890625,
      "mean_cv_acc": 0.53,
      "std_cv_acc": 0.15524174696260024
    },
    {
      "param_value": 5623.4130859375,
      "mean_cv_acc": 0.53,
      "std_cv_acc": 0.15524174696260024
    },
    {
      "param_value": 10000.0,
      "mean_cv_acc": 0.53,
      "std_cv_acc": 0.15524174696260024
    },
    {
      "param_value": 17782.794921875,
      "mean_cv_acc": 0.53,
      "std_cv_acc": 0.15524174696260024
    },
    {
      "param_value": 31622.77734375,
      "mean_cv_acc": 0.53,
      "std_cv_acc": 0.15524174696260024
    },
    {
      "param_value": 56234.1328125,
      "mean_cv_acc": 0.53,
      "std_cv_acc": 0.15524174696260024
    },
    {
      "param_value": 100000.0,
      "mean_cv_acc": 0.53,
      "std_cv_acc": 0.15524174696260024
    }
  ],
  "five_way": {
    "accuracy": 0.64,
    "macro_f1": 0.6398677854055429,
    "macro_sensitivity": 0.6399999999999999,
    "macro_specificity": 0.9099999999999999,
    "per_class_sensitivity": {
      "NOR": 0.5,
      "DCM": 0.7,
      "HCM": 0.6,
      "MINF": 0.7,
      "RV": 0.7
    },
    "per_class_specificity": {
      "NOR": 0.925,
      "DCM": 0.9,
      "HCM": 0.925,
      "MINF": 0.85,
      "RV": 0.95
    },
    "confusion_matrix": [
      [
        5,
        1,
        0,
        2,
        2
      ],
      [
        1,
        7,
        1,
        1,
        0
      ],
      [
        1,
        1,
        6,
        2,
        0
      ],
      [
        0,
        1,
        2,
        7,
        0
      ],
      [
        1,
        1,
        0,
        1,
        7
      ]
    ],
    "classification_report": {
      "NOR": {
        "precision": 0.625,
        "recall": 0.5,
        "f1-score": 0.5555555555555556,
        "support": 10.0
      },
      "DCM": {
        "precision": 0.6363636363636364,
        "recall": 0.7,
        "f1-score": 0.6666666666666666,
        "support": 10.0
      },
      "HCM": {
        "precision": 0.6666666666666666,
        "recall": 0.6,
        "f1-score": 0.631578947368421,
        "support": 10.0
      },
      "MINF": {
        "precision": 0.5384615384615384,
        "recall": 0.7,
        "f1-score": 0.6086956521739131,
        "support": 10.0
      },
      "RV": {
        "precision": 0.7777777777777778,
        "recall": 0.7,
        "f1-score": 0.7368421052631579,
        "support": 10.0
      },
      "accuracy": 0.64,
      "macro avg": {
        "precision": 0.6488539238539237,
        "recall": 0.64,
        "f1-score": 0.6398677854055429,
        "support": 50.0
      },
      "weighted avg": {
        "precision": 0.6488539238539238,
        "recall": 0.64,
        "f1-score": 0.6398677854055429,
        "support": 50.0
      }
    },
    "probabilities": [
      [
        0.39059090540301317,
        0.22775207019857693,
        0.2474679207555044,
        0.08352174537896356,
        0.05066735826394201
      ],
      [
        0.31977721627423294,
        0.1623460178496845,
        0.10394659817944607,
        0.32234360024673464,
        0.09158656744990178
      ],
      [
        0.20285085877713904,
        0.3288164046631793,
        0.1322988580762261,
        0.24924660340437804,
        0.08678727507907757
      ],
      [
        0.16679278935544017,
        0.11510248206411486,
        0.4780314377857496,
        0.21532800073397007,
        0.024745290060725223
      ],
      [
        0.1730885779514886,
        0.29528424265076514,
        0.42228039546677126,
        0.08428900620573236,
        0.025057777725242644
      ],
      [
        0.033743201918298465,
        0.4994983010221592,
        0.09268458122608363,
        0.16577314559807296,
        0.2083007702353858
      ],
      [
        0.13517073944621763,
        0.09643040291871674,
        0.02170136647247484,
        0.5217563070280608,
        0.22494118413453
      ],
      [
        0.07714142594340417,
        0.44919469625079245,
        0.30980267220495195,
        0.15335843052047182,
        0.010502775080379433
      ],
      [
        0.7921824929416234,
        0.015048558466392976,
        0.013649921099299927,
        0.12220374770573572,
        0.056915279786947943
      ],
      [
        0.4126199819033201,
        0.13261728764743871,
        0.20804267002863364,
        0.11127281792092526,
        0.13544724249968246
      ],
      [
        0.10247790127611504,
        0.02870803273656385,
        0.3914484147678244,
        0.4683388385710393,
        0.00902681264845744
      ],
      [
        0.09863064684283719,
        0.18446985868827367,
        0.13202695126738587,
        0.5458934130960016,
        0.03897913010550162
      ],
      [
        0.10380470345036749,
        0.5822479153304636,
        0.0656825550112083,
        0.23030849058442943,
        0.01795633562353112
      ],
      [
        0.03398743249357816,
        0.3376928789759305,
        0.4571065370588076,
        0.15925456522210824,
        0.01195858624957562
      ],
      [
        0.15277242036365857,
        0.21176331257966463,
        0.3980669134493831,
        0.10045876554848537,
        0.13693858805880835
      ],
      [
        0.337379029180724,
        0.1759369597286801,
        0.1416775007496901,
        0.12993345522510963,
        0.21507305511579622
      ],
      [
        0.08860394086621542,
        0.28668948689134693,
        0.11780754253699356,
        0.41456015033942384,
        0.09233887936602014
      ],
      [
        0.0499454214098086,
        0.12830722830141963,
        0.01335257145463987,
        0.7776146736567077,
        0.03078010517742417
      ],
      [
        0.051569869453071286,
        0.027682899757321935,
        0.00694731875285619,
        0.05499752927209502,
        0.8588023827646556
      ],
      [
        0.07824417857079091,
        0.01815722794504299,
        0.08780790960760813,
        0.8051710636625792,
        0.010619620213978704
      ],
      [
        0.2707286147010048,
        0.13290945102505194,
        0.015086202649243584,
        0.25686138558331845,
        0.32441434604138125
      ],
      [
        0.053618302400028704,
        0.3882297183001538,
        0.0984139567326751,
        0.35557753567593525,
        0.10416048689120712
      ],
      [
        0.4848297242108434,
        0.02562296860094325,
        0.16413267143367796,
        0.2639700439429872,
        0.061444591811548335
      ],
      [
        0.08962889233082821,
        0.19805668592963746,
        0.01366956568920825,
        0.469140651493771,
        0.22950420455655512
      ],
      [
        0.4221363522867108,
        0.07280789267850274,
        0.022001429483614495,
        0.22267575900882652,
        0.2603785665423456
      ],
      [
        0.1272132675705596,
        0.010320734801152797,
        0.06055212385435093,
        0.0505095963345773,
        0.7514042774393593
      ],
      [
        0.12048525264083854,
        0.02444286155998164,
        0.0870577432045228,
        0.03263476480414847,
        0.7353793777905087
      ],
      [
        0.49069329307140724,
        0.03392070124215569,
        0.2813626929314178,
        0.10845617813802225,
        0.08556713461699705
      ],
      [
        0.06177295952047504,
        0.01959681853736272,
        0.0007703803864067198,
        0.011478212764494315,
        0.9063816287912612
      ],
      [
        0.0662296854726886,
        0.7007052436378058,
        0.03447542171542732,
        0.1803565685143281,
        0.01823308065975006
      ],
      [
        0.01569668145609137,
        0.5748132379549346,
        0.00799844086278409,
        0.06359840364454171,
        0.3378932360816482
      ],
      [
        0.014906585284099393,
        0.7196066133611682,
        0.17277516082233843,
        0.08617417791645061,
        0.0065374626159435635
      ],
      [
        0.014945868270904272,
        0.6512969033509762,
        0.09441245653110074,
        0.22841640027569435,
        0.010928371571324544
      ],
      [
        0.3144396995773847,
        0.1404984516190886,
        0.44769940274737124,
        0.047464268622050124,
        0.04989817743410536
      ],
      [
        0.04466872831850537,
        0.42737141273818346,
        0.0238271811668053,
        0.4928927803215158,
        0.011239897454990018
      ],
      [
        0.012046681145323368,
        0.57665507770359,
        0.037115771156513835,
        0.3556703524620553,
        0.01851211753251738
      ],
      [
        0.23807984670032878,
        0.1864737595195315,
        0.28934446579146905,
        0.14311636973003503,
        0.14298555825863557
      ],
      [
        0.18497165740025825,
        0.09855886597165697,
        0.4705741444531777,
        0.23850329528796718,
        0.007392036886939824
      ],
      [
        0.37346443723946937,
        0.006024389764839623,
        0.02654362546484811,
        0.05084788244546048,
        0.5431196650853825
      ],
      [
        0.09007552763786274,
        0.13416520352933498,
        0.03634058674684511,
        0.031050200623135696,
        0.7083684814628215
      ],
      [
        0.027374371672123504,
        0.6780426874751675,
        0.04143050945344521,
        0.15019513707998602,
        0.10295729431927785
      ],
      [
        0.25695059187988095,
        0.06073261737617075,
        0.20269650500203218,
        0.27911274640817435,
        0.2005075393337416
      ],
      [
        0.09180278389914899,
        0.14412219342396784,
        0.19125461886812867,
        0.5480726760628685,
        0.02474772774588613
      ],
      [
        0.6548416452032811,
        0.06758531319538709,
        0.12697532376571677,
        0.10468605759473441,
        0.04591166024088079
      ],
      [
        0.010603640309533714,
        0.2899705040352679,
        0.16234136876354857,
        0.5290247592503059,
        0.008059727641343856
      ],
      [
        0.05947549430304698,
        0.10603623389490818,
        0.4070898226947681,
        0.38016613336227795,
        0.047232315744998886
      ],
      [
        0.04109235697298202,
        0.049016261891055506,
        0.01145182264259921,
        0.12285024741039033,
        0.7755893110829729
      ],
      [
        0.17591681782894475,
        0.03299435708413148,
        0.23408634437840056,
        0.45219913518571936,
        0.10480334552280376
      ],
      [
        0.07893000600806245,
        0.3097082631272477,
        0.38819549711615725,
        0.18460009927040827,
        0.03856613447812433
      ],
      [
        0.3108946422676024,
        0.0463361709120548,
        0.1549757190748298,
        0.05434371275660883,
        0.4334497549889042
      ]
    ],
    "predictions": [
      0,
      3,
      1,
      2,
      2,
      1,
      3,
      1,
      0,
      0,
      3,
      3,
      1,
      2,
      2,
      0,
      3,
      3,
      4,
      3,
      4,
      1,
      0,
      3,
      0,
      4,
      4,
      0,
      4,
      1,
      1,
      1,
      1,
      2,
      3,
      1,
      2,
      2,
      4,
      4,
      1,
      3,
      3,
      0,
      3,
      2,
      4,
      3,
      2,
      4
    ],
    "true_labels": [
      1,
      0,
      3,
      2,
      2,
      1,
      0,
      2,
      4,
      0,
      2,
      3,
      1,
      2,
      3,
      2,
      1,
      3,
      4,
      3,
      4,
      1,
      0,
      4,
      0,
      4,
      4,
      0,
      4,
      0,
      1,
      1,
      1,
      2,
      3,
      1,
      3,
      2,
      0,
      4,
      4,
      2,
      3,
      0,
      3,
      2,
      4,
      3,
      1,
      0
    ],
    "patient_ids": [
      "patient101",
      "patient102",
      "patient103",
      "patient104",
      "patient105",
      "patient106",
      "patient107",
      "patient108",
      "patient109",
      "patient110",
      "patient111",
      "patient112",
      "patient113",
      "patient114",
      "patient115",
      "patient116",
      "patient117",
      "patient118",
      "patient119",
      "patient120",
      "patient121",
      "patient122",
      "patient123",
      "patient124",
      "patient125",
      "patient126",
      "patient127",
      "patient128",
      "patient129",
      "patient130",
      "patient131",
      "patient132",
      "patient133",
      "patient134",
      "patient135",
      "patient136",
      "patient137",
      "patient138",
      "patient139",
      "patient140",
      "patient141",
      "patient142",
      "patient143",
      "patient144",
      "patient145",
      "patient146",
      "patient147",
      "patient148",
      "patient149",
      "patient150"
    ]
  },
  "roc_auc": {
    "macro_auc": 0.8935000000000001,
    "per_class_auc": {
      "NOR": 0.8700000000000001,
      "DCM": 0.91,
      "HCM": 0.945,
      "MINF": 0.8375,
      "RV": 0.905
    }
  },
  "binary": {
    "accuracy": 0.8,
    "f1": 0.8863636363636364,
    "sensitivity": 0.975,
    "specificity": 0.1,
    "roc_auc": 0.87,
    "binary_labels": [
      1,
      0,
      1,
      1,
      1,
      1,
      0,
      1,
      1,
      0,
      1,
      1,
      1,
      1,
      1,
      1,
      1,
      1,
      1,
      1,
      1,
      1,
      0,
      1,
      0,
      1,
      1,
      0,
      1,
      0,
      1,
      1,
      1,
      1,
      1,
      1,
      1,
      1,
      0,
      1,
      1,
      1,
      1,
      0,
      1,
      1,
      1,
      1,
      1,
      0
    ],
    "binary_probs": [
      0.6094090945969868,
      0.680222783725767,
      0.797149141222861,
      0.8332072106445598,
      0.8269114220485114,
      0.9662567980817015,
      0.8648292605537824,
      0.9228585740565958,
      0.20781750705837665,
      0.58738001809668,
      0.897522098723885,
      0.9013693531571628,
      0.8961952965496325,
      0.9660125675064218,
      0.8472275796363414,
      0.6626209708192761,
      0.9113960591337846,
      0.9500545785901914,
      0.9484301305469287,
      0.9217558214292091,
      0.7292713852989952,
      0.9463816975999713,
      0.5151702757891565,
      0.9103711076691718,
      0.5778636477132892,
      0.8727867324294404,
      0.8795147473591615,
      0.5093067069285928,
      0.938227040479525,
      0.9337703145273114,
      0.9843033185439086,
      0.9850934147159006,
      0.9850541317290957,
      0.6855603004226153,
      0.9553312716814947,
      0.9879533188546766,
      0.7619201532996712,
      0.8150283425997418,
      0.6265355627605307,
      0.9099244723621372,
      0.9726256283278765,
      0.7430494081201191,
      0.908197216100851,
      0.34515835479671886,
      0.9893963596904662,
      0.940524505696953,
      0.958907643027018,
      0.8240831821710553,
      0.9210699939919376,
      0.6891053577323976
    ]
  }
}