{
  "config": {
    "dataset": "acdc",
    "backbone": "cinema",
    "model_name": "cinema_pretrained",
    "eval_mode": "logreg",
    "pooling": "gap",
    "embed_dim": 768,
    "best_hyperparam": 0.3162277638912201,
    "hyperparam_name": "C",
    "num_classes": 5,
    "class_names": [
      "NOR",
      "DCM",
      "HCM",
      "MINF",
      "RV"
    ]
  },
  "sweep_results": [
    {
      "param_value": 9.999999974752427e-07,
      "mean_cv_acc": 0.4,
      "std_cv_acc": 0.12649110640673517
    },
    {
      "param_value": 1.7782793975129607e-06,
      "mean_cv_acc": 0.4,
      "std_cv_acc": 0.12649110640673517
    },
    {
      "param_value": 3.1622776077711023e-06,
      "mean_cv_acc": 0.4,
      "std_cv_acc": 0.12649110640673517
    },
    {
      "param_value": 5.6234130170196295e-06,
      "mean_cv_acc": 0.39,
      "std_cv_acc": 0.11357816691600547
    },
    {
      "param_value": 9.999999747378752e-06,
      "mean_cv_acc": 0.39,
      "std_cv_acc": 0.11357816691600547
    },
    {
      "param_value": 1.778279329300858e-05,
      "mean_cv_acc": 0.39,
      "std_cv_acc": 0.11357816691600547
    },
    {
      "param_value": 3.162277789670043e-05,
      "mean_cv_acc": 0.39999999999999997,
      "std_cv_acc": 0.14832396974191325
    },
    {
      "param_value": 5.62341338081751e-05,
      "mean_cv_acc": 0.41999999999999993,
      "std_cv_acc": 0.14696938456699066
    },
    {
      "param_value": 9.999999747378752e-05,
      "mean_cv_acc": 0.43,
      "std_cv_acc": 0.1268857754044952
    },
    {
      "param_value": 0.00017782794020604342,
      "mean_cv_acc": 0.41999999999999993,
      "std_cv_acc": 0.132664991614216
    },
    {
      "param_value": 0.0003162277571391314,
      "mean_cv_acc": 0.43999999999999995,
      "std_cv_acc": 0.14966629547095764
    },
    {
      "param_value": 0.000562341301701963,
      "mean_cv_acc": 0.49000000000000005,
      "std_cv_acc": 0.20223748416156684
    },
    {
      "param_value": 0.0010000000474974513,
      "mean_cv_acc": 0.5399999999999999,
      "std_cv_acc": 0.21071307505705478
    },
    {
      "param_value": 0.0017782794311642647,
      "mean_cv_acc": 0.55,
      "std_cv_acc": 0.24596747752497686
    },
    {
      "param_value": 0.003162277629598975,
      "mean_cv_acc": 0.5599999999999999,
      "std_cv_acc": 0.24576411454889013
    },
    {
      "param_value": 0.005623413249850273,
      "mean_cv_acc": 0.56,
      "std_cv_acc": 0.23323807579381203
    },
    {
      "param_value": 0.009999999776482582,
      "mean_cv_acc": 0.59,
      "std_cv_acc": 0.20223748416156687
    },
    {
      "param_value": 0.017782794311642647,
      "mean_cv_acc": 0.58,
      "std_cv_acc": 0.198997487421324
    },
    {
      "param_value": 0.03162277489900589,
      "mean_cv_acc": 0.5700000000000001,
      "std_cv_acc": 0.2147091055358389
    },
    {
      "param_value": 0.05623413249850273,
      "mean_cv_acc": 0.58,
      "std_cv_acc": 0.2227105745132009
    },
    {
      "param_value": 0.10000000149011612,
      "mean_cv_acc": 0.58,
      "std_cv_acc": 0.2227105745132009
    },
    {
      "param_value": 0.17782793939113617,
      "mean_cv_acc": 0.58,
      "std_cv_acc": 0.2227105745132009
    },
    {
      "param_value": 0.3162277638912201,
      "mean_cv_acc": 0.6,
      "std_cv_acc": 0.20976176963403032
    },
    {
      "param_value": 0.5623413324356079,
      "mean_cv_acc": 0.6,
      "std_cv_acc": 0.20976176963403032
    },
    {
      "param_value": 1.0,
      "mean_cv_acc": 0.6,
      "std_cv_acc": 0.20976176963403032
    },
    {
      "param_value": 1.778279423713684,
      "mean_cv_acc": 0.59,
      "std_cv_acc": 0.21189620100417092
    },
    {
      "param_value": 3.1622776985168457,
      "mean_cv_acc": 0.59,
      "std_cv_acc": 0.21189620100417092
    },
    {
      "param_value": 5.6234130859375,
      "mean_cv_acc": 0.6,
      "std_cv_acc": 0.20976176963403032
    },
    {
      "param_value": 10.0,
      "mean_cv_acc": 0.6,
      "std_cv_acc": 0.20976176963403032
    },
    {
      "param_value": 17.782794952392578,
      "mean_cv_acc": 0.6,
      "std_cv_acc": 0.20976176963403032
    },
    {
      "param_value": 31.62277603149414,
      "mean_cv_acc": 0.6,
      "std_cv_acc": 0.20976176963403032
    },
    {
      "param_value": 56.234130859375,
      "mean_cv_acc": 0.6,
      "std_cv_acc": 0.20976176963403032
    },
    {
      "param_value": 100.0,
      "mean_cv_acc": 0.6,
      "std_cv_acc": 0.20976176963403032
    },
    {
      "param_value": 177.82794189453125,
      "mean_cv_acc": 0.6,
      "std_cv_acc": 0.20976176963403032
    },
    {
      "param_value": 316.2277526855469,
      "mean_cv_acc": 0.59,
      "std_cv_acc": 0.21189620100417092
    },
    {
      "param_value": 562.34130859375,
      "mean_cv_acc": 0.59,
      "std_cv_acc": 0.21189620100417092
    },
    {
      "param_value": 1000.0,
      "mean_cv_acc": 0.58,
      "std_cv_acc": 0.21354156504062627
    },
    {
      "param_value": 1778.2794189453125,
      "mean_cv_acc": 0.58,
      "std_cv_acc": 0.21354156504062627
    },
    {
      "param_value": 3162.277587890625,
      "mean_cv_acc": 0.58,
      "std_cv_acc": 0.21354156504062627
    },
    {
      "param_value": 5623.4130859375,
      "mean_cv_acc": 0.58,
      "std_cv_acc": 0.21354156504062627
    },
    {
      "param_value": 10000.0,
      "mean_cv_acc": 0.58,
      "std_cv_acc": 0.21354156504062627
    },
    {
      "param_value": 17782.794921875,
      "mean_cv_acc": 0.58,
      "std_cv_acc": 0.21354156504062627
    },
    {
      "param_value": 31622.77734375,
      "mean_cv_acc": 0.58,
      "std_cv_acc": 0.21354156504062627
    },
    {
      "param_value": 56234.1328125,
      "mean_cv_acc": 0.58,
      "std_cv_acc": 0.21354156504062627
    },
    {
      "param_value": 100000.0,
      "mean_cv_acc": 0.58,
      "std_cv_acc": 0.21354156504062627
    }
  ],
  "five_way": {
    "accuracy": 0.64,
    "macro_f1": 0.6392094317790912,
    "macro_sensitivity": 0.64,
    "macro_specificity": 0.9099999999999999,
    "per_class_sensitivity": {
      "NOR": 0.7,
      "DCM": 0.8,
      "HCM": 0.6,
      "MINF": 0.5,
      "RV": 0.6
    },
    "per_class_specificity": {
      "NOR": 0.875,
      "DCM": 0.85,
      "HCM": 0.925,
      "MINF": 0.925,
      "RV": 0.975
    },
    "confusion_matrix": [
      [
        7,
        1,
        1,
        0,
        1
      ],
      [
        1,
        8,
        1,
        0,
        0
      ],
      [
        2,
        0,
        6,
        2,
        0
      ],
      [
        0,
        4,
        1,
        5,
        0
      ],
      [
        2,
        1,
        0,
        1,
        6
      ]
    ],
    "classification_report": {
      "NOR": {
        "precision": 0.5833333333333334,
        "recall": 0.7,
        "f1-score": 0.6363636363636364,
        "support": 10.0
      },
      "DCM": {
        "precision": 0.5714285714285714,
        "recall": 0.8,
        "f1-score": 0.6666666666666666,
        "support": 10.0
      },
      "HCM": {
        "precision": 0.6666666666666666,
        "recall": 0.6,
        "f1-score": 0.631578947368421,
        "support": 10.0
      },
      "MINF": {
        "precision": 0.625,
        "recall": 0.5,
        "f1-score": 0.5555555555555556,
        "support": 10.0
      },
      "RV": {
        "precision": 0.8571428571428571,
        "recall": 0.6,
        "f1-score": 0.7058823529411765,
        "support": 10.0
      },
      "accuracy": 0.64,
      "macro avg": {
        "precision": 0.6607142857142857,
        "recall": 0.64,
        "f1-score": 0.6392094317790912,
        "support": 50.0
      },
      "weighted avg": {
        "precision": 0.6607142857142857,
        "recall": 0.64,
        "f1-score": 0.6392094317790912,
        "support": 50.0
      }
    },
    "probabilities": [
      [
        0.4457800248489961,
        0.33500417978587244,
        0.1848005256735654,
        0.01357887025670365,
        0.020836399434862405
      ],
      [
        0.7937486472782381,
        0.006661268236210802,
        0.014597878245703431,
        0.13818800360481456,
        0.04680420263503302
      ],
      [
        0.025255395357377926,
        0.4772581701142029,
        0.15361242197952468,
        0.3204369316273915,
        0.023437080921502942
      ],
      [
        0.03366833656971656,
        0.018314692118360405,
        0.8624740588357009,
        0.0832412089664736,
        0.002301703509748499
      ],
      [
        0.17475328372371576,
        0.17102034870201516,
        0.6372435129375631,
        0.01482045850594246,
        0.0021623961307635706
      ],
      [
        0.0038326244496739506,
        0.43435462901552,
        0.022320034571701564,
        0.1302934943730118,
        0.40919921759009253
      ],
      [
        0.5818566935263395,
        0.0934890573133031,
        0.026193338084019812,
        0.18010785077998714,
        0.11835306029635043
      ],
      [
        0.007639208994954887,
        0.36557662808829355,
        0.5879738926859678,
        0.03753515654504226,
        0.0012751136857413858
      ],
      [
        0.9690785492038707,
        2.533577909677865e-05,
        0.00032717322105868985,
        0.02618453034772825,
        0.00438441144824547
      ],
      [
        0.9394941077526758,
        0.001258482777086127,
        0.01334824767009179,
        0.027789108976457953,
        0.01811005282368819
      ],
      [
        0.060717063408086504,
        0.0007417738502779906,
        0.05230671264949429,
        0.886094801551735,
        0.00013964854040633887
      ],
      [
        0.00036262963046469233,
        0.15102110328080065,
        0.0891542084692084,
        0.7585540228375488,
        0.0009080357819774999
      ],
      [
        0.002903856856244592,
        0.8911125209091669,
        0.0018065161837339649,
        0.10409036526488467,
        8.674078596987279e-05
      ],
      [
        0.00013174243423807701,
        0.06511695512863735,
        0.7521798584598207,
        0.18214925077504432,
        0.0004221932022595608
      ],
      [
        0.010059839094241968,
        0.6314681247434183,
        0.18065106734459344,
        0.08391322633939904,
        0.09390774247834711
      ],
      [
        0.059913707229444356,
        0.1025945477056966,
        0.7169172870989152,
        0.10316704288720893,
        0.017407415078734705
      ],
      [
        0.000408756754813498,
        0.6175056918017977,
        0.018428729404150742,
        0.3631214418538984,
        0.0005353801853397667
      ],
      [
        0.006275635793167058,
        0.008585580499556602,
        0.002514260289429346,
        0.9802040542798921,
        0.0024204691379548647
      ],
      [
        0.0014989805955157166,
        0.0004830966170935046,
        0.00020526429972584522,
        0.0012632806273861633,
        0.9965493778602789
      ],
      [
        0.004226268910442862,
        0.0007415289395770466,
        0.00411541010762003,
        0.9909064095431128,
        1.0382499247229942e-05
      ],
      [
        0.7777786908926139,
        0.003969592275605033,
        0.00045682746524264664,
        0.017908322657604867,
        0.1998865667089336
      ],
      [
        0.00014249023551220682,
        0.6377908036014818,
        0.009368425908405528,
        0.327843704067531,
        0.024854576187069505
      ],
      [
        0.8010396862596316,
        0.0012234589414459752,
        0.011600538953618457,
        0.18200707553481982,
        0.004129240310484233
      ],
      [
        0.15022195695934276,
        0.2070626319593212,
        0.006921661346452635,
        0.5188571979803082,
        0.1169365517545752
      ],
      [
        0.8831892676680959,
        0.00016105180463412628,
        0.0009581945057816115,
        0.04630389033525951,
        0.06938759568622888
      ],
      [
        0.005479891067921147,
        1.7052428679670292e-05,
        0.0009861847403823585,
        0.0036714562097773093,
        0.9898454155532395
      ],
      [
        0.004722929298817453,
        0.006428648458466645,
        0.016610325735906126,
        0.032880665984866275,
        0.9393574305219434
      ],
      [
        0.37332946094987696,
        0.00658715079024125,
        0.5526240049688886,
        0.041759703779696,
        0.02569967951129711
      ],
      [
        0.0036468975334155306,
        0.000174090121757443,
        3.426039606322789e-05,
        0.0001264867519234851,
        0.9960182651968403
      ],
      [
        0.07988416577681536,
        0.7933096529585095,
        0.005552264485274184,
        0.11817597505673179,
        0.003077941722669242
      ],
      [
        1.4604136176599095e-05,
        0.9924372427764503,
        0.002630592283854787,
        0.002642717653621354,
        0.0022748431498969147
      ],
      [
        2.1265230813135207e-05,
        0.9966989777558993,
        0.001213726181167492,
        0.0020582106232036536,
        7.820208916360053e-06
      ],
      [
        2.3287658543840484e-05,
        0.7780555376333417,
        0.0007999607913124926,
        0.2209929259082627,
        0.00012828800853922033
      ],
      [
        0.5691993398441355,
        0.06986917201451305,
        0.3494628701389737,
        0.010328002070720963,
        0.001140615931656797
      ],
      [
        0.0036867449896455314,
        0.8372759642031352,
        0.0019533542936236445,
        0.15460669274466537,
        0.002477243768930203
      ],
      [
        0.00011656324426649661,
        0.95026742148399,
        0.005430128103431524,
        0.044135831034565684,
        5.0056133746231826e-05
      ],
      [
        0.04504685441259091,
        0.6549979471106072,
        0.15619397657608336,
        0.10162555000729351,
        0.04213567189342498
      ],
      [
        0.02060598833845572,
        0.061212307856160345,
        0.7315442236687774,
        0.18648059960836347,
        0.00015688052824320564
      ],
      [
        0.30671514704454766,
        3.37212567388295e-05,
        0.0004987017237016137,
        0.003181734654831615,
        0.6895706953201803
      ],
      [
        0.0017849455038583281,
        0.14982600144972,
        0.028635022827338968,
        0.0035788997161545814,
        0.8161751305029282
      ],
      [
        1.7447375885743925e-05,
        0.9274222251334373,
        0.03716918072528482,
        0.009880090530676384,
        0.02551105623471583
      ],
      [
        0.5261510159766232,
        0.0015092031436006522,
        0.12534192752300963,
        0.24344042265655672,
        0.10355743070020992
      ],
      [
        0.008511153660581092,
        0.181272065198309,
        0.14363636812816208,
        0.6646786701748213,
        0.0019017428381264425
      ],
      [
        0.5914147041371761,
        0.20545515433074565,
        0.1602069712553013,
        0.036074683926687445,
        0.006848486350089403
      ],
      [
        8.839948473259645e-05,
        0.11807834171763497,
        0.031160081444509463,
        0.8502330803080819,
        0.00044009704504110943
      ],
      [
        0.004649871969687654,
        0.08362261693320465,
        0.17844564457881512,
        0.7306804696960919,
        0.0026013968222008002
      ],
      [
        0.001852170247032835,
        0.0015606875005897485,
        0.000984819262934295,
        0.03598735810865153,
        0.9596149648807916
      ],
      [
        0.06588719003021326,
        0.005237592696176891,
        0.7575527147421334,
        0.17085830739571675,
        0.00046419513575984427
      ],
      [
        0.005097169097569687,
        0.36185404501387514,
        0.45472000671620577,
        0.17623832951908236,
        0.0020904496532669946
      ],
      [
        0.8481308738083496,
        4.668246279011223e-05,
        0.0388648587008044,
        0.0009619900659563776,
        0.11199559496209954
      ]
    ],
    "predictions": [
      0,
      0,
      1,
      2,
      2,
      1,
      0,
      2,
      0,
      0,
      3,
      3,
      1,
      2,
      1,
      2,
      1,
      3,
      4,
      3,
      0,
      1,
      0,
      3,
      0,
      4,
      4,
      2,
      4,
      1,
      1,
      1,
      1,
      0,
      1,
      1,
      1,
      2,
      4,
      4,
      1,
      0,
      3,
      0,
      3,
      3,
      4,
      2,
      2,
      0
    ],
    "true_labels": [
      1,
      0,
      3,
      2,
      2,
      1,
      0,
      2,
      4,
      0,
      2,
      3,
      1,
      2,
      3,
      2,
      1,
      3,
      4,
      3,
      4,
      1,
      0,
      4,
      0,
      4,
      4,
      0,
      4,
      0,
      1,
      1,
      1,
      2,
      3,
      1,
      3,
      2,
      0,
      4,
      4,
      2,
      3,
      0,
      3,
      2,
      4,
      3,
      1,
      0
    ],
    "patient_ids": [
      "patient101",
      "patient102",
      "patient103",
      "patient104",
      "patient105",
      "patient106",
      "patient107",
      "patient108",
      "patient109",
      "patient110",
      "patient111",
      "patient112",
      "patient113",
      "patient114",
      "patient115",
      "patient116",
      "patient117",
      "patient118",
      "patient119",
      "patient120",
      "patient121",
      "patient122",
      "patient123",
      "patient124",
      "patient125",
      "patient126",
      "patient127",
      "patient128",
      "patient129",
      "patient130",
      "patient131",
      "patient132",
      "patient133",
      "patient134",
      "patient135",
      "patient136",
      "patient137",
      "patient138",
      "patient139",
      "patient140",
      "patient141",
      "patient142",
      "patient143",
      "patient144",
      "patient145",
      "patient146",
      "patient147",
      "patient148",
      "patient149",
      "patient150"
    ]
  },
  "roc_auc": {
    "macro_auc": 0.9055,
    "per_class_auc": {
      "NOR": 0.9349999999999999,
      "DCM": 0.9175,
      "HCM": 0.92,
      "MINF": 0.8325,
      "RV": 0.9225
    }
  },
  "binary": {
    "accuracy": 0.86,
    "f1": 0.9113924050632911,
    "sensitivity": 0.9,
    "specificity": 0.7,
    "roc_auc": 0.935,
    "binary_labels": [
      1,
      0,
      1,
      1,
      1,
      1,
      0,
      1,
      1,
      0,
      1,
      1,
      1,
      1,
      1,
      1,
      1,
      1,
      1,
      1,
      1,
      1,
      0,
      1,
      0,
      1,
      1,
      0,
      1,
      0,
      1,
      1,
      1,
      1,
      1,
      1,
      1,
      1,
      0,
      1,
      1,
      1,
      1,
      0,
      1,
      1,
      1,
      1,
      1,
      0
    ],
    "binary_probs": [
      0.554219975151004,
      0.20625135272176187,
      0.974744604642622,
      0.9663316634302834,
      0.8252467162762842,
      0.9961673755503261,
      0.4181433064736605,
      0.9923607910050452,
      0.03092145079612929,
      0.06050589224732417,
      0.9392829365919135,
      0.9996373703695353,
      0.9970961431437554,
      0.9998682575657619,
      0.989940160905758,
      0.9400862927705557,
      0.9995912432451866,
      0.993724364206833,
      0.9985010194044843,
      0.9957737310895571,
      0.22222130910738613,
      0.9998575097644878,
      0.19896031374036838,
      0.8497780430406572,
      0.11681073233190409,
      0.9945201089320789,
      0.9952770707011825,
      0.626670539050123,
      0.9963531024665845,
      0.9201158342231847,
      0.9999853958638234,
      0.9999787347691869,
      0.9999767123414561,
      0.4308006601558645,
      0.9963132550103545,
      0.9998834367557335,
      0.9549531455874091,
      0.9793940116615443,
      0.6932848529554523,
      0.9982150544961417,
      0.9999825526241143,
      0.47384898402337683,
      0.9914888463394189,
      0.4085852958628239,
      0.9999116005152674,
      0.9953501280303123,
      0.9981478297529671,
      0.9341128099697867,
      0.9949028309024304,
      0.15186912619165038
    ]
  }
}