{
  "config": {
    "backbone": "cinema",
    "model_name": "cinema_pretrained",
    "eval_mode": "logreg",
    "freeze_backbone": true,
    "pooling": "cls",
    "embed_dim": 768,
    "best_hyperparam": 0.005623413249850273,
    "hyperparam_name": "C"
  },
  "sweep_results": [
    {
      "param_value": 9.999999974752427e-07,
      "mean_cv_acc": 0.42000000000000004,
      "std_cv_acc": 0.15362291495737218
    },
    {
      "param_value": 1.7782793975129607e-06,
      "mean_cv_acc": 0.42000000000000004,
      "std_cv_acc": 0.15362291495737218
    },
    {
      "param_value": 3.1622776077711023e-06,
      "mean_cv_acc": 0.42000000000000004,
      "std_cv_acc": 0.15362291495737218
    },
    {
      "param_value": 5.6234130170196295e-06,
      "mean_cv_acc": 0.41,
      "std_cv_acc": 0.157797338380595
    },
    {
      "param_value": 9.999999747378752e-06,
      "mean_cv_acc": 0.41999999999999993,
      "std_cv_acc": 0.13999999999999999
    },
    {
      "param_value": 1.778279329300858e-05,
      "mean_cv_acc": 0.41,
      "std_cv_acc": 0.1445683229480096
    },
    {
      "param_value": 3.162277789670043e-05,
      "mean_cv_acc": 0.39,
      "std_cv_acc": 0.157797338380595
    },
    {
      "param_value": 5.62341338081751e-05,
      "mean_cv_acc": 0.38,
      "std_cv_acc": 0.16
    },
    {
      "param_value": 9.999999747378752e-05,
      "mean_cv_acc": 0.39,
      "std_cv_acc": 0.1445683229480096
    },
    {
      "param_value": 0.00017782794020604342,
      "mean_cv_acc": 0.41,
      "std_cv_acc": 0.15132745950421556
    },
    {
      "param_value": 0.0003162277571391314,
      "mean_cv_acc": 0.42000000000000004,
      "std_cv_acc": 0.16613247725836147
    },
    {
      "param_value": 0.000562341301701963,
      "mean_cv_acc": 0.45,
      "std_cv_acc": 0.14317821063276354
    },
    {
      "param_value": 0.0010000000474974513,
      "mean_cv_acc": 0.4800000000000001,
      "std_cv_acc": 0.16613247725836147
    },
    {
      "param_value": 0.0017782794311642647,
      "mean_cv_acc": 0.51,
      "std_cv_acc": 0.1445683229480096
    },
    {
      "param_value": 0.003162277629598975,
      "mean_cv_acc": 0.56,
      "std_cv_acc": 0.16852299546352717
    },
    {
      "param_value": 0.005623413249850273,
      "mean_cv_acc": 0.58,
      "std_cv_acc": 0.208806130178211
    },
    {
      "param_value": 0.009999999776482582,
      "mean_cv_acc": 0.54,
      "std_cv_acc": 0.1854723699099141
    },
    {
      "param_value": 0.017782794311642647,
      "mean_cv_acc": 0.53,
      "std_cv_acc": 0.1676305461424021
    },
    {
      "param_value": 0.03162277489900589,
      "mean_cv_acc": 0.53,
      "std_cv_acc": 0.16155494421403513
    },
    {
      "param_value": 0.05623413249850273,
      "mean_cv_acc": 0.54,
      "std_cv_acc": 0.142828568570857
    },
    {
      "param_value": 0.10000000149011612,
      "mean_cv_acc": 0.55,
      "std_cv_acc": 0.14317821063276354
    },
    {
      "param_value": 0.17782793939113617,
      "mean_cv_acc": 0.55,
      "std_cv_acc": 0.14317821063276354
    },
    {
      "param_value": 0.3162277638912201,
      "mean_cv_acc": 0.5599999999999999,
      "std_cv_acc": 0.142828568570857
    },
    {
      "param_value": 0.5623413324356079,
      "mean_cv_acc": 0.5599999999999999,
      "std_cv_acc": 0.142828568570857
    },
    {
      "param_value": 1.0,
      "mean_cv_acc": 0.5599999999999999,
      "std_cv_acc": 0.142828568570857
    },
    {
      "param_value": 1.778279423713684,
      "mean_cv_acc": 0.5599999999999999,
      "std_cv_acc": 0.142828568570857
    },
    {
      "param_value": 3.1622776985168457,
      "mean_cv_acc": 0.5599999999999999,
      "std_cv_acc": 0.142828568570857
    },
    {
      "param_value": 5.6234130859375,
      "mean_cv_acc": 0.55,
      "std_cv_acc": 0.14317821063276354
    },
    {
      "param_value": 10.0,
      "mean_cv_acc": 0.54,
      "std_cv_acc": 0.1624807680927192
    },
    {
      "param_value": 17.782794952392578,
      "mean_cv_acc": 0.54,
      "std_cv_acc": 0.1624807680927192
    },
    {
      "param_value": 31.62277603149414,
      "mean_cv_acc": 0.54,
      "std_cv_acc": 0.1624807680927192
    },
    {
      "param_value": 56.234130859375,
      "mean_cv_acc": 0.54,
      "std_cv_acc": 0.1624807680927192
    },
    {
      "param_value": 100.0,
      "mean_cv_acc": 0.54,
      "std_cv_acc": 0.1624807680927192
    },
    {
      "param_value": 177.82794189453125,
      "mean_cv_acc": 0.54,
      "std_cv_acc": 0.1624807680927192
    },
    {
      "param_value": 316.2277526855469,
      "mean_cv_acc": 0.54,
      "std_cv_acc": 0.1624807680927192
    },
    {
      "param_value": 562.34130859375,
      "mean_cv_acc": 0.53,
      "std_cv_acc": 0.15524174696260024
    },
    {
      "param_value": 1000.0,
      "mean_cv_acc": 0.53,
      "std_cv_acc": 0.15524174696260024
    },
    {
      "param_value": 1778.2794189453125,
      "mean_cv_acc": 0.53,
      "std_cv_acc": 0.15524174696260024
    },
    {
      "param_value": 3162.277587890625,
      "mean_cv_acc": 0.53,
      "std_cv_acc": 0.15524174696260024
    },
    {
      "param_value": 5623.4130859375,
      "mean_cv_acc": 0.53,
      "std_cv_acc": 0.15524174696260024
    },
    {
      "param_value": 10000.0,
      "mean_cv_acc": 0.53,
      "std_cv_acc": 0.15524174696260024
    },
    {
      "param_value": 17782.794921875,
      "mean_cv_acc": 0.53,
      "std_cv_acc": 0.15524174696260024
    },
    {
      "param_value": 31622.77734375,
      "mean_cv_acc": 0.53,
      "std_cv_acc": 0.15524174696260024
    },
    {
      "param_value": 56234.1328125,
      "mean_cv_acc": 0.53,
      "std_cv_acc": 0.15524174696260024
    },
    {
      "param_value": 100000.0,
      "mean_cv_acc": 0.53,
      "std_cv_acc": 0.15524174696260024
    }
  ],
  "five_way": {
    "accuracy": 0.64,
    "macro_f1": 0.6398677854055429,
    "macro_sensitivity": 0.6399999999999999,
    "macro_specificity": 0.9099999999999999,
    "per_class_sensitivity": {
      "NOR": 0.5,
      "DCM": 0.7,
      "HCM": 0.6,
      "MINF": 0.7,
      "RV": 0.7
    },
    "per_class_specificity": {
      "NOR": 0.925,
      "DCM": 0.9,
      "HCM": 0.925,
      "MINF": 0.85,
      "RV": 0.95
    },
    "confusion_matrix": [
      [
        5,
        1,
        0,
        2,
        2
      ],
      [
        1,
        7,
        1,
        1,
        0
      ],
      [
        1,
        1,
        6,
        2,
        0
      ],
      [
        0,
        1,
        2,
        7,
        0
      ],
      [
        1,
        1,
        0,
        1,
        7
      ]
    ],
    "classification_report": {
      "NOR": {
        "precision": 0.625,
        "recall": 0.5,
        "f1-score": 0.5555555555555556,
        "support": 10.0
      },
      "DCM": {
        "precision": 0.6363636363636364,
        "recall": 0.7,
        "f1-score": 0.6666666666666666,
        "support": 10.0
      },
      "HCM": {
        "precision": 0.6666666666666666,
        "recall": 0.6,
        "f1-score": 0.631578947368421,
        "support": 10.0
      },
      "MINF": {
        "precision": 0.5384615384615384,
        "recall": 0.7,
        "f1-score": 0.6086956521739131,
        "support": 10.0
      },
      "RV": {
        "precision": 0.7777777777777778,
        "recall": 0.7,
        "f1-score": 0.7368421052631579,
        "support": 10.0
      },
      "accuracy": 0.64,
      "macro avg": {
        "precision": 0.6488539238539237,
        "recall": 0.64,
        "f1-score": 0.6398677854055429,
        "support": 50.0
      },
      "weighted avg": {
        "precision": 0.6488539238539238,
        "recall": 0.64,
        "f1-score": 0.6398677854055429,
        "support": 50.0
      }
    },
    "probabilities": [
      [
        0.390661755044596,
        0.22772785145167243,
        0.24743100323419637,
        0.08351890763446114,
        0.05066048263507398
      ],
      [
        0.31976080987736916,
        0.16234693818161647,
        0.10395991142879504,
        0.32232528667095295,
        0.09160705384126637
      ],
      [
        0.20282172669102255,
        0.3288370582070965,
        0.1323010046627096,
        0.2492471303620395,
        0.08679308007713185
      ],
      [
        0.166737461227031,
        0.11504141571151562,
        0.47812437372089744,
        0.21534754979234869,
        0.024749199548207285
      ],
      [
        0.17307810966915307,
        0.2953507554796081,
        0.42221694684867206,
        0.08428829772566651,
        0.025065890276900427
      ],
      [
        0.03374669766416131,
        0.49953193796074025,
        0.09267236253702531,
        0.1657097709058393,
        0.20833923093223397
      ],
      [
        0.1351661301544487,
        0.09644917031797984,
        0.02168662304977706,
        0.5216849936465855,
        0.2250130828312089
      ],
      [
        0.07715585272017797,
        0.4491682100477329,
        0.30984385679431536,
        0.1533289527785872,
        0.010503127659186566
      ],
      [
        0.7921582122225357,
        0.015050710198691203,
        0.013647421023532549,
        0.12223897525591307,
        0.05690468129932733
      ],
      [
        0.4127096927630844,
        0.13260538978193911,
        0.20797740533803938,
        0.11129142227404218,
        0.13541608984289508
      ],
      [
        0.1025059946213569,
        0.02872106981704748,
        0.3914051775148617,
        0.46833981969663624,
        0.009027938350097837
      ],
      [
        0.09863414076649377,
        0.18446152693868373,
        0.13204333311329539,
        0.5458708908509639,
        0.03899010833056331
      ],
      [
        0.10377642736815398,
        0.5822717913194871,
        0.06569780424914917,
        0.2302888540569764,
        0.017965123006233163
      ],
      [
        0.033982022625961665,
        0.33768342565476916,
        0.45706983667483086,
        0.15930809309699892,
        0.011956621947439273
      ],
      [
        0.15274695412313966,
        0.21176074232051403,
        0.3980144148058251,
        0.1004756025929685,
        0.1370022861575526
      ],
      [
        0.33733250432637196,
        0.17597120735543587,
        0.14168267787351957,
        0.1299269600366656,
        0.2150866504080071
      ],
      [
        0.08861454898482449,
        0.2866349192617346,
        0.11782750500607694,
        0.4145658331791029,
        0.0923571935682611
      ],
      [
        0.04993909067392865,
        0.1282664558042259,
        0.013352794576134676,
        0.7776557756228685,
        0.030785883322842444
      ],
      [
        0.05157676381995254,
        0.027682010648899167,
        0.006948706642974701,
        0.05502176786537416,
        0.8587707510227995
      ],
      [
        0.07822746454158606,
        0.01815445707935717,
        0.08774506626274933,
        0.8052503571494484,
        0.010622654966859036
      ],
      [
        0.2705956974183556,
        0.13296215615782245,
        0.015099119092936786,
        0.2569250123667028,
        0.3244180149641823
      ],
      [
        0.05359765663472015,
        0.3882562437103437,
        0.09841743447464286,
        0.35556979932534644,
        0.10415886585494678
      ],
      [
        0.4848477762337211,
        0.025619269855596653,
        0.16410523928305154,
        0.26397827694167514,
        0.06144943768595558
      ],
      [
        0.08966467123497585,
        0.19800921016532244,
        0.013661977513547502,
        0.4690811885388729,
        0.22958295254728137
      ],
      [
        0.42181262477545667,
        0.07282924183032541,
        0.02200384405369645,
        0.22266564563740793,
        0.26068864370311345
      ],
      [
        0.1271705560096773,
        0.010321591977931466,
        0.06059018527003235,
        0.050531892364782255,
        0.7513857743775766
      ],
      [
        0.12045576812865098,
        0.024434748239795592,
        0.08704338376762358,
        0.0326432847857563,
        0.7354228150781735
      ],
      [
        0.49068361286671847,
        0.03392538193612136,
        0.28133610190804625,
        0.10846438508000032,
        0.08559051820911377
      ],
      [
        0.06179810466666699,
        0.019580072021253375,
        0.0007703167848595207,
        0.011475138716094778,
        0.9063763678111253
      ],
      [
        0.06621707565381055,
        0.7007139287942642,
        0.0344844363924329,
        0.18035805225620374,
        0.018226506903288434
      ],
      [
        0.015699393178740768,
        0.5746095149134347,
        0.007987969689978367,
        0.06360105644903208,
        0.33810206576881413
      ],
      [
        0.014908927235138576,
        0.719541363388573,
        0.1727742356986044,
        0.08623220972321198,
        0.006543263954472201
      ],
      [
        0.014950342519965376,
        0.6511603305318144,
        0.09440722128387953,
        0.22854689375557957,
        0.010935211908761172
      ],
      [
        0.3144488968843541,
        0.14048313017918426,
        0.44771285904579977,
        0.04746553452109636,
        0.04988957936956553
      ],
      [
        0.044696965784888486,
        0.427228637681789,
        0.02382549936274824,
        0.4930077884055323,
        0.011241108765042068
      ],
      [
        0.012037810137434723,
        0.576550481427644,
        0.03710194792743578,
        0.35579901216472953,
        0.018510748342755987
      ],
      [
        0.23807229523505408,
        0.18645822103840692,
        0.2893415911929924,
        0.14310667448047626,
        0.14302121805307033
      ],
      [
        0.18497332303331873,
        0.09853658097015629,
        0.470610901952857,
        0.2384871929711595,
        0.0073920010725083965
      ],
      [
        0.3734103306254024,
        0.006022078023110606,
        0.026543471669090213,
        0.05083632384761836,
        0.5431877958347785
      ],
      [
        0.09009872129907957,
        0.1341675888217457,
        0.03635111513101206,
        0.031054156277305903,
        0.7083284184708568
      ],
      [
        0.02736675424879288,
        0.6780520531378739,
        0.04142309820189934,
        0.15020998175093533,
        0.10294811266049853
      ],
      [
        0.2569255052481104,
        0.06072365679920733,
        0.2027095655686326,
        0.27911102902997675,
        0.2005302433540728
      ],
      [
        0.09180725046780573,
        0.14409653184686463,
        0.19125125017265313,
        0.5480946290735816,
        0.024750338439094785
      ],
      [
        0.6547638522469663,
        0.06758942615179808,
        0.12700262579825145,
        0.10471720850656262,
        0.045926887296421595
      ],
      [
        0.010603071611055226,
        0.2899064045818252,
        0.1622624121337869,
        0.5291695979070635,
        0.008058513766269123
      ],
      [
        0.05947754117960327,
        0.10602613877485348,
        0.40703473427553827,
        0.3802136888885508,
        0.04724789688145427
      ],
      [
        0.04109244066799551,
        0.04900860730092558,
        0.011451121100207516,
        0.1227831783460104,
        0.775664652584861
      ],
      [
        0.17586352398291807,
        0.032998331878108744,
        0.234006835314678,
        0.4522954910145773,
        0.10483581780971797
      ],
      [
        0.07892352921076407,
        0.3096603150232858,
        0.3882060359473415,
        0.18461993264007645,
        0.038590187178532416
      ],
      [
        0.31092414352585995,
        0.04633517087044854,
        0.15495559919820198,
        0.0543369868397295,
        0.4334480995657601
      ]
    ],
    "predictions": [
      0,
      3,
      1,
      2,
      2,
      1,
      3,
      1,
      0,
      0,
      3,
      3,
      1,
      2,
      2,
      0,
      3,
      3,
      4,
      3,
      4,
      1,
      0,
      3,
      0,
      4,
      4,
      0,
      4,
      1,
      1,
      1,
      1,
      2,
      3,
      1,
      2,
      2,
      4,
      4,
      1,
      3,
      3,
      0,
      3,
      2,
      4,
      3,
      2,
      4
    ],
    "true_labels": [
      1,
      0,
      3,
      2,
      2,
      1,
      0,
      2,
      4,
      0,
      2,
      3,
      1,
      2,
      3,
      2,
      1,
      3,
      4,
      3,
      4,
      1,
      0,
      4,
      0,
      4,
      4,
      0,
      4,
      0,
      1,
      1,
      1,
      2,
      3,
      1,
      3,
      2,
      0,
      4,
      4,
      2,
      3,
      0,
      3,
      2,
      4,
      3,
      1,
      0
    ],
    "patient_ids": [
      "patient101",
      "patient102",
      "patient103",
      "patient104",
      "patient105",
      "patient106",
      "patient107",
      "patient108",
      "patient109",
      "patient110",
      "patient111",
      "patient112",
      "patient113",
      "patient114",
      "patient115",
      "patient116",
      "patient117",
      "patient118",
      "patient119",
      "patient120",
      "patient121",
      "patient122",
      "patient123",
      "patient124",
      "patient125",
      "patient126",
      "patient127",
      "patient128",
      "patient129",
      "patient130",
      "patient131",
      "patient132",
      "patient133",
      "patient134",
      "patient135",
      "patient136",
      "patient137",
      "patient138",
      "patient139",
      "patient140",
      "patient141",
      "patient142",
      "patient143",
      "patient144",
      "patient145",
      "patient146",
      "patient147",
      "patient148",
      "patient149",
      "patient150"
    ]
  },
  "roc_auc": {
    "macro_auc": 0.8935000000000001,
    "per_class_auc": {
      "NOR": 0.8700000000000001,
      "DCM": 0.91,
      "HCM": 0.945,
      "MINF": 0.8375,
      "RV": 0.905
    }
  },
  "binary": {
    "accuracy": 0.8,
    "f1": 0.8863636363636364,
    "sensitivity": 0.975,
    "specificity": 0.1,
    "roc_auc": 0.87,
    "binary_labels": [
      1,
      0,
      1,
      1,
      1,
      1,
      0,
      1,
      1,
      0,
      1,
      1,
      1,
      1,
      1,
      1,
      1,
      1,
      1,
      1,
      1,
      1,
      0,
      1,
      0,
      1,
      1,
      0,
      1,
      0,
      1,
      1,
      1,
      1,
      1,
      1,
      1,
      1,
      0,
      1,
      1,
      1,
      1,
      0,
      1,
      1,
      1,
      1,
      1,
      0
    ],
    "binary_probs": [
      0.609338244955404,
      0.6802391901226308,
      0.7971782733089774,
      0.833262538772969,
      0.826921890330847,
      0.9662533023358387,
      0.8648338698455513,
      0.922844147279822,
      0.20784178777746432,
      0.5872903072369156,
      0.8974940053786431,
      0.9013658592335062,
      0.896223572631846,
      0.9660179773740384,
      0.8472530458768603,
      0.662667495673628,
      0.9113854510151755,
      0.9500609093260713,
      0.9484232361800474,
      0.921772535458414,
      0.7294043025816443,
      0.9464023433652798,
      0.5151522237662789,
      0.9103353287650242,
      0.5781873752245433,
      0.8728294439903227,
      0.879544231871349,
      0.5093163871332815,
      0.938201895333333,
      0.9337829243461895,
      0.9843006068212592,
      0.9850910727648614,
      0.9850496574800346,
      0.6855511031156458,
      0.9553030342151115,
      0.9879621898625652,
      0.761927704764946,
      0.8150266769666813,
      0.6265896693745976,
      0.9099012787009204,
      0.9726332457512071,
      0.7430744947518896,
      0.9081927495321943,
      0.3452361477530337,
      0.9893969283889448,
      0.9405224588203968,
      0.9589075593320044,
      0.824136476017082,
      0.9210764707892359,
      0.68907585647414
    ]
  }
}