{
  "config": {
    "dataset": "acdc",
    "backbone": "cinema",
    "model_name": "cinema_pretrained",
    "eval_mode": "logreg",
    "pooling": "gap",
    "embed_dim": 768,
    "best_hyperparam": 0.3162277638912201,
    "hyperparam_name": "C",
    "num_classes": 5,
    "class_names": [
      "NOR",
      "DCM",
      "HCM",
      "MINF",
      "RV"
    ]
  },
  "sweep_results": [
    {
      "param_value": 9.999999974752427e-07,
      "mean_cv_acc": 0.4,
      "std_cv_acc": 0.12649110640673517
    },
    {
      "param_value": 1.7782793975129607e-06,
      "mean_cv_acc": 0.4,
      "std_cv_acc": 0.12649110640673517
    },
    {
      "param_value": 3.1622776077711023e-06,
      "mean_cv_acc": 0.4,
      "std_cv_acc": 0.12649110640673517
    },
    {
      "param_value": 5.6234130170196295e-06,
      "mean_cv_acc": 0.39,
      "std_cv_acc": 0.11357816691600547
    },
    {
      "param_value": 9.999999747378752e-06,
      "mean_cv_acc": 0.39,
      "std_cv_acc": 0.11357816691600547
    },
    {
      "param_value": 1.778279329300858e-05,
      "mean_cv_acc": 0.39,
      "std_cv_acc": 0.11357816691600547
    },
    {
      "param_value": 3.162277789670043e-05,
      "mean_cv_acc": 0.39999999999999997,
      "std_cv_acc": 0.14832396974191325
    },
    {
      "param_value": 5.62341338081751e-05,
      "mean_cv_acc": 0.41999999999999993,
      "std_cv_acc": 0.14696938456699066
    },
    {
      "param_value": 9.999999747378752e-05,
      "mean_cv_acc": 0.43,
      "std_cv_acc": 0.1268857754044952
    },
    {
      "param_value": 0.00017782794020604342,
      "mean_cv_acc": 0.41999999999999993,
      "std_cv_acc": 0.132664991614216
    },
    {
      "param_value": 0.0003162277571391314,
      "mean_cv_acc": 0.43999999999999995,
      "std_cv_acc": 0.14966629547095764
    },
    {
      "param_value": 0.000562341301701963,
      "mean_cv_acc": 0.49000000000000005,
      "std_cv_acc": 0.20223748416156684
    },
    {
      "param_value": 0.0010000000474974513,
      "mean_cv_acc": 0.5399999999999999,
      "std_cv_acc": 0.21071307505705478
    },
    {
      "param_value": 0.0017782794311642647,
      "mean_cv_acc": 0.55,
      "std_cv_acc": 0.24596747752497686
    },
    {
      "param_value": 0.003162277629598975,
      "mean_cv_acc": 0.5599999999999999,
      "std_cv_acc": 0.24576411454889013
    },
    {
      "param_value": 0.005623413249850273,
      "mean_cv_acc": 0.56,
      "std_cv_acc": 0.23323807579381203
    },
    {
      "param_value": 0.009999999776482582,
      "mean_cv_acc": 0.59,
      "std_cv_acc": 0.20223748416156687
    },
    {
      "param_value": 0.017782794311642647,
      "mean_cv_acc": 0.58,
      "std_cv_acc": 0.198997487421324
    },
    {
      "param_value": 0.03162277489900589,
      "mean_cv_acc": 0.5700000000000001,
      "std_cv_acc": 0.2147091055358389
    },
    {
      "param_value": 0.05623413249850273,
      "mean_cv_acc": 0.58,
      "std_cv_acc": 0.2227105745132009
    },
    {
      "param_value": 0.10000000149011612,
      "mean_cv_acc": 0.58,
      "std_cv_acc": 0.2227105745132009
    },
    {
      "param_value": 0.17782793939113617,
      "mean_cv_acc": 0.58,
      "std_cv_acc": 0.2227105745132009
    },
    {
      "param_value": 0.3162277638912201,
      "mean_cv_acc": 0.6,
      "std_cv_acc": 0.20976176963403032
    },
    {
      "param_value": 0.5623413324356079,
      "mean_cv_acc": 0.6,
      "std_cv_acc": 0.20976176963403032
    },
    {
      "param_value": 1.0,
      "mean_cv_acc": 0.6,
      "std_cv_acc": 0.20976176963403032
    },
    {
      "param_value": 1.778279423713684,
      "mean_cv_acc": 0.59,
      "std_cv_acc": 0.21189620100417092
    },
    {
      "param_value": 3.1622776985168457,
      "mean_cv_acc": 0.59,
      "std_cv_acc": 0.21189620100417092
    },
    {
      "param_value": 5.6234130859375,
      "mean_cv_acc": 0.6,
      "std_cv_acc": 0.20976176963403032
    },
    {
      "param_value": 10.0,
      "mean_cv_acc": 0.6,
      "std_cv_acc": 0.20976176963403032
    },
    {
      "param_value": 17.782794952392578,
      "mean_cv_acc": 0.6,
      "std_cv_acc": 0.20976176963403032
    },
    {
      "param_value": 31.62277603149414,
      "mean_cv_acc": 0.6,
      "std_cv_acc": 0.20976176963403032
    },
    {
      "param_value": 56.234130859375,
      "mean_cv_acc": 0.6,
      "std_cv_acc": 0.20976176963403032
    },
    {
      "param_value": 100.0,
      "mean_cv_acc": 0.6,
      "std_cv_acc": 0.20976176963403032
    },
    {
      "param_value": 177.82794189453125,
      "mean_cv_acc": 0.6,
      "std_cv_acc": 0.20976176963403032
    },
    {
      "param_value": 316.2277526855469,
      "mean_cv_acc": 0.59,
      "std_cv_acc": 0.21189620100417092
    },
    {
      "param_value": 562.34130859375,
      "mean_cv_acc": 0.59,
      "std_cv_acc": 0.21189620100417092
    },
    {
      "param_value": 1000.0,
      "mean_cv_acc": 0.58,
      "std_cv_acc": 0.21354156504062627
    },
    {
      "param_value": 1778.2794189453125,
      "mean_cv_acc": 0.58,
      "std_cv_acc": 0.21354156504062627
    },
    {
      "param_value": 3162.277587890625,
      "mean_cv_acc": 0.58,
      "std_cv_acc": 0.21354156504062627
    },
    {
      "param_value": 5623.4130859375,
      "mean_cv_acc": 0.58,
      "std_cv_acc": 0.21354156504062627
    },
    {
      "param_value": 10000.0,
      "mean_cv_acc": 0.58,
      "std_cv_acc": 0.21354156504062627
    },
    {
      "param_value": 17782.794921875,
      "mean_cv_acc": 0.58,
      "std_cv_acc": 0.21354156504062627
    },
    {
      "param_value": 31622.77734375,
      "mean_cv_acc": 0.58,
      "std_cv_acc": 0.21354156504062627
    },
    {
      "param_value": 56234.1328125,
      "mean_cv_acc": 0.58,
      "std_cv_acc": 0.21354156504062627
    },
    {
      "param_value": 100000.0,
      "mean_cv_acc": 0.58,
      "std_cv_acc": 0.21354156504062627
    }
  ],
  "five_way": {
    "accuracy": 0.64,
    "macro_f1": 0.6392094317790912,
    "macro_sensitivity": 0.64,
    "macro_specificity": 0.9099999999999999,
    "per_class_sensitivity": {
      "NOR": 0.7,
      "DCM": 0.8,
      "HCM": 0.6,
      "MINF": 0.5,
      "RV": 0.6
    },
    "per_class_specificity": {
      "NOR": 0.875,
      "DCM": 0.85,
      "HCM": 0.925,
      "MINF": 0.925,
      "RV": 0.975
    },
    "confusion_matrix": [
      [
        7,
        1,
        1,
        0,
        1
      ],
      [
        1,
        8,
        1,
        0,
        0
      ],
      [
        2,
        0,
        6,
        2,
        0
      ],
      [
        0,
        4,
        1,
        5,
        0
      ],
      [
        2,
        1,
        0,
        1,
        6
      ]
    ],
    "classification_report": {
      "NOR": {
        "precision": 0.5833333333333334,
        "recall": 0.7,
        "f1-score": 0.6363636363636364,
        "support": 10.0
      },
      "DCM": {
        "precision": 0.5714285714285714,
        "recall": 0.8,
        "f1-score": 0.6666666666666666,
        "support": 10.0
      },
      "HCM": {
        "precision": 0.6666666666666666,
        "recall": 0.6,
        "f1-score": 0.631578947368421,
        "support": 10.0
      },
      "MINF": {
        "precision": 0.625,
        "recall": 0.5,
        "f1-score": 0.5555555555555556,
        "support": 10.0
      },
      "RV": {
        "precision": 0.8571428571428571,
        "recall": 0.6,
        "f1-score": 0.7058823529411765,
        "support": 10.0
      },
      "accuracy": 0.64,
      "macro avg": {
        "precision": 0.6607142857142857,
        "recall": 0.64,
        "f1-score": 0.6392094317790912,
        "support": 50.0
      },
      "weighted avg": {
        "precision": 0.6607142857142857,
        "recall": 0.64,
        "f1-score": 0.6392094317790912,
        "support": 50.0
      }
    },
    "probabilities": [
      [
        0.4459075043417867,
        0.33499736072287195,
        0.18469399640761913,
        0.013566583779774431,
        0.020834554747947702
      ],
      [
        0.7937483866097413,
        0.006662158484612047,
        0.014601987908901357,
        0.13817190153460487,
        0.046815565462140524
      ],
      [
        0.025241233050522022,
        0.4770529568852697,
        0.153607686383885,
        0.3206413490066426,
        0.02345677467368046
      ],
      [
        0.033630948131063015,
        0.01830094496141421,
        0.8625486883415098,
        0.08321813496766713,
        0.0023012835983458927
      ],
      [
        0.17471998559825933,
        0.1710807021994873,
        0.6372057959346046,
        0.014830082398708432,
        0.0021634338689403565
      ],
      [
        0.0038335740652850297,
        0.4345925957999803,
        0.02230757548045533,
        0.13016464137465186,
        0.4091016132796276
      ],
      [
        0.5813841099223569,
        0.09365407116364022,
        0.02618973470986896,
        0.1803684934971864,
        0.11840359070694761
      ],
      [
        0.00763262993443263,
        0.36556383696114947,
        0.5880285556248583,
        0.03750011105855758,
        0.001274866421001911
      ],
      [
        0.969061656026825,
        2.5354418401879927e-05,
        0.0003273217189413051,
        0.026209754790187535,
        0.004375913045644041
      ],
      [
        0.9395124604394487,
        0.0012588820856799907,
        0.013343745118830188,
        0.02778403757127618,
        0.018100874784765016
      ],
      [
        0.06082103575051979,
        0.0007432158968476239,
        0.05236430071710059,
        0.885931630582983,
        0.0001398170525491879
      ],
      [
        0.00036250479866496097,
        0.15102292869334977,
        0.08919234847822051,
        0.758513028320702,
        0.0009091897090629034
      ],
      [
        0.002904712597308765,
        0.8910883562505085,
        0.0018103778492637532,
        0.10410966822569577,
        8.688507722329741e-05
      ],
      [
        0.0001317255653835824,
        0.06510848707258779,
        0.7519714258451039,
        0.18236592191982587,
        0.00042243959709877785
      ],
      [
        0.010060280064009237,
        0.6314175346490783,
        0.1805937126064118,
        0.08394241053926518,
        0.09398606214123546
      ],
      [
        0.05990935242641837,
        0.10256896601042571,
        0.7169575922339484,
        0.10314904796957401,
        0.017415041359633624
      ],
      [
        0.00040909693603333614,
        0.6172667429258251,
        0.01843120747657244,
        0.3633572258692432,
        0.0005357267923260872
      ],
      [
        0.006277182326680278,
        0.008582262501675902,
        0.002513165787069055,
        0.9802040439597203,
        0.0024233454248544064
      ],
      [
        0.0014994592523297954,
        0.0004834440045487904,
        0.00020537195081848862,
        0.0012640217116790147,
        0.996547703080624
      ],
      [
        0.004220291483606896,
        0.000741564534387991,
        0.0041118125202201945,
        0.9909159468843269,
        1.0384577457903144e-05
      ],
      [
        0.7774254057108826,
        0.003967721015762055,
        0.00045755778431895476,
        0.017927782837376813,
        0.20022153265165948
      ],
      [
        0.00014224772453315357,
        0.6379095082628116,
        0.009362892995293987,
        0.32773910589955424,
        0.024846245117807038
      ],
      [
        0.8010189179862937,
        0.0012242712923423702,
        0.011601251803926033,
        0.18202425670186317,
        0.004131302215574652
      ],
      [
        0.15008109767940073,
        0.20711461828748012,
        0.006906830581029752,
        0.5190670450461076,
        0.11683040840598184
      ],
      [
        0.883060981817771,
        0.00016116133781903048,
        0.0009608109634343567,
        0.04630764165908494,
        0.06950940422189081
      ],
      [
        0.005478494419497464,
        1.7082536161108336e-05,
        0.0009891546969236294,
        0.003675135420844948,
        0.9898401329265729
      ],
      [
        0.00472120252726992,
        0.006429925424578258,
        0.01659666988674422,
        0.03287041067802134,
        0.9393817914833863
      ],
      [
        0.37336245829182474,
        0.006591089881681992,
        0.5525880654853068,
        0.04175201902821014,
        0.025706367312976364
      ],
      [
        0.0036461709696259687,
        0.00017394525795430183,
        3.424358041045773e-05,
        0.00012649773904013355,
        0.9960191424529692
      ],
      [
        0.07987932332693624,
        0.7934020096108355,
        0.005555681123019593,
        0.1180865764793927,
        0.003076409459816153
      ],
      [
        1.4581732780307589e-05,
        0.992433926923813,
        0.0026285542669117275,
        0.0026440253483138152,
        0.0022789117281810703
      ],
      [
        2.127112672992264e-05,
        0.9966982977029506,
        0.0012139231563001885,
        0.0020586741509403222,
        7.833863078977469e-06
      ],
      [
        2.3282319029781473e-05,
        0.7777375753214162,
        0.0008001548004832949,
        0.22131058299568915,
        0.0001284045633815816
      ],
      [
        0.5691168260863809,
        0.06984878894841579,
        0.34956347700285084,
        0.010330284846346065,
        0.0011406231160064008
      ],
      [
        0.0036873523041102063,
        0.8373646125541966,
        0.0019525631888714058,
        0.1545195960544608,
        0.0024758758983610346
      ],
      [
        0.00011651735438156597,
        0.9502302157406803,
        0.0054390262894504215,
        0.04416414413838229,
        5.009647710552734e-05
      ],
      [
        0.04504542596617028,
        0.6550160968924896,
        0.15616572666250597,
        0.1016339834699261,
        0.0421387670089081
      ],
      [
        0.020608335271553105,
        0.06123900562185671,
        0.7315151385436209,
        0.18648054190541888,
        0.00015697865755049027
      ],
      [
        0.30670433471744996,
        3.375660237700976e-05,
        0.0004991655200613254,
        0.0031843961781441474,
        0.6895783469819675
      ],
      [
        0.0017857269192259654,
        0.14994372226745786,
        0.028637539951428037,
        0.003579325006619648,
        0.8160536858552684
      ],
      [
        1.7432425044935346e-05,
        0.9274494334207585,
        0.03714899651998079,
        0.009885620654958174,
        0.025498516979257663
      ],
      [
        0.5261472293812374,
        0.0015087799244106084,
        0.1252976988188876,
        0.2435089732474501,
        0.10353731862801424
      ],
      [
        0.008509587162780748,
        0.18127787914199175,
        0.14358344797726597,
        0.6647262671418819,
        0.0019028185760796594
      ],
      [
        0.5913608183157425,
        0.20551023893075698,
        0.16018119816448062,
        0.03609298123176757,
        0.0068547633572523985
      ],
      [
        8.834492462773966e-05,
        0.11806367358427748,
        0.031102613657537487,
        0.8503054530032343,
        0.0004399148303229109
      ],
      [
        0.004647151412133445,
        0.08366940337395526,
        0.17840329255183965,
        0.7306786235946695,
        0.0026015290674021685
      ],
      [
        0.0018536330186926593,
        0.0015600005270799014,
        0.0009846702712298784,
        0.03594353944973782,
        0.9596581567332598
      ],
      [
        0.06591277362854636,
        0.005239437953817075,
        0.7575415316109098,
        0.17084187779003127,
        0.000464379016695483
      ],
      [
        0.005092148269895086,
        0.3617221160651106,
        0.45490174966131036,
        0.1761941712066549,
        0.0020898147970291633
      ],
      [
        0.848234137720822,
        4.668896501341798e-05,
        0.03886691729947684,
        0.0009610215758539427,
        0.11189123443883374
      ]
    ],
    "predictions": [
      0,
      0,
      1,
      2,
      2,
      1,
      0,
      2,
      0,
      0,
      3,
      3,
      1,
      2,
      1,
      2,
      1,
      3,
      4,
      3,
      0,
      1,
      0,
      3,
      0,
      4,
      4,
      2,
      4,
      1,
      1,
      1,
      1,
      0,
      1,
      1,
      1,
      2,
      4,
      4,
      1,
      0,
      3,
      0,
      3,
      3,
      4,
      2,
      2,
      0
    ],
    "true_labels": [
      1,
      0,
      3,
      2,
      2,
      1,
      0,
      2,
      4,
      0,
      2,
      3,
      1,
      2,
      3,
      2,
      1,
      3,
      4,
      3,
      4,
      1,
      0,
      4,
      0,
      4,
      4,
      0,
      4,
      0,
      1,
      1,
      1,
      2,
      3,
      1,
      3,
      2,
      0,
      4,
      4,
      2,
      3,
      0,
      3,
      2,
      4,
      3,
      1,
      0
    ],
    "patient_ids": [
      "patient101",
      "patient102",
      "patient103",
      "patient104",
      "patient105",
      "patient106",
      "patient107",
      "patient108",
      "patient109",
      "patient110",
      "patient111",
      "patient112",
      "patient113",
      "patient114",
      "patient115",
      "patient116",
      "patient117",
      "patient118",
      "patient119",
      "patient120",
      "patient121",
      "patient122",
      "patient123",
      "patient124",
      "patient125",
      "patient126",
      "patient127",
      "patient128",
      "patient129",
      "patient130",
      "patient131",
      "patient132",
      "patient133",
      "patient134",
      "patient135",
      "patient136",
      "patient137",
      "patient138",
      "patient139",
      "patient140",
      "patient141",
      "patient142",
      "patient143",
      "patient144",
      "patient145",
      "patient146",
      "patient147",
      "patient148",
      "patient149",
      "patient150"
    ]
  },
  "roc_auc": {
    "macro_auc": 0.9055,
    "per_class_auc": {
      "NOR": 0.9349999999999999,
      "DCM": 0.9175,
      "HCM": 0.92,
      "MINF": 0.8325,
      "RV": 0.9225
    }
  },
  "binary": {
    "accuracy": 0.86,
    "f1": 0.9113924050632911,
    "sensitivity": 0.9,
    "specificity": 0.7,
    "roc_auc": 0.935,
    "binary_labels": [
      1,
      0,
      1,
      1,
      1,
      1,
      0,
      1,
      1,
      0,
      1,
      1,
      1,
      1,
      1,
      1,
      1,
      1,
      1,
      1,
      1,
      1,
      0,
      1,
      0,
      1,
      1,
      0,
      1,
      0,
      1,
      1,
      1,
      1,
      1,
      1,
      1,
      1,
      0,
      1,
      1,
      1,
      1,
      0,
      1,
      1,
      1,
      1,
      1,
      0
    ],
    "binary_probs": [
      0.5540924956582133,
      0.20625161339025866,
      0.9747587669494779,
      0.966369051868937,
      0.8252800144017407,
      0.9961664259347149,
      0.4186158900776431,
      0.9923673700655674,
      0.030938343973174964,
      0.06048753956055131,
      0.9391789642494802,
      0.999637495201335,
      0.9970952874026913,
      0.9998682744346165,
      0.9899397199359907,
      0.9400906475735816,
      0.9995909030639667,
      0.9937228176733197,
      0.9985005407476703,
      0.9957797085163931,
      0.2225745942891174,
      0.9998577522754668,
      0.19898108201370635,
      0.8499189023205993,
      0.11693901818222896,
      0.9945215055805026,
      0.9952787974727301,
      0.6266375417081753,
      0.9963538290303741,
      0.9201206766730637,
      0.9999854182672197,
      0.9999787288732701,
      0.9999767176809702,
      0.4308831739136191,
      0.9963126476958898,
      0.9998834826456184,
      0.9549545740338297,
      0.9793916647284469,
      0.69329566528255,
      0.998214273080774,
      0.9999825675749551,
      0.47385277061876263,
      0.9914904128372193,
      0.4086391816842575,
      0.9999116550753723,
      0.9953528485878665,
      0.9981463669813073,
      0.9340872263714537,
      0.9949078517301049,
      0.151765862279178
    ]
  }
}