{
  "config": {
    "dataset": "acdc",
    "backbone": "cinema",
    "model_name": "cinema_pretrained",
    "eval_mode": "logreg",
    "pooling": "cls",
    "embed_dim": 768,
    "best_hyperparam": 0.005623413249850273,
    "hyperparam_name": "C",
    "num_classes": 5,
    "class_names": [
      "NOR",
      "DCM",
      "HCM",
      "MINF",
      "RV"
    ]
  },
  "sweep_results": [
    {
      "param_value": 9.999999974752427e-07,
      "mean_cv_acc": 0.42000000000000004,
      "std_cv_acc": 0.15362291495737218
    },
    {
      "param_value": 1.7782793975129607e-06,
      "mean_cv_acc": 0.42000000000000004,
      "std_cv_acc": 0.15362291495737218
    },
    {
      "param_value": 3.1622776077711023e-06,
      "mean_cv_acc": 0.42000000000000004,
      "std_cv_acc": 0.15362291495737218
    },
    {
      "param_value": 5.6234130170196295e-06,
      "mean_cv_acc": 0.41,
      "std_cv_acc": 0.157797338380595
    },
    {
      "param_value": 9.999999747378752e-06,
      "mean_cv_acc": 0.41999999999999993,
      "std_cv_acc": 0.13999999999999999
    },
    {
      "param_value": 1.778279329300858e-05,
      "mean_cv_acc": 0.41,
      "std_cv_acc": 0.1445683229480096
    },
    {
      "param_value": 3.162277789670043e-05,
      "mean_cv_acc": 0.39,
      "std_cv_acc": 0.157797338380595
    },
    {
      "param_value": 5.62341338081751e-05,
      "mean_cv_acc": 0.38,
      "std_cv_acc": 0.16
    },
    {
      "param_value": 9.999999747378752e-05,
      "mean_cv_acc": 0.39,
      "std_cv_acc": 0.1445683229480096
    },
    {
      "param_value": 0.00017782794020604342,
      "mean_cv_acc": 0.41,
      "std_cv_acc": 0.15132745950421556
    },
    {
      "param_value": 0.0003162277571391314,
      "mean_cv_acc": 0.42000000000000004,
      "std_cv_acc": 0.16613247725836147
    },
    {
      "param_value": 0.000562341301701963,
      "mean_cv_acc": 0.45,
      "std_cv_acc": 0.14317821063276354
    },
    {
      "param_value": 0.0010000000474974513,
      "mean_cv_acc": 0.4800000000000001,
      "std_cv_acc": 0.16613247725836147
    },
    {
      "param_value": 0.0017782794311642647,
      "mean_cv_acc": 0.51,
      "std_cv_acc": 0.1445683229480096
    },
    {
      "param_value": 0.003162277629598975,
      "mean_cv_acc": 0.56,
      "std_cv_acc": 0.16852299546352717
    },
    {
      "param_value": 0.005623413249850273,
      "mean_cv_acc": 0.58,
      "std_cv_acc": 0.208806130178211
    },
    {
      "param_value": 0.009999999776482582,
      "mean_cv_acc": 0.54,
      "std_cv_acc": 0.1854723699099141
    },
    {
      "param_value": 0.017782794311642647,
      "mean_cv_acc": 0.53,
      "std_cv_acc": 0.1676305461424021
    },
    {
      "param_value": 0.03162277489900589,
      "mean_cv_acc": 0.53,
      "std_cv_acc": 0.16155494421403513
    },
    {
      "param_value": 0.05623413249850273,
      "mean_cv_acc": 0.54,
      "std_cv_acc": 0.142828568570857
    },
    {
      "param_value": 0.10000000149011612,
      "mean_cv_acc": 0.55,
      "std_cv_acc": 0.14317821063276354
    },
    {
      "param_value": 0.17782793939113617,
      "mean_cv_acc": 0.55,
      "std_cv_acc": 0.14317821063276354
    },
    {
      "param_value": 0.3162277638912201,
      "mean_cv_acc": 0.5599999999999999,
      "std_cv_acc": 0.142828568570857
    },
    {
      "param_value": 0.5623413324356079,
      "mean_cv_acc": 0.5599999999999999,
      "std_cv_acc": 0.142828568570857
    },
    {
      "param_value": 1.0,
      "mean_cv_acc": 0.5599999999999999,
      "std_cv_acc": 0.142828568570857
    },
    {
      "param_value": 1.778279423713684,
      "mean_cv_acc": 0.5599999999999999,
      "std_cv_acc": 0.142828568570857
    },
    {
      "param_value": 3.1622776985168457,
      "mean_cv_acc": 0.5599999999999999,
      "std_cv_acc": 0.142828568570857
    },
    {
      "param_value": 5.6234130859375,
      "mean_cv_acc": 0.55,
      "std_cv_acc": 0.14317821063276354
    },
    {
      "param_value": 10.0,
      "mean_cv_acc": 0.54,
      "std_cv_acc": 0.1624807680927192
    },
    {
      "param_value": 17.782794952392578,
      "mean_cv_acc": 0.54,
      "std_cv_acc": 0.1624807680927192
    },
    {
      "param_value": 31.62277603149414,
      "mean_cv_acc": 0.54,
      "std_cv_acc": 0.1624807680927192
    },
    {
      "param_value": 56.234130859375,
      "mean_cv_acc": 0.54,
      "std_cv_acc": 0.1624807680927192
    },
    {
      "param_value": 100.0,
      "mean_cv_acc": 0.54,
      "std_cv_acc": 0.1624807680927192
    },
    {
      "param_value": 177.82794189453125,
      "mean_cv_acc": 0.54,
      "std_cv_acc": 0.1624807680927192
    },
    {
      "param_value": 316.2277526855469,
      "mean_cv_acc": 0.54,
      "std_cv_acc": 0.1624807680927192
    },
    {
      "param_value": 562.34130859375,
      "mean_cv_acc": 0.53,
      "std_cv_acc": 0.15524174696260024
    },
    {
      "param_value": 1000.0,
      "mean_cv_acc": 0.53,
      "std_cv_acc": 0.15524174696260024
    },
    {
      "param_value": 1778.2794189453125,
      "mean_cv_acc": 0.53,
      "std_cv_acc": 0.15524174696260024
    },
    {
      "param_value": 3162.277587890625,
      "mean_cv_acc": 0.53,
      "std_cv_acc": 0.15524174696260024
    },
    {
      "param_value": 5623.4130859375,
      "mean_cv_acc": 0.53,
      "std_cv_acc": 0.15524174696260024
    },
    {
      "param_value": 10000.0,
      "mean_cv_acc": 0.53,
      "std_cv_acc": 0.15524174696260024
    },
    {
      "param_value": 17782.794921875,
      "mean_cv_acc": 0.53,
      "std_cv_acc": 0.15524174696260024
    },
    {
      "param_value": 31622.77734375,
      "mean_cv_acc": 0.53,
      "std_cv_acc": 0.15524174696260024
    },
    {
      "param_value": 56234.1328125,
      "mean_cv_acc": 0.53,
      "std_cv_acc": 0.15524174696260024
    },
    {
      "param_value": 100000.0,
      "mean_cv_acc": 0.53,
      "std_cv_acc": 0.15524174696260024
    }
  ],
  "five_way": {
    "accuracy": 0.64,
    "macro_f1": 0.6398677854055429,
    "macro_sensitivity": 0.6399999999999999,
    "macro_specificity": 0.9099999999999999,
    "per_class_sensitivity": {
      "NOR": 0.5,
      "DCM": 0.7,
      "HCM": 0.6,
      "MINF": 0.7,
      "RV": 0.7
    },
    "per_class_specificity": {
      "NOR": 0.925,
      "DCM": 0.9,
      "HCM": 0.925,
      "MINF": 0.85,
      "RV": 0.95
    },
    "confusion_matrix": [
      [
        5,
        1,
        0,
        2,
        2
      ],
      [
        1,
        7,
        1,
        1,
        0
      ],
      [
        1,
        1,
        6,
        2,
        0
      ],
      [
        0,
        1,
        2,
        7,
        0
      ],
      [
        1,
        1,
        0,
        1,
        7
      ]
    ],
    "classification_report": {
      "NOR": {
        "precision": 0.625,
        "recall": 0.5,
        "f1-score": 0.5555555555555556,
        "support": 10.0
      },
      "DCM": {
        "precision": 0.6363636363636364,
        "recall": 0.7,
        "f1-score": 0.6666666666666666,
        "support": 10.0
      },
      "HCM": {
        "precision": 0.6666666666666666,
        "recall": 0.6,
        "f1-score": 0.631578947368421,
        "support": 10.0
      },
      "MINF": {
        "precision": 0.5384615384615384,
        "recall": 0.7,
        "f1-score": 0.6086956521739131,
        "support": 10.0
      },
      "RV": {
        "precision": 0.7777777777777778,
        "recall": 0.7,
        "f1-score": 0.7368421052631579,
        "support": 10.0
      },
      "accuracy": 0.64,
      "macro avg": {
        "precision": 0.6488539238539237,
        "recall": 0.64,
        "f1-score": 0.6398677854055429,
        "support": 50.0
      },
      "weighted avg": {
        "precision": 0.6488539238539238,
        "recall": 0.64,
        "f1-score": 0.6398677854055429,
        "support": 50.0
      }
    },
    "probabilities": [
      [
        0.39066126910430465,
        0.2277288883609141,
        0.2474324266939692,
        0.08351784914352695,
        0.050659566697285094
      ],
      [
        0.319759046817557,
        0.16235015748850548,
        0.10395820864707958,
        0.32232488261118364,
        0.09160770443567433
      ],
      [
        0.20282273314238236,
        0.32883967799502056,
        0.1322988177382681,
        0.24924499366164876,
        0.08679377746268022
      ],
      [
        0.16673855423991701,
        0.11504240793859662,
        0.47812066830979777,
        0.21534891636303025,
        0.02474945314865828
      ],
      [
        0.17307650486667941,
        0.29534712517916917,
        0.42222111684254254,
        0.08428930908626366,
        0.025065944025345246
      ],
      [
        0.03374565908442455,
        0.4995423822402796,
        0.0926741373321239,
        0.1657044888876673,
        0.20833333245550462
      ],
      [
        0.13516679133431583,
        0.09644936204833932,
        0.021687414362730216,
        0.5216821031263214,
        0.22501432912829333
      ],
      [
        0.07715481985494839,
        0.44916544079951937,
        0.30984455744142925,
        0.1533321382135712,
        0.010503043690531873
      ],
      [
        0.7921495364967014,
        0.01505095336675193,
        0.01364746535846872,
        0.12224433423600221,
        0.05690771054207573
      ],
      [
        0.4127072392837866,
        0.13260498003518764,
        0.20798250912618538,
        0.11128943077659167,
        0.13541584077824875
      ],
      [
        0.10250566362150043,
        0.028720194522773218,
        0.3914162911529456,
        0.4683298808228771,
        0.009027969879903654
      ],
      [
        0.0986313640030035,
        0.1844597530843371,
        0.1320408555439965,
        0.5458771399482005,
        0.03899088742046233
      ],
      [
        0.10377373072462064,
        0.5822660954723665,
        0.06569731038095956,
        0.23029672397399065,
        0.017966139448062697
      ],
      [
        0.03398208740350954,
        0.3376767187801425,
        0.45707319181924577,
        0.15931117253763716,
        0.011956829459465232
      ],
      [
        0.1527495957575514,
        0.21176460322925025,
        0.3980025408943423,
        0.10047696517096416,
        0.13700629494789196
      ],
      [
        0.33733277192623307,
        0.17597074083076922,
        0.14168128030479546,
        0.1299265632647815,
        0.21508864367342073
      ],
      [
        0.08861497890189574,
        0.28663553708774914,
        0.11782600988984485,
        0.41456573730714336,
        0.09235773681336698
      ],
      [
        0.04994004358286524,
        0.12826142184460418,
        0.013352285204808597,
        0.7776608580814227,
        0.030785391286299063
      ],
      [
        0.05157716123970645,
        0.027682668128736255,
        0.006948808613417576,
        0.05502226074042839,
        0.8587691012777112
      ],
      [
        0.07822839295169498,
        0.0181546414791691,
        0.08774212435837431,
        0.8052519678586972,
        0.010622873352064298
      ],
      [
        0.2705842303334252,
        0.13296319493231307,
        0.015099484415771143,
        0.2569331418622904,
        0.3244199484562002
      ],
      [
        0.05359877534234614,
        0.38825493300181846,
        0.09841668396897423,
        0.3555694759201566,
        0.10416013176670447
      ],
      [
        0.484840807530699,
        0.025619623965861697,
        0.16410249022722873,
        0.263985315969451,
        0.06145176230675945
      ],
      [
        0.08966514188347746,
        0.19800862413872775,
        0.013661599593460458,
        0.4690801864681576,
        0.22958444791617674
      ],
      [
        0.42181925304736656,
        0.07282905041589681,
        0.02200308612930377,
        0.22266556135972396,
        0.26068304904770906
      ],
      [
        0.12716805576993268,
        0.010321696412848575,
        0.06058893071787291,
        0.05053284549053712,
        0.7513884716088088
      ],
      [
        0.12045181986038106,
        0.024435349271229586,
        0.08704591094983197,
        0.03264322855740055,
        0.7354236913611568
      ],
      [
        0.4906791250872032,
        0.03392464263217923,
        0.281342096847379,
        0.10846394962417552,
        0.08559018580906308
      ],
      [
        0.061803670662018764,
        0.019579897250695193,
        0.0007703561621323538,
        0.011475059316503432,
        0.9063710166086502
      ],
      [
        0.066214195691283,
        0.7007160065167385,
        0.03448365921141306,
        0.18035924342902082,
        0.018226895151544745
      ],
      [
        0.015699253636577946,
        0.5746183470518982,
        0.007988347255834026,
        0.06360126584416466,
        0.3380927862115252
      ],
      [
        0.014908184913964803,
        0.7195421000945506,
        0.1727737993181939,
        0.08623277391110304,
        0.006543141762187542
      ],
      [
        0.014949434789643935,
        0.6511716518366515,
        0.09440628981974143,
        0.22853783668403116,
        0.010934786869932116
      ],
      [
        0.3144491872830942,
        0.14048353189272864,
        0.4477129164007592,
        0.047464443014385224,
        0.0498899214090326
      ],
      [
        0.04469761738364009,
        0.42722987546136254,
        0.023825976805103195,
        0.49300511007482,
        0.011241420275073999
      ],
      [
        0.012037080951582539,
        0.5765430982849106,
        0.037100966326136124,
        0.3558087470723805,
        0.01851010736499029
      ],
      [
        0.2380656980075256,
        0.18646201380193075,
        0.2893487060600976,
        0.14310530200498503,
        0.14301828012546097
      ],
      [
        0.18497474599735986,
        0.09853756617242786,
        0.4706070669758114,
        0.23848839870451236,
        0.007392222149888583
      ],
      [
        0.3734097384772762,
        0.006022009593657891,
        0.02654400039890064,
        0.05083635140641203,
        0.5431879001237533
      ],
      [
        0.09009898557258897,
        0.13416972861625992,
        0.036350819332841074,
        0.03105465380119924,
        0.7083258126771108
      ],
      [
        0.027366647268938393,
        0.6780562192315083,
        0.04142369815774453,
        0.1502075824000799,
        0.10294585294172885
      ],
      [
        0.2569252035863695,
        0.06072311015539767,
        0.20270848847420597,
        0.2791151509633358,
        0.2005280468206911
      ],
      [
        0.09180655141132427,
        0.14409772644350177,
        0.19125155701447064,
        0.548093910561003,
        0.02475025456970038
      ],
      [
        0.6547597475856245,
        0.06758918152721845,
        0.12700455893774548,
        0.10471802151248553,
        0.04592849043692615
      ],
      [
        0.010603031016911072,
        0.2899098476197104,
        0.16226493952311621,
        0.5291638524837987,
        0.008058329356463617
      ],
      [
        0.05947726124904068,
        0.10602782542075162,
        0.4070296372618706,
        0.3802163043824643,
        0.04724897168587278
      ],
      [
        0.041091849840194566,
        0.04900789525556368,
        0.011450717020259257,
        0.12277923044256762,
        0.7756703074414147
      ],
      [
        0.17586357701792157,
        0.032997237177692415,
        0.23400667580360981,
        0.45229581940354957,
        0.10483669059722671
      ],
      [
        0.07892265351514807,
        0.3096613178931154,
        0.3882079677494829,
        0.18462044366760158,
        0.038587617174652096
      ],
      [
        0.31092102079833717,
        0.04633563424844109,
        0.15495420563843187,
        0.05433656840515995,
        0.43345257090962996
      ]
    ],
    "predictions": [
      0,
      3,
      1,
      2,
      2,
      1,
      3,
      1,
      0,
      0,
      3,
      3,
      1,
      2,
      2,
      0,
      3,
      3,
      4,
      3,
      4,
      1,
      0,
      3,
      0,
      4,
      4,
      0,
      4,
      1,
      1,
      1,
      1,
      2,
      3,
      1,
      2,
      2,
      4,
      4,
      1,
      3,
      3,
      0,
      3,
      2,
      4,
      3,
      2,
      4
    ],
    "true_labels": [
      1,
      0,
      3,
      2,
      2,
      1,
      0,
      2,
      4,
      0,
      2,
      3,
      1,
      2,
      3,
      2,
      1,
      3,
      4,
      3,
      4,
      1,
      0,
      4,
      0,
      4,
      4,
      0,
      4,
      0,
      1,
      1,
      1,
      2,
      3,
      1,
      3,
      2,
      0,
      4,
      4,
      2,
      3,
      0,
      3,
      2,
      4,
      3,
      1,
      0
    ],
    "patient_ids": [
      "patient101",
      "patient102",
      "patient103",
      "patient104",
      "patient105",
      "patient106",
      "patient107",
      "patient108",
      "patient109",
      "patient110",
      "patient111",
      "patient112",
      "patient113",
      "patient114",
      "patient115",
      "patient116",
      "patient117",
      "patient118",
      "patient119",
      "patient120",
      "patient121",
      "patient122",
      "patient123",
      "patient124",
      "patient125",
      "patient126",
      "patient127",
      "patient128",
      "patient129",
      "patient130",
      "patient131",
      "patient132",
      "patient133",
      "patient134",
      "patient135",
      "patient136",
      "patient137",
      "patient138",
      "patient139",
      "patient140",
      "patient141",
      "patient142",
      "patient143",
      "patient144",
      "patient145",
      "patient146",
      "patient147",
      "patient148",
      "patient149",
      "patient150"
    ]
  },
  "roc_auc": {
    "macro_auc": 0.8935000000000001,
    "per_class_auc": {
      "NOR": 0.8700000000000001,
      "DCM": 0.91,
      "HCM": 0.945,
      "MINF": 0.8375,
      "RV": 0.905
    }
  },
  "binary": {
    "accuracy": 0.8,
    "f1": 0.8863636363636364,
    "sensitivity": 0.975,
    "specificity": 0.1,
    "roc_auc": 0.87,
    "binary_labels": [
      1,
      0,
      1,
      1,
      1,
      1,
      0,
      1,
      1,
      0,
      1,
      1,
      1,
      1,
      1,
      1,
      1,
      1,
      1,
      1,
      1,
      1,
      0,
      1,
      0,
      1,
      1,
      0,
      1,
      0,
      1,
      1,
      1,
      1,
      1,
      1,
      1,
      1,
      0,
      1,
      1,
      1,
      1,
      0,
      1,
      1,
      1,
      1,
      1,
      0
    ],
    "binary_probs": [
      0.6093387308956953,
      0.6802409531824429,
      0.7971772668576176,
      0.833261445760083,
      0.8269234951333206,
      0.9662543409155755,
      0.8648332086656841,
      0.9228451801450516,
      0.2078504635032986,
      0.5872927607162134,
      0.8974943363784995,
      0.9013686359969965,
      0.8962262692753794,
      0.9660179125964905,
      0.8472504042424486,
      0.6626672280737669,
      0.9113850210981043,
      0.9500599564171348,
      0.9484228387602935,
      0.9217716070483051,
      0.7294157696665748,
      0.9464012246576539,
      0.515159192469301,
      0.9103348581165225,
      0.5781807469526334,
      0.8728319442300674,
      0.879548180139619,
      0.5093208749127969,
      0.9381963293379812,
      0.933785804308717,
      0.984300746363422,
      0.9850918150860352,
      0.985050565210356,
      0.6855508127169059,
      0.9553023826163599,
      0.9879629190484175,
      0.7619343019924744,
      0.8150252540026401,
      0.6265902615227238,
      0.909901014427411,
      0.9726333527310616,
      0.7430747964136305,
      0.9081934485886758,
      0.3452402524143755,
      0.9893969689830889,
      0.9405227387509594,
      0.9589081501598055,
      0.8241364229820785,
      0.921077346484852,
      0.6890789792016628
    ]
  }
}