{
  "config": {
    "dataset": "acdc",
    "backbone": "dinov3",
    "model_name": "dinov3_vitb16",
    "eval_mode": "logreg",
    "pooling": "gap",
    "embed_dim": 768,
    "best_hyperparam": 1.0,
    "hyperparam_name": "C",
    "num_classes": 5,
    "class_names": [
      "NOR",
      "DCM",
      "HCM",
      "MINF",
      "RV"
    ]
  },
  "sweep_results": [
    {
      "param_value": 9.999999974752427e-07,
      "mean_cv_acc": 0.38,
      "std_cv_acc": 0.08717797887081347
    },
    {
      "param_value": 1.7782793975129607e-06,
      "mean_cv_acc": 0.38,
      "std_cv_acc": 0.08717797887081347
    },
    {
      "param_value": 3.1622776077711023e-06,
      "mean_cv_acc": 0.38,
      "std_cv_acc": 0.08717797887081347
    },
    {
      "param_value": 5.6234130170196295e-06,
      "mean_cv_acc": 0.39,
      "std_cv_acc": 0.08306623862918074
    },
    {
      "param_value": 9.999999747378752e-06,
      "mean_cv_acc": 0.39,
      "std_cv_acc": 0.08306623862918074
    },
    {
      "param_value": 1.778279329300858e-05,
      "mean_cv_acc": 0.39,
      "std_cv_acc": 0.08306623862918074
    },
    {
      "param_value": 3.162277789670043e-05,
      "mean_cv_acc": 0.4,
      "std_cv_acc": 0.09999999999999999
    },
    {
      "param_value": 5.62341338081751e-05,
      "mean_cv_acc": 0.4,
      "std_cv_acc": 0.09999999999999999
    },
    {
      "param_value": 9.999999747378752e-05,
      "mean_cv_acc": 0.41000000000000003,
      "std_cv_acc": 0.09433981132056603
    },
    {
      "param_value": 0.00017782794020604342,
      "mean_cv_acc": 0.41000000000000003,
      "std_cv_acc": 0.09433981132056603
    },
    {
      "param_value": 0.0003162277571391314,
      "mean_cv_acc": 0.44000000000000006,
      "std_cv_acc": 0.07999999999999999
    },
    {
      "param_value": 0.000562341301701963,
      "mean_cv_acc": 0.45999999999999996,
      "std_cv_acc": 0.09165151389911678
    },
    {
      "param_value": 0.0010000000474974513,
      "mean_cv_acc": 0.51,
      "std_cv_acc": 0.08306623862918074
    },
    {
      "param_value": 0.0017782794311642647,
      "mean_cv_acc": 0.5,
      "std_cv_acc": 0.08944271909999157
    },
    {
      "param_value": 0.003162277629598975,
      "mean_cv_acc": 0.51,
      "std_cv_acc": 0.10440306508910549
    },
    {
      "param_value": 0.005623413249850273,
      "mean_cv_acc": 0.51,
      "std_cv_acc": 0.10440306508910549
    },
    {
      "param_value": 0.009999999776482582,
      "mean_cv_acc": 0.5199999999999999,
      "std_cv_acc": 0.11661903789690599
    },
    {
      "param_value": 0.017782794311642647,
      "mean_cv_acc": 0.5199999999999999,
      "std_cv_acc": 0.11661903789690599
    },
    {
      "param_value": 0.03162277489900589,
      "mean_cv_acc": 0.5199999999999999,
      "std_cv_acc": 0.11661903789690599
    },
    {
      "param_value": 0.05623413249850273,
      "mean_cv_acc": 0.53,
      "std_cv_acc": 0.1345362404707371
    },
    {
      "param_value": 0.10000000149011612,
      "mean_cv_acc": 0.55,
      "std_cv_acc": 0.13601470508735442
    },
    {
      "param_value": 0.17782793939113617,
      "mean_cv_acc": 0.5400000000000001,
      "std_cv_acc": 0.12806248474865695
    },
    {
      "param_value": 0.3162277638912201,
      "mean_cv_acc": 0.55,
      "std_cv_acc": 0.12041594578792295
    },
    {
      "param_value": 0.5623413324356079,
      "mean_cv_acc": 0.55,
      "std_cv_acc": 0.12041594578792295
    },
    {
      "param_value": 1.0,
      "mean_cv_acc": 0.56,
      "std_cv_acc": 0.12
    },
    {
      "param_value": 1.778279423713684,
      "mean_cv_acc": 0.56,
      "std_cv_acc": 0.12
    },
    {
      "param_value": 3.1622776985168457,
      "mean_cv_acc": 0.56,
      "std_cv_acc": 0.12
    },
    {
      "param_value": 5.6234130859375,
      "mean_cv_acc": 0.56,
      "std_cv_acc": 0.12
    },
    {
      "param_value": 10.0,
      "mean_cv_acc": 0.56,
      "std_cv_acc": 0.12
    },
    {
      "param_value": 17.782794952392578,
      "mean_cv_acc": 0.56,
      "std_cv_acc": 0.12
    },
    {
      "param_value": 31.62277603149414,
      "mean_cv_acc": 0.56,
      "std_cv_acc": 0.12
    },
    {
      "param_value": 56.234130859375,
      "mean_cv_acc": 0.56,
      "std_cv_acc": 0.12
    },
    {
      "param_value": 100.0,
      "mean_cv_acc": 0.56,
      "std_cv_acc": 0.12
    },
    {
      "param_value": 177.82794189453125,
      "mean_cv_acc": 0.56,
      "std_cv_acc": 0.12
    },
    {
      "param_value": 316.2277526855469,
      "mean_cv_acc": 0.56,
      "std_cv_acc": 0.12
    },
    {
      "param_value": 562.34130859375,
      "mean_cv_acc": 0.56,
      "std_cv_acc": 0.12
    },
    {
      "param_value": 1000.0,
      "mean_cv_acc": 0.56,
      "std_cv_acc": 0.12
    },
    {
      "param_value": 1778.2794189453125,
      "mean_cv_acc": 0.55,
      "std_cv_acc": 0.12041594578792295
    },
    {
      "param_value": 3162.277587890625,
      "mean_cv_acc": 0.55,
      "std_cv_acc": 0.12041594578792295
    },
    {
      "param_value": 5623.4130859375,
      "mean_cv_acc": 0.5599999999999999,
      "std_cv_acc": 0.13564659966250536
    },
    {
      "param_value": 10000.0,
      "mean_cv_acc": 0.5599999999999999,
      "std_cv_acc": 0.13564659966250536
    },
    {
      "param_value": 17782.794921875,
      "mean_cv_acc": 0.5599999999999999,
      "std_cv_acc": 0.13564659966250536
    },
    {
      "param_value": 31622.77734375,
      "mean_cv_acc": 0.5599999999999999,
      "std_cv_acc": 0.13564659966250536
    },
    {
      "param_value": 56234.1328125,
      "mean_cv_acc": 0.5499999999999999,
      "std_cv_acc": 0.14317821063276354
    },
    {
      "param_value": 100000.0,
      "mean_cv_acc": 0.5499999999999999,
      "std_cv_acc": 0.14317821063276354
    }
  ],
  "five_way": {
    "accuracy": 0.62,
    "macro_f1": 0.615829573934837,
    "macro_sensitivity": 0.62,
    "macro_specificity": 0.905,
    "per_class_sensitivity": {
      "NOR": 0.4,
      "DCM": 0.7,
      "HCM": 0.5,
      "MINF": 0.9,
      "RV": 0.6
    },
    "per_class_specificity": {
      "NOR": 0.875,
      "DCM": 0.925,
      "HCM": 1.0,
      "MINF": 0.85,
      "RV": 0.875
    },
    "confusion_matrix": [
      [
        4,
        0,
        0,
        2,
        4
      ],
      [
        1,
        7,
        0,
        2,
        0
      ],
      [
        1,
        1,
        5,
        2,
        1
      ],
      [
        1,
        0,
        0,
        9,
        0
      ],
      [
        2,
        2,
        0,
        0,
        6
      ]
    ],
    "classification_report": {
      "NOR": {
        "precision": 0.4444444444444444,
        "recall": 0.4,
        "f1-score": 0.42105263157894735,
        "support": 10.0
      },
      "DCM": {
        "precision": 0.7,
        "recall": 0.7,
        "f1-score": 0.7,
        "support": 10.0
      },
      "HCM": {
        "precision": 1.0,
        "recall": 0.5,
        "f1-score": 0.6666666666666666,
        "support": 10.0
      },
      "MINF": {
        "precision": 0.6,
        "recall": 0.9,
        "f1-score": 0.72,
        "support": 10.0
      },
      "RV": {
        "precision": 0.5454545454545454,
        "recall": 0.6,
        "f1-score": 0.5714285714285714,
        "support": 10.0
      },
      "accuracy": 0.62,
      "macro avg": {
        "precision": 0.657979797979798,
        "recall": 0.62,
        "f1-score": 0.615829573934837,
        "support": 50.0
      },
      "weighted avg": {
        "precision": 0.6579797979797979,
        "recall": 0.62,
        "f1-score": 0.615829573934837,
        "support": 50.0
      }
    },
    "probabilities": [
      [
        0.027684416383715885,
        0.04874005444448715,
        0.00014318689119434256,
        0.9234080623765963,
        2.4279904006198603e-05
      ],
      [
        0.22038793734507814,
        0.06492378700449845,
        0.28380896764934327,
        0.004885387813800719,
        0.4259939201872795
      ],
      [
        0.001994773247156572,
        0.009728383269570625,
        0.0008731405072932457,
        0.9873336219343732,
        7.008104160634375e-05
      ],
      [
        0.028137533413017602,
        0.00040595333321890843,
        0.9656596731006132,
        0.0003826731671506503,
        0.005414166985999527
      ],
      [
        0.05990326613219072,
        0.027139460664687445,
        0.8440063436670966,
        0.006156877958692447,
        0.06279405157733295
      ],
      [
        0.0010785472043717353,
        0.9279748355940225,
        1.082047140140515e-05,
        0.0014127744775438065,
        0.06952302225266038
      ],
      [
        0.14743334468365074,
        0.0041927905601261434,
        4.828701257256305e-05,
        0.08456392410879825,
        0.7637616536348523
      ],
      [
        0.02170689999249213,
        0.04022997585528732,
        0.015551263091118844,
        0.9128682522137838,
        0.009643608847317861
      ],
      [
        0.9936113082837159,
        0.001451334237980355,
        7.290488761032333e-05,
        0.002138713632378298,
        0.002725738958315246
      ],
      [
        0.37880664586174134,
        0.00026636225340816145,
        0.0001383231329144744,
        0.6067406842370632,
        0.014047984514872955
      ],
      [
        0.02488715860550587,
        0.0011402965828912787,
        0.927618705300285,
        0.04632791275817072,
        2.5926753147122164e-05
      ],
      [
        0.0030136935325286917,
        0.07113592272952732,
        0.002441072597161683,
        0.9071846186128425,
        0.016224692527939674
      ],
      [
        0.007892135277144587,
        0.5605935778645551,
        7.278930693183097e-05,
        0.43022287394344966,
        0.0012186236079188707
      ],
      [
        0.02920281129254306,
        0.013797590352170843,
        0.07715209094054962,
        0.2679875381621706,
        0.6118599692525659
      ],
      [
        0.5091095882525349,
        0.1433330405351557,
        0.051845088605906704,
        0.28133652720130375,
        0.01437575540509899
      ],
      [
        0.04880836923178402,
        0.012183175563054241,
        0.46335742805287056,
        0.46340183565270393,
        0.012249191499587215
      ],
      [
        0.04508627374981918,
        0.7606263703788769,
        0.0004838452166295345,
        0.1900188132326166,
        0.0037846974220576797
      ],
      [
        0.002418015432331093,
        0.00173406579386425,
        7.692028273619191e-05,
        0.9950314587054769,
        0.000739539785591651
      ],
      [
        0.00047741723535938037,
        0.0008975164635646482,
        1.9663799007459454e-05,
        1.2034217619165159e-05,
        0.9985933682844492
      ],
      [
        0.06019061908063817,
        0.0093688596570591,
        0.06856034089507973,
        0.8583720979812182,
        0.0035080823860049698
      ],
      [
        0.4849866833663471,
        0.00893235347756587,
        0.0001766578728747314,
        0.0602799781231328,
        0.44562432716007955
      ],
      [
        3.069409447105412e-05,
        0.9773334719111914,
        6.491448997564123e-05,
        0.011754974363052317,
        0.010815945141309742
      ],
      [
        0.6261270429856676,
        0.0012615380914464001,
        0.0037841910190891752,
        0.35652082343795943,
        0.01230640446583746
      ],
      [
        0.023020334082922825,
        6.720972386111723e-05,
        0.0013628075010138434,
        0.0003352456030580802,
        0.9752144030891441
      ],
      [
        0.6371745197777671,
        0.0003361904618430155,
        0.0003188837864920662,
        0.00011447722121948684,
        0.3620559287526784
      ],
      [
        0.0004934593091607685,
        0.0006967607505674089,
        0.040163280947737474,
        0.0029637271725271156,
        0.9556827718200073
      ],
      [
        0.001350942566528661,
        0.0042546756524888376,
        0.0026542236390754027,
        0.0008017377516468918,
        0.9909384203902601
      ],
      [
        0.7863014616039631,
        0.026109782221922485,
        0.006831285026700015,
        0.007465755087917292,
        0.17329171605949717
      ],
      [
        1.6483604676627316e-05,
        5.655934097328838e-05,
        6.20010655866082e-06,
        1.6493276456573308e-05,
        0.9999042636713349
      ],
      [
        0.08614082907885749,
        0.010589600537103531,
        4.678638276333714e-05,
        0.8936763576496769,
        0.009546426351598773
      ],
      [
        0.7818925012669619,
        0.16068784084774843,
        2.2002987858362772e-05,
        0.05108959307781256,
        0.006308061819618738
      ],
      [
        0.027706432273179996,
        0.944279679461574,
        0.00011038961710277948,
        0.026413033630315486,
        0.0014904650178278933
      ],
      [
        0.0028383151088979754,
        0.3543918586177239,
        4.459926249567415e-06,
        0.6418024721336156,
        0.000962894213512879
      ],
      [
        0.647837287977409,
        0.01960431428527295,
        0.1894828642362698,
        0.0024734478194430353,
        0.1406020856816053
      ],
      [
        0.0017043950234916089,
        0.1479047614089557,
        1.7752767381264316e-05,
        0.840798248986028,
        0.009574841814143613
      ],
      [
        0.014405857898097608,
        0.8190990058338837,
        0.00039447379944979705,
        0.13614962424073665,
        0.02995103822783219
      ],
      [
        0.11171585872562098,
        0.06527591049879831,
        0.0077586477094612055,
        0.7862190528435933,
        0.029030530222526173
      ],
      [
        0.0004673160392233281,
        0.002118076566339075,
        0.8719590247835959,
        0.1252485063042635,
        0.00020707630657824325
      ],
      [
        0.3306869023956833,
        0.06238738986640409,
        0.038532864301643266,
        0.0038005469407712197,
        0.5645922964954981
      ],
      [
        7.56830962003874e-05,
        0.018261857885501463,
        0.00032666161236462885,
        5.548942606189023e-05,
        0.9812803079798718
      ],
      [
        0.009086665571386692,
        0.6718712530527574,
        0.00028061507307524357,
        0.01644535579652999,
        0.30231611050625057
      ],
      [
        0.017379583589557338,
        0.010861907144508106,
        0.970606332907036,
        0.0003828997428969608,
        0.0007692766160015985
      ],
      [
        0.0027921323776480887,
        0.022890365461330685,
        0.00013908628449723175,
        0.9739185959019405,
        0.00025981997458346075
      ],
      [
        0.973582550136212,
        0.0024216916112801477,
        0.02383598883897317,
        1.9007162269276293e-05,
        0.00014076225126536412
      ],
      [
        0.01040489785284837,
        0.006670500418579533,
        0.1139831217310279,
        0.7183710370382004,
        0.15057044295934377
      ],
      [
        0.0038249181524084713,
        0.4282628881352856,
        0.01679988464778315,
        0.2392227285131171,
        0.3118895805514056
      ],
      [
        0.02710826858757836,
        0.7850276980155148,
        0.0001013746654560363,
        0.10888798755897248,
        0.07887467117247852
      ],
      [
        0.1990354676439644,
        0.02298873367170744,
        0.06422594308289355,
        0.5626052313495572,
        0.15114462425187733
      ],
      [
        0.3351617925718299,
        0.6522299222308008,
        0.011673150064294913,
        0.00021218704520538446,
        0.0007229480878689683
      ],
      [
        0.017131987588502092,
        5.036555201857137e-07,
        0.0020512154892092706,
        1.286804738697864e-05,
        0.9808034252193815
      ]
    ],
    "predictions": [
      3,
      4,
      3,
      2,
      2,
      1,
      4,
      3,
      0,
      3,
      2,
      3,
      1,
      4,
      0,
      3,
      1,
      3,
      4,
      3,
      0,
      1,
      0,
      4,
      0,
      4,
      4,
      0,
      4,
      3,
      0,
      1,
      3,
      0,
      3,
      1,
      3,
      2,
      4,
      4,
      1,
      2,
      3,
      0,
      3,
      1,
      1,
      3,
      1,
      4
    ],
    "true_labels": [
      1,
      0,
      3,
      2,
      2,
      1,
      0,
      2,
      4,
      0,
      2,
      3,
      1,
      2,
      3,
      2,
      1,
      3,
      4,
      3,
      4,
      1,
      0,
      4,
      0,
      4,
      4,
      0,
      4,
      0,
      1,
      1,
      1,
      2,
      3,
      1,
      3,
      2,
      0,
      4,
      4,
      2,
      3,
      0,
      3,
      2,
      4,
      3,
      1,
      0
    ],
    "patient_ids": [
      "patient101",
      "patient102",
      "patient103",
      "patient104",
      "patient105",
      "patient106",
      "patient107",
      "patient108",
      "patient109",
      "patient110",
      "patient111",
      "patient112",
      "patient113",
      "patient114",
      "patient115",
      "patient116",
      "patient117",
      "patient118",
      "patient119",
      "patient120",
      "patient121",
      "patient122",
      "patient123",
      "patient124",
      "patient125",
      "patient126",
      "patient127",
      "patient128",
      "patient129",
      "patient130",
      "patient131",
      "patient132",
      "patient133",
      "patient134",
      "patient135",
      "patient136",
      "patient137",
      "patient138",
      "patient139",
      "patient140",
      "patient141",
      "patient142",
      "patient143",
      "patient144",
      "patient145",
      "patient146",
      "patient147",
      "patient148",
      "patient149",
      "patient150"
    ]
  },
  "roc_auc": {
    "macro_auc": 0.9105000000000001,
    "per_class_auc": {
      "NOR": 0.8475,
      "DCM": 0.9500000000000001,
      "HCM": 0.9525000000000001,
      "MINF": 0.9325000000000001,
      "RV": 0.87
    }
  },
  "binary": {
    "accuracy": 0.8,
    "f1": 0.8780487804878049,
    "sensitivity": 0.9,
    "specificity": 0.4,
    "roc_auc": 0.8474999999999999,
    "binary_labels": [
      1,
      0,
      1,
      1,
      1,
      1,
      0,
      1,
      1,
      0,
      1,
      1,
      1,
      1,
      1,
      1,
      1,
      1,
      1,
      1,
      1,
      1,
      0,
      1,
      0,
      1,
      1,
      0,
      1,
      0,
      1,
      1,
      1,
      1,
      1,
      1,
      1,
      1,
      0,
      1,
      1,
      1,
      1,
      0,
      1,
      1,
      1,
      1,
      1,
      0
    ],
    "binary_probs": [
      0.9723155836162841,
      0.7796120626549219,
      0.9980052267528434,
      0.9718624665869824,
      0.9400967338678092,
      0.9989214527956283,
      0.8525666553163492,
      0.9782931000075079,
      0.0063886917162840895,
      0.6211933541382586,
      0.9751128413944942,
      0.9969863064674713,
      0.9921078647228554,
      0.9707971887074569,
      0.49089041174746506,
      0.951191630768216,
      0.9549137262501808,
      0.9975819845676689,
      0.9995225827646406,
      0.9398093809193618,
      0.5150133166336529,
      0.9999693059055289,
      0.37387295701433243,
      0.9769796659170772,
      0.36282548022223293,
      0.9995065406908392,
      0.9986490574334713,
      0.21369853839603692,
      0.9999835163953233,
      0.9138591709211425,
      0.21810749873303814,
      0.97229356772682,
      0.997161684891102,
      0.352162712022591,
      0.9982956049765084,
      0.9855941421019024,
      0.888284141274379,
      0.9995326839607767,
      0.6693130976043167,
      0.9999243169037996,
      0.9909133344286133,
      0.9826204164104426,
      0.9972078676223519,
      0.026417449863788023,
      0.9895951021471516,
      0.9961750818475915,
      0.9728917314124217,
      0.8009645323560356,
      0.6648382074281701,
      0.9828680124114979
    ]
  }
}