{
  "config": {
    "dataset": "acdc",
    "backbone": "dinov3",
    "model_name": "dinov3_vitb16",
    "eval_mode": "logreg",
    "pooling": "cls",
    "embed_dim": 768,
    "best_hyperparam": 0.17782793939113617,
    "hyperparam_name": "C",
    "num_classes": 5,
    "class_names": [
      "NOR",
      "DCM",
      "HCM",
      "MINF",
      "RV"
    ]
  },
  "sweep_results": [
    {
      "param_value": 9.999999974752427e-07,
      "mean_cv_acc": 0.34,
      "std_cv_acc": 0.11135528725660045
    },
    {
      "param_value": 1.7782793975129607e-06,
      "mean_cv_acc": 0.34,
      "std_cv_acc": 0.11135528725660045
    },
    {
      "param_value": 3.1622776077711023e-06,
      "mean_cv_acc": 0.34,
      "std_cv_acc": 0.11135528725660045
    },
    {
      "param_value": 5.6234130170196295e-06,
      "mean_cv_acc": 0.34,
      "std_cv_acc": 0.11135528725660045
    },
    {
      "param_value": 9.999999747378752e-06,
      "mean_cv_acc": 0.34,
      "std_cv_acc": 0.11135528725660045
    },
    {
      "param_value": 1.778279329300858e-05,
      "mean_cv_acc": 0.34,
      "std_cv_acc": 0.11135528725660045
    },
    {
      "param_value": 3.162277789670043e-05,
      "mean_cv_acc": 0.34,
      "std_cv_acc": 0.11135528725660045
    },
    {
      "param_value": 5.62341338081751e-05,
      "mean_cv_acc": 0.35000000000000003,
      "std_cv_acc": 0.11180339887498948
    },
    {
      "param_value": 9.999999747378752e-05,
      "mean_cv_acc": 0.35000000000000003,
      "std_cv_acc": 0.11180339887498948
    },
    {
      "param_value": 0.00017782794020604342,
      "mean_cv_acc": 0.35000000000000003,
      "std_cv_acc": 0.11180339887498948
    },
    {
      "param_value": 0.0003162277571391314,
      "mean_cv_acc": 0.38,
      "std_cv_acc": 0.11661903789690602
    },
    {
      "param_value": 0.000562341301701963,
      "mean_cv_acc": 0.4,
      "std_cv_acc": 0.11832159566199232
    },
    {
      "param_value": 0.0010000000474974513,
      "mean_cv_acc": 0.43000000000000005,
      "std_cv_acc": 0.1268857754044952
    },
    {
      "param_value": 0.0017782794311642647,
      "mean_cv_acc": 0.45,
      "std_cv_acc": 0.15
    },
    {
      "param_value": 0.003162277629598975,
      "mean_cv_acc": 0.43999999999999995,
      "std_cv_acc": 0.16248076809271922
    },
    {
      "param_value": 0.005623413249850273,
      "mean_cv_acc": 0.44000000000000006,
      "std_cv_acc": 0.17999999999999997
    },
    {
      "param_value": 0.009999999776482582,
      "mean_cv_acc": 0.47000000000000003,
      "std_cv_acc": 0.19519221295943134
    },
    {
      "param_value": 0.017782794311642647,
      "mean_cv_acc": 0.47000000000000003,
      "std_cv_acc": 0.19519221295943134
    },
    {
      "param_value": 0.03162277489900589,
      "mean_cv_acc": 0.47000000000000003,
      "std_cv_acc": 0.19519221295943134
    },
    {
      "param_value": 0.05623413249850273,
      "mean_cv_acc": 0.48,
      "std_cv_acc": 0.1777638883463118
    },
    {
      "param_value": 0.10000000149011612,
      "mean_cv_acc": 0.5,
      "std_cv_acc": 0.15491933384829668
    },
    {
      "param_value": 0.17782793939113617,
      "mean_cv_acc": 0.51,
      "std_cv_acc": 0.1445683229480096
    },
    {
      "param_value": 0.3162277638912201,
      "mean_cv_acc": 0.51,
      "std_cv_acc": 0.1445683229480096
    },
    {
      "param_value": 0.5623413324356079,
      "mean_cv_acc": 0.51,
      "std_cv_acc": 0.1445683229480096
    },
    {
      "param_value": 1.0,
      "mean_cv_acc": 0.51,
      "std_cv_acc": 0.1445683229480096
    },
    {
      "param_value": 1.778279423713684,
      "mean_cv_acc": 0.51,
      "std_cv_acc": 0.1445683229480096
    },
    {
      "param_value": 3.1622776985168457,
      "mean_cv_acc": 0.51,
      "std_cv_acc": 0.1445683229480096
    },
    {
      "param_value": 5.6234130859375,
      "mean_cv_acc": 0.5,
      "std_cv_acc": 0.15491933384829668
    },
    {
      "param_value": 10.0,
      "mean_cv_acc": 0.5,
      "std_cv_acc": 0.15491933384829668
    },
    {
      "param_value": 17.782794952392578,
      "mean_cv_acc": 0.5,
      "std_cv_acc": 0.15491933384829668
    },
    {
      "param_value": 31.62277603149414,
      "mean_cv_acc": 0.5,
      "std_cv_acc": 0.15491933384829668
    },
    {
      "param_value": 56.234130859375,
      "mean_cv_acc": 0.5,
      "std_cv_acc": 0.15491933384829668
    },
    {
      "param_value": 100.0,
      "mean_cv_acc": 0.5,
      "std_cv_acc": 0.15491933384829668
    },
    {
      "param_value": 177.82794189453125,
      "mean_cv_acc": 0.5,
      "std_cv_acc": 0.15491933384829668
    },
    {
      "param_value": 316.2277526855469,
      "mean_cv_acc": 0.5,
      "std_cv_acc": 0.15491933384829668
    },
    {
      "param_value": 562.34130859375,
      "mean_cv_acc": 0.5,
      "std_cv_acc": 0.15491933384829668
    },
    {
      "param_value": 1000.0,
      "mean_cv_acc": 0.5,
      "std_cv_acc": 0.15491933384829668
    },
    {
      "param_value": 1778.2794189453125,
      "mean_cv_acc": 0.5,
      "std_cv_acc": 0.15491933384829668
    },
    {
      "param_value": 3162.277587890625,
      "mean_cv_acc": 0.5,
      "std_cv_acc": 0.15491933384829668
    },
    {
      "param_value": 5623.4130859375,
      "mean_cv_acc": 0.5,
      "std_cv_acc": 0.15491933384829668
    },
    {
      "param_value": 10000.0,
      "mean_cv_acc": 0.49000000000000005,
      "std_cv_acc": 0.16999999999999998
    },
    {
      "param_value": 17782.794921875,
      "mean_cv_acc": 0.49000000000000005,
      "std_cv_acc": 0.16999999999999998
    },
    {
      "param_value": 31622.77734375,
      "mean_cv_acc": 0.5,
      "std_cv_acc": 0.16733200530681513
    },
    {
      "param_value": 56234.1328125,
      "mean_cv_acc": 0.5,
      "std_cv_acc": 0.16733200530681513
    },
    {
      "param_value": 100000.0,
      "mean_cv_acc": 0.5,
      "std_cv_acc": 0.16733200530681513
    }
  ],
  "five_way": {
    "accuracy": 0.58,
    "macro_f1": 0.5686041083099906,
    "macro_sensitivity": 0.58,
    "macro_specificity": 0.8949999999999999,
    "per_class_sensitivity": {
      "NOR": 0.3,
      "DCM": 0.5,
      "HCM": 0.5,
      "MINF": 0.9,
      "RV": 0.7
    },
    "per_class_specificity": {
      "NOR": 0.9,
      "DCM": 0.925,
      "HCM": 0.975,
      "MINF": 0.775,
      "RV": 0.9
    },
    "confusion_matrix": [
      [
        3,
        0,
        1,
        2,
        4
      ],
      [
        1,
        5,
        0,
        4,
        0
      ],
      [
        1,
        1,
        5,
        3,
        0
      ],
      [
        0,
        1,
        0,
        9,
        0
      ],
      [
        2,
        1,
        0,
        0,
        7
      ]
    ],
    "classification_report": {
      "NOR": {
        "precision": 0.42857142857142855,
        "recall": 0.3,
        "f1-score": 0.35294117647058826,
        "support": 10.0
      },
      "DCM": {
        "precision": 0.625,
        "recall": 0.5,
        "f1-score": 0.5555555555555556,
        "support": 10.0
      },
      "HCM": {
        "precision": 0.8333333333333334,
        "recall": 0.5,
        "f1-score": 0.625,
        "support": 10.0
      },
      "MINF": {
        "precision": 0.5,
        "recall": 0.9,
        "f1-score": 0.6428571428571429,
        "support": 10.0
      },
      "RV": {
        "precision": 0.6363636363636364,
        "recall": 0.7,
        "f1-score": 0.6666666666666666,
        "support": 10.0
      },
      "accuracy": 0.58,
      "macro avg": {
        "precision": 0.6046536796536797,
        "recall": 0.5800000000000001,
        "f1-score": 0.5686041083099906,
        "support": 50.0
      },
      "weighted avg": {
        "precision": 0.6046536796536797,
        "recall": 0.58,
        "f1-score": 0.5686041083099905,
        "support": 50.0
      }
    },
    "probabilities": [
      [
        0.034586482716830465,
        0.142786654696346,
        0.0010529602834906816,
        0.8195819791851935,
        0.001991923118139324
      ],
      [
        0.1720592783988405,
        0.05695406378818463,
        0.41723203863244906,
        0.004517033358572188,
        0.34923758582195363
      ],
      [
        0.011829361473552923,
        0.06559042342953494,
        0.022489538966903495,
        0.8969115311824168,
        0.0031791449475918536
      ],
      [
        0.0329874597933323,
        0.0023433110509776434,
        0.9076138788492873,
        0.002645423576750859,
        0.05440992672965177
      ],
      [
        0.09878758701361436,
        0.06381834104748925,
        0.7436875573343654,
        0.026873860394894505,
        0.06683265420963645
      ],
      [
        0.002849470353506566,
        0.9392911097867163,
        0.00012167436655374149,
        0.011065245505758268,
        0.04667249998746537
      ],
      [
        0.19906837175467768,
        0.007818040923911024,
        0.00040322861446855253,
        0.06842526021543599,
        0.7242850984915067
      ],
      [
        0.04399646573878252,
        0.08358865905325878,
        0.1028879122090831,
        0.6719110787238652,
        0.09761588427501036
      ],
      [
        0.9412913209579241,
        0.01090001311029952,
        0.0005187808008720796,
        0.04071565050921451,
        0.006574234621689826
      ],
      [
        0.4492419978739621,
        0.0012760657825872004,
        0.0029818740967682057,
        0.39781542970790207,
        0.14868463253878028
      ],
      [
        0.14970109391343867,
        0.004349187557658918,
        0.5753504186475654,
        0.27006227213837336,
        0.0005370277429636403
      ],
      [
        0.00827244568301222,
        0.1553981722728155,
        0.005370621591410107,
        0.7671057152702955,
        0.06385304518246669
      ],
      [
        0.011861197398027342,
        0.29614632491553233,
        0.0012610908909992523,
        0.6843703333341009,
        0.006361053461340163
      ],
      [
        0.0344525194456593,
        0.02098366916362859,
        0.09700106651219408,
        0.5841236053778898,
        0.26343913950062825
      ],
      [
        0.08359590365595444,
        0.7555076094681219,
        0.04232896209003122,
        0.08919312482565112,
        0.029374399960241337
      ],
      [
        0.04827720999100445,
        0.03591781032265979,
        0.1614945596126002,
        0.6894077163928569,
        0.06490270368087878
      ],
      [
        0.03240524025134269,
        0.3154124366111683,
        0.0012440210856858329,
        0.6418112191574435,
        0.009127082894359618
      ],
      [
        0.009129121047562784,
        0.01012919420757895,
        0.00267301727837126,
        0.9733555079873389,
        0.0047131594791481445
      ],
      [
        0.0021571887390938555,
        0.003829632544008385,
        0.00019493767117782917,
        0.00015442017140249265,
        0.9936638208743174
      ],
      [
        0.08042745668987204,
        0.039684825755943905,
        0.06700762731471535,
        0.7915551029350266,
        0.021324987304442017
      ],
      [
        0.6053035447588734,
        0.033466150096712374,
        0.0010290409732733074,
        0.1394952866337413,
        0.22070597753739946
      ],
      [
        0.0008537727376909439,
        0.8836046839009393,
        0.0008627114957915601,
        0.03734936712465466,
        0.07732946474092348
      ],
      [
        0.3991800064646985,
        0.02394793306731422,
        0.011283126180046224,
        0.543767522991381,
        0.02182141129656002
      ],
      [
        0.11882386903509684,
        0.0003235431646276966,
        0.003943833702175261,
        0.008862885813277094,
        0.868045868284823
      ],
      [
        0.586617397910948,
        0.00355260164207124,
        0.0020042271152936517,
        0.0071177646255491025,
        0.40070800870613793
      ],
      [
        0.008684823927745765,
        0.0040756005157206445,
        0.027408665489390107,
        0.010813551443817019,
        0.9490173586233266
      ],
      [
        0.004497397251030879,
        0.012936630082575987,
        0.0054811867792540535,
        0.0035077915926774715,
        0.9735769942944617
      ],
      [
        0.333016853222395,
        0.05890515102123429,
        0.018987297454131125,
        0.020435767724120854,
        0.5686549305781188
      ],
      [
        0.0003645110294095135,
        0.0017371957176943447,
        0.0001770498710217524,
        0.0003348478331435072,
        0.997386395548731
      ],
      [
        0.17481950198748583,
        0.042377614662007845,
        0.0008480738926583472,
        0.7619675690940705,
        0.019987240363777532
      ],
      [
        0.7348858119803507,
        0.22662035574051814,
        0.00011106567022057436,
        0.033405260263715555,
        0.004977506345195029
      ],
      [
        0.025498886663289314,
        0.9500117764040868,
        0.0006408942960717373,
        0.020055653095609815,
        0.0037927895409424093
      ],
      [
        0.009162964824624089,
        0.691087424560143,
        0.00030694485316393297,
        0.27793532477809435,
        0.021507340983974495
      ],
      [
        0.8766406608862967,
        0.02517879031195294,
        0.051899053989393124,
        0.0031431168732825817,
        0.04313837793907464
      ],
      [
        0.00753829107549395,
        0.1451254410271099,
        0.00019503836277121552,
        0.8220479360765991,
        0.02509329345802584
      ],
      [
        0.05771324953114055,
        0.32442216745980185,
        0.004915698352231658,
        0.5722789006501636,
        0.040669984006662295
      ],
      [
        0.12010520057799627,
        0.0768757101575071,
        0.026855128905599334,
        0.6333289607906325,
        0.14283499956826476
      ],
      [
        0.0036531370457384533,
        0.006576080474661367,
        0.6342617457591176,
        0.35127704971383394,
        0.004231987006648562
      ],
      [
        0.08120565049287326,
        0.080952456307254,
        0.04303489583840866,
        0.023436929801931877,
        0.7713700675595322
      ],
      [
        0.0011028576800204378,
        0.06343312463718892,
        0.0030309451058645495,
        0.0005116529821499125,
        0.9319214195947761
      ],
      [
        0.005457964397628735,
        0.363993342566827,
        0.001055494960399547,
        0.02653706113902008,
        0.6029561369361246
      ],
      [
        0.017228021706160418,
        0.030647086310734102,
        0.9424799111782652,
        0.002509754034815614,
        0.007135226770024642
      ],
      [
        0.0028264166190681925,
        0.022060932741772954,
        0.0009657589864814796,
        0.9732015293482169,
        0.0009453623044603518
      ],
      [
        0.9618910344506002,
        0.009382381532879586,
        0.028262989252504936,
        7.729179857750245e-05,
        0.00038630296543747686
      ],
      [
        0.08732526003939915,
        0.06132812742697706,
        0.23261496400929466,
        0.5038169938270136,
        0.11491465469731547
      ],
      [
        0.013171667472161806,
        0.4705158927565638,
        0.026624734850952746,
        0.3986488978018777,
        0.09103880711844403
      ],
      [
        0.037888289965050885,
        0.4589505816146186,
        0.003648232099391888,
        0.23828156644779466,
        0.26123132987314407
      ],
      [
        0.07389634671607248,
        0.07841217836427046,
        0.07191021233161424,
        0.5486273888189257,
        0.2271538737691171
      ],
      [
        0.18621016210637195,
        0.782223797491301,
        0.02047459648983437,
        0.003786157620353249,
        0.0073052862921395255
      ],
      [
        0.026458350966615505,
        8.550471758506801e-05,
        0.012910989075963799,
        0.00040906625178871523,
        0.9601360889880468
      ]
    ],
    "predictions": [
      3,
      2,
      3,
      2,
      2,
      1,
      4,
      3,
      0,
      0,
      2,
      3,
      3,
      3,
      1,
      3,
      3,
      3,
      4,
      3,
      0,
      1,
      3,
      4,
      0,
      4,
      4,
      4,
      4,
      3,
      0,
      1,
      1,
      0,
      3,
      3,
      3,
      2,
      4,
      4,
      4,
      2,
      3,
      0,
      3,
      1,
      1,
      3,
      1,
      4
    ],
    "true_labels": [
      1,
      0,
      3,
      2,
      2,
      1,
      0,
      2,
      4,
      0,
      2,
      3,
      1,
      2,
      3,
      2,
      1,
      3,
      4,
      3,
      4,
      1,
      0,
      4,
      0,
      4,
      4,
      0,
      4,
      0,
      1,
      1,
      1,
      2,
      3,
      1,
      3,
      2,
      0,
      4,
      4,
      2,
      3,
      0,
      3,
      2,
      4,
      3,
      1,
      0
    ],
    "patient_ids": [
      "patient101",
      "patient102",
      "patient103",
      "patient104",
      "patient105",
      "patient106",
      "patient107",
      "patient108",
      "patient109",
      "patient110",
      "patient111",
      "patient112",
      "patient113",
      "patient114",
      "patient115",
      "patient116",
      "patient117",
      "patient118",
      "patient119",
      "patient120",
      "patient121",
      "patient122",
      "patient123",
      "patient124",
      "patient125",
      "patient126",
      "patient127",
      "patient128",
      "patient129",
      "patient130",
      "patient131",
      "patient132",
      "patient133",
      "patient134",
      "patient135",
      "patient136",
      "patient137",
      "patient138",
      "patient139",
      "patient140",
      "patient141",
      "patient142",
      "patient143",
      "patient144",
      "patient145",
      "patient146",
      "patient147",
      "patient148",
      "patient149",
      "patient150"
    ]
  },
  "roc_auc": {
    "macro_auc": 0.9019999999999999,
    "per_class_auc": {
      "NOR": 0.845,
      "DCM": 0.9425,
      "HCM": 0.9525,
      "MINF": 0.8975,
      "RV": 0.8725
    }
  },
  "binary": {
    "accuracy": 0.76,
    "f1": 0.8571428571428571,
    "sensitivity": 0.9,
    "specificity": 0.2,
    "roc_auc": 0.845,
    "binary_labels": [
      1,
      0,
      1,
      1,
      1,
      1,
      0,
      1,
      1,
      0,
      1,
      1,
      1,
      1,
      1,
      1,
      1,
      1,
      1,
      1,
      1,
      1,
      0,
      1,
      0,
      1,
      1,
      0,
      1,
      0,
      1,
      1,
      1,
      1,
      1,
      1,
      1,
      1,
      0,
      1,
      1,
      1,
      1,
      0,
      1,
      1,
      1,
      1,
      1,
      0
    ],
    "binary_probs": [
      0.9654135172831695,
      0.8279407216011595,
      0.988170638526447,
      0.9670125402066677,
      0.9012124129863857,
      0.9971505296464934,
      0.8009316282453223,
      0.9560035342612174,
      0.058708679042075884,
      0.5507580021260379,
      0.8502989060865613,
      0.9917275543169878,
      0.9881388026019726,
      0.9655474805543407,
      0.9164040963440455,
      0.9517227900089955,
      0.9675947597486573,
      0.9908708789524372,
      0.9978428112609061,
      0.9195725433101279,
      0.3946964552411266,
      0.9991462272623091,
      0.6008199935353016,
      0.8811761309649031,
      0.413382602089052,
      0.9913151760722543,
      0.9955026027489691,
      0.6669831467776051,
      0.9996354889705905,
      0.8251804980125141,
      0.26511418801964926,
      0.9745011133367106,
      0.9908370351753759,
      0.12335933911370334,
      0.992461708924506,
      0.9422867504688595,
      0.8798947994220038,
      0.9963468629542616,
      0.9187943495071267,
      0.9988971423199796,
      0.9945420356023713,
      0.9827719782938396,
      0.9971735833809318,
      0.0381089655493998,
      0.9126747399606009,
      0.9868283325278382,
      0.9621117100349491,
      0.9261036532839275,
      0.813789837893628,
      0.9735416490333845
    ]
  }
}