{
  "config": {
    "dataset": "acdc",
    "backbone": "dinov3",
    "model_name": "dinov3_vits16",
    "eval_mode": "logreg",
    "pooling": "gap",
    "embed_dim": 384,
    "best_hyperparam": 1.778279423713684,
    "hyperparam_name": "C",
    "num_classes": 5,
    "class_names": [
      "NOR",
      "DCM",
      "HCM",
      "MINF",
      "RV"
    ]
  },
  "sweep_results": [
    {
      "param_value": 9.999999974752427e-07,
      "mean_cv_acc": 0.39,
      "std_cv_acc": 0.08306623862918075
    },
    {
      "param_value": 1.7782793975129607e-06,
      "mean_cv_acc": 0.39,
      "std_cv_acc": 0.08306623862918075
    },
    {
      "param_value": 3.1622776077711023e-06,
      "mean_cv_acc": 0.39,
      "std_cv_acc": 0.08306623862918075
    },
    {
      "param_value": 5.6234130170196295e-06,
      "mean_cv_acc": 0.39,
      "std_cv_acc": 0.08306623862918075
    },
    {
      "param_value": 9.999999747378752e-06,
      "mean_cv_acc": 0.39,
      "std_cv_acc": 0.08306623862918075
    },
    {
      "param_value": 1.778279329300858e-05,
      "mean_cv_acc": 0.37999999999999995,
      "std_cv_acc": 0.08717797887081347
    },
    {
      "param_value": 3.162277789670043e-05,
      "mean_cv_acc": 0.37,
      "std_cv_acc": 0.09
    },
    {
      "param_value": 5.62341338081751e-05,
      "mean_cv_acc": 0.37,
      "std_cv_acc": 0.09
    },
    {
      "param_value": 9.999999747378752e-05,
      "mean_cv_acc": 0.38999999999999996,
      "std_cv_acc": 0.08306623862918075
    },
    {
      "param_value": 0.00017782794020604342,
      "mean_cv_acc": 0.41,
      "std_cv_acc": 0.10440306508910549
    },
    {
      "param_value": 0.0003162277571391314,
      "mean_cv_acc": 0.42000000000000004,
      "std_cv_acc": 0.13999999999999999
    },
    {
      "param_value": 0.000562341301701963,
      "mean_cv_acc": 0.47000000000000003,
      "std_cv_acc": 0.1268857754044952
    },
    {
      "param_value": 0.0010000000474974513,
      "mean_cv_acc": 0.51,
      "std_cv_acc": 0.10440306508910549
    },
    {
      "param_value": 0.0017782794311642647,
      "mean_cv_acc": 0.52,
      "std_cv_acc": 0.11661903789690602
    },
    {
      "param_value": 0.003162277629598975,
      "mean_cv_acc": 0.52,
      "std_cv_acc": 0.16
    },
    {
      "param_value": 0.005623413249850273,
      "mean_cv_acc": 0.49000000000000005,
      "std_cv_acc": 0.14456832294800961
    },
    {
      "param_value": 0.009999999776482582,
      "mean_cv_acc": 0.5,
      "std_cv_acc": 0.14832396974191325
    },
    {
      "param_value": 0.017782794311642647,
      "mean_cv_acc": 0.53,
      "std_cv_acc": 0.14866068747318506
    },
    {
      "param_value": 0.03162277489900589,
      "mean_cv_acc": 0.51,
      "std_cv_acc": 0.157797338380595
    },
    {
      "param_value": 0.05623413249850273,
      "mean_cv_acc": 0.51,
      "std_cv_acc": 0.16401219466856726
    },
    {
      "param_value": 0.10000000149011612,
      "mean_cv_acc": 0.51,
      "std_cv_acc": 0.16401219466856726
    },
    {
      "param_value": 0.17782793939113617,
      "mean_cv_acc": 0.51,
      "std_cv_acc": 0.16401219466856726
    },
    {
      "param_value": 0.3162277638912201,
      "mean_cv_acc": 0.51,
      "std_cv_acc": 0.16401219466856726
    },
    {
      "param_value": 0.5623413324356079,
      "mean_cv_acc": 0.53,
      "std_cv_acc": 0.16155494421403513
    },
    {
      "param_value": 1.0,
      "mean_cv_acc": 0.53,
      "std_cv_acc": 0.16155494421403513
    },
    {
      "param_value": 1.778279423713684,
      "mean_cv_acc": 0.55,
      "std_cv_acc": 0.18574175621006708
    },
    {
      "param_value": 3.1622776985168457,
      "mean_cv_acc": 0.55,
      "std_cv_acc": 0.18574175621006708
    },
    {
      "param_value": 5.6234130859375,
      "mean_cv_acc": 0.54,
      "std_cv_acc": 0.1907878402833891
    },
    {
      "param_value": 10.0,
      "mean_cv_acc": 0.54,
      "std_cv_acc": 0.1907878402833891
    },
    {
      "param_value": 17.782794952392578,
      "mean_cv_acc": 0.54,
      "std_cv_acc": 0.1907878402833891
    },
    {
      "param_value": 31.62277603149414,
      "mean_cv_acc": 0.54,
      "std_cv_acc": 0.1907878402833891
    },
    {
      "param_value": 56.234130859375,
      "mean_cv_acc": 0.54,
      "std_cv_acc": 0.1907878402833891
    },
    {
      "param_value": 100.0,
      "mean_cv_acc": 0.54,
      "std_cv_acc": 0.1907878402833891
    },
    {
      "param_value": 177.82794189453125,
      "mean_cv_acc": 0.54,
      "std_cv_acc": 0.1907878402833891
    },
    {
      "param_value": 316.2277526855469,
      "mean_cv_acc": 0.55,
      "std_cv_acc": 0.20124611797498107
    },
    {
      "param_value": 562.34130859375,
      "mean_cv_acc": 0.55,
      "std_cv_acc": 0.20124611797498107
    },
    {
      "param_value": 1000.0,
      "mean_cv_acc": 0.55,
      "std_cv_acc": 0.20124611797498107
    },
    {
      "param_value": 1778.2794189453125,
      "mean_cv_acc": 0.54,
      "std_cv_acc": 0.1854723699099141
    },
    {
      "param_value": 3162.277587890625,
      "mean_cv_acc": 0.54,
      "std_cv_acc": 0.1854723699099141
    },
    {
      "param_value": 5623.4130859375,
      "mean_cv_acc": 0.54,
      "std_cv_acc": 0.1854723699099141
    },
    {
      "param_value": 10000.0,
      "mean_cv_acc": 0.54,
      "std_cv_acc": 0.1854723699099141
    },
    {
      "param_value": 17782.794921875,
      "mean_cv_acc": 0.54,
      "std_cv_acc": 0.1854723699099141
    },
    {
      "param_value": 31622.77734375,
      "mean_cv_acc": 0.53,
      "std_cv_acc": 0.1734935157289747
    },
    {
      "param_value": 56234.1328125,
      "mean_cv_acc": 0.53,
      "std_cv_acc": 0.1734935157289747
    },
    {
      "param_value": 100000.0,
      "mean_cv_acc": 0.53,
      "std_cv_acc": 0.1734935157289747
    }
  ],
  "five_way": {
    "accuracy": 0.48,
    "macro_f1": 0.476,
    "macro_sensitivity": 0.48,
    "macro_specificity": 0.8699999999999999,
    "per_class_sensitivity": {
      "NOR": 0.4,
      "DCM": 0.5,
      "HCM": 0.3,
      "MINF": 0.6,
      "RV": 0.6
    },
    "per_class_specificity": {
      "NOR": 0.85,
      "DCM": 0.875,
      "HCM": 0.95,
      "MINF": 0.775,
      "RV": 0.9
    },
    "confusion_matrix": [
      [
        4,
        1,
        1,
        2,
        2
      ],
      [
        0,
        5,
        0,
        4,
        1
      ],
      [
        3,
        1,
        3,
        3,
        0
      ],
      [
        0,
        2,
        1,
        6,
        1
      ],
      [
        3,
        1,
        0,
        0,
        6
      ]
    ],
    "classification_report": {
      "NOR": {
        "precision": 0.4,
        "recall": 0.4,
        "f1-score": 0.4,
        "support": 10.0
      },
      "DCM": {
        "precision": 0.5,
        "recall": 0.5,
        "f1-score": 0.5,
        "support": 10.0
      },
      "HCM": {
        "precision": 0.6,
        "recall": 0.3,
        "f1-score": 0.4,
        "support": 10.0
      },
      "MINF": {
        "precision": 0.4,
        "recall": 0.6,
        "f1-score": 0.48,
        "support": 10.0
      },
      "RV": {
        "precision": 0.6,
        "recall": 0.6,
        "f1-score": 0.6,
        "support": 10.0
      },
      "accuracy": 0.48,
      "macro avg": {
        "precision": 0.5,
        "recall": 0.48,
        "f1-score": 0.476,
        "support": 50.0
      },
      "weighted avg": {
        "precision": 0.5,
        "recall": 0.48,
        "f1-score": 0.47600000000000003,
        "support": 50.0
      }
    },
    "probabilities": [
      [
        0.028747536444114753,
        0.12818913303274276,
        0.0017952330263857294,
        0.8408062795743164,
        0.0004618179224403651
      ],
      [
        0.02806454886104595,
        0.06517640343476244,
        0.7562791089840892,
        0.0025063568365234273,
        0.14797358188357884
      ],
      [
        0.006196474637256638,
        0.03419485360968924,
        0.01122785630526349,
        0.9482847783070811,
        9.603714070951763e-05
      ],
      [
        0.3730419482423448,
        0.017683226873935132,
        0.4941204569015008,
        0.01827984542958887,
        0.09687452255263021
      ],
      [
        0.23028922267792257,
        0.062423513306381705,
        0.686079088282983,
        0.00526264689193014,
        0.015945528840782527
      ],
      [
        0.03303453708424284,
        0.0869406119468603,
        0.0005024595556525149,
        0.009991878641213524,
        0.8695305127720308
      ],
      [
        0.044715908422575786,
        0.0018932218907900804,
        0.0007253860266576696,
        0.8623819933394137,
        0.09028349032056289
      ],
      [
        0.04318945233785745,
        0.19891825662572016,
        0.1762277171167962,
        0.5622099732550949,
        0.019454600664531353
      ],
      [
        0.9998315985779885,
        8.035563234504857e-05,
        1.5062830109859966e-05,
        6.459981600095346e-05,
        8.383143555634462e-06
      ],
      [
        0.754891898001923,
        0.004214732047116304,
        0.00010321548143875374,
        0.02173779007511411,
        0.2190523643944077
      ],
      [
        0.9667354001144551,
        0.0006303770730080714,
        0.0011395168054897263,
        0.031486504544943734,
        8.201462103236717e-06
      ],
      [
        0.015234260217739435,
        0.011435099186525749,
        0.0001750843374787113,
        0.9695617948909262,
        0.003593761367329869
      ],
      [
        0.0021175679462933483,
        0.2173958543661979,
        0.00024006648754471813,
        0.7794622417989259,
        0.0007842694010380669
      ],
      [
        0.06296805524284507,
        0.052361505099277394,
        0.07286246468801616,
        0.7651630625470639,
        0.04664491242279743
      ],
      [
        0.07042557015505792,
        0.1444130126034068,
        0.0038936106158784954,
        0.23525514977532586,
        0.5460126568503308
      ],
      [
        0.002406282284045545,
        0.03933218228929172,
        0.6457810033454792,
        0.28887201380220057,
        0.02360851827898295
      ],
      [
        0.00013112931912945025,
        0.001979350899117514,
        1.0361095889469019e-07,
        0.997847983477049,
        4.143269374524413e-05
      ],
      [
        0.0004450369529682508,
        0.002462002703518062,
        0.0011992559279574257,
        0.995235701506723,
        0.0006580029088334021
      ],
      [
        0.0001946088220631253,
        0.008736960241748463,
        0.0007947716236598283,
        6.0577258219030794e-06,
        0.9902676015867068
      ],
      [
        0.24082458608771498,
        0.0006725713394764176,
        0.2774965931146583,
        0.324620557443045,
        0.1563856920151053
      ],
      [
        0.8351893081726114,
        6.398603908369568e-05,
        0.00012624618572108193,
        0.12481619893650205,
        0.039804260666081795
      ],
      [
        4.7493331354496454e-05,
        0.9679700172655884,
        0.00041165969913662434,
        0.027305158566950986,
        0.004265671136969638
      ],
      [
        0.35526108155157915,
        9.852933905593574e-05,
        0.001353399790529682,
        0.6412320962182558,
        0.002054893100579312
      ],
      [
        0.6075603337642681,
        0.00047996035871142036,
        0.02197826983783824,
        0.08257591900681628,
        0.2874055170323659
      ],
      [
        0.2728180375434393,
        0.0017746956578455662,
        0.017688660039448,
        0.10991350544935331,
        0.5978051013099138
      ],
      [
        7.250752356060903e-06,
        0.0004436862220361868,
        0.00028795953514781523,
        0.01771832082806124,
        0.9815427826623988
      ],
      [
        0.0007064299810802162,
        0.01120169676226224,
        0.011164348412039053,
        0.00045678129471691446,
        0.9764707435499015
      ],
      [
        0.9419715920490758,
        0.0014708576905182423,
        0.026633218338173524,
        0.007627059316147429,
        0.022297272606084956
      ],
      [
        5.043187738879051e-07,
        7.50397012933121e-06,
        2.925041045892748e-06,
        5.089722497797673e-06,
        0.999983976947553
      ],
      [
        0.6767033896751274,
        0.005282479108573548,
        0.00019626760036707723,
        0.17994828210321606,
        0.13786958151271575
      ],
      [
        0.0291690619748619,
        0.9302852515369453,
        7.632692093090439e-05,
        0.017525146407869972,
        0.02294421315939177
      ],
      [
        0.3384452806518167,
        0.43966144921972844,
        0.05044117148428258,
        0.16014346177101818,
        0.011308636873153912
      ],
      [
        0.1239404221770727,
        0.8368031002420685,
        1.5397501143065233e-05,
        0.034667866026393275,
        0.004573214053322649
      ],
      [
        0.7785732353500499,
        0.01625129757810938,
        0.1951037731690584,
        0.0018433506384361062,
        0.008228343264346408
      ],
      [
        0.0024004853531395544,
        0.30300407147130626,
        0.00023404139874207827,
        0.6866859825212692,
        0.007675419255542847
      ],
      [
        0.006817219041924355,
        0.3601837877700115,
        0.0010338768931456705,
        0.6305067357784007,
        0.0014583805165179103
      ],
      [
        0.016302585881568125,
        0.5240597825994733,
        0.007271315363269002,
        0.1750860651878264,
        0.277280250967863
      ],
      [
        0.01907355474444748,
        0.0010934889364376925,
        0.1415359944565241,
        0.8382684777284066,
        2.848413418402571e-05
      ],
      [
        0.06848780790490988,
        0.5051801203963033,
        0.03215653578369202,
        0.03280899922114208,
        0.36136653669395274
      ],
      [
        9.050463490963742e-06,
        0.0762350649233246,
        0.0001857102119438556,
        0.00016810387888870095,
        0.9234020705223518
      ],
      [
        2.747938222233876e-05,
        0.5407389828167827,
        9.307205244264217e-05,
        0.0011539795687420848,
        0.4579864861798103
      ],
      [
        0.8930578765023156,
        0.0033854990059079618,
        0.09651397865319229,
        0.00652273886409521,
        0.0005199069744887684
      ],
      [
        0.00014056297542412678,
        8.563445973195785e-05,
        4.166903150993158e-05,
        0.9986986516201207,
        0.0010334819132131832
      ],
      [
        0.9825743029068659,
        0.006928303240535442,
        0.01010432506306516,
        5.610302054738698e-05,
        0.0003369657689862701
      ],
      [
        0.009643469810888447,
        0.006218544890392559,
        0.5412535960385285,
        0.20636618253459618,
        0.23651820672559432
      ],
      [
        0.0003907371907772245,
        0.9425152863637977,
        0.008324035087576648,
        0.018953985321608528,
        0.029815956036240147
      ],
      [
        0.004927683182200269,
        0.24077844411844393,
        1.785077399794723e-05,
        0.012414930398599512,
        0.7418610915267584
      ],
      [
        0.007077070551669273,
        0.688470614086977,
        0.03623428496251531,
        0.24389129179005486,
        0.0243267386087835
      ],
      [
        0.013496412190256652,
        0.9755085765455117,
        0.00047801419283256016,
        0.0053060438399229965,
        0.005210953231475916
      ],
      [
        5.307128637784294e-05,
        7.54545645486492e-05,
        0.010987032028150438,
        5.4588270366520955e-06,
        0.9888789832938866
      ]
    ],
    "predictions": [
      3,
      2,
      3,
      2,
      2,
      4,
      3,
      3,
      0,
      0,
      0,
      3,
      3,
      3,
      4,
      2,
      3,
      3,
      4,
      3,
      0,
      1,
      3,
      0,
      4,
      4,
      4,
      0,
      4,
      0,
      1,
      1,
      1,
      0,
      3,
      3,
      1,
      3,
      1,
      4,
      1,
      0,
      3,
      0,
      2,
      1,
      4,
      1,
      1,
      4
    ],
    "true_labels": [
      1,
      0,
      3,
      2,
      2,
      1,
      0,
      2,
      4,
      0,
      2,
      3,
      1,
      2,
      3,
      2,
      1,
      3,
      4,
      3,
      4,
      1,
      0,
      4,
      0,
      4,
      4,
      0,
      4,
      0,
      1,
      1,
      1,
      2,
      3,
      1,
      3,
      2,
      0,
      4,
      4,
      2,
      3,
      0,
      3,
      2,
      4,
      3,
      1,
      0
    ],
    "patient_ids": [
      "patient101",
      "patient102",
      "patient103",
      "patient104",
      "patient105",
      "patient106",
      "patient107",
      "patient108",
      "patient109",
      "patient110",
      "patient111",
      "patient112",
      "patient113",
      "patient114",
      "patient115",
      "patient116",
      "patient117",
      "patient118",
      "patient119",
      "patient120",
      "patient121",
      "patient122",
      "patient123",
      "patient124",
      "patient125",
      "patient126",
      "patient127",
      "patient128",
      "patient129",
      "patient130",
      "patient131",
      "patient132",
      "patient133",
      "patient134",
      "patient135",
      "patient136",
      "patient137",
      "patient138",
      "patient139",
      "patient140",
      "patient141",
      "patient142",
      "patient143",
      "patient144",
      "patient145",
      "patient146",
      "patient147",
      "patient148",
      "patient149",
      "patient150"
    ]
  },
  "roc_auc": {
    "macro_auc": 0.8280000000000001,
    "per_class_auc": {
      "NOR": 0.7375,
      "DCM": 0.8425,
      "HCM": 0.875,
      "MINF": 0.8525,
      "RV": 0.8325
    }
  },
  "binary": {
    "accuracy": 0.76,
    "f1": 0.85,
    "sensitivity": 0.85,
    "specificity": 0.4,
    "roc_auc": 0.7375,
    "binary_labels": [
      1,
      0,
      1,
      1,
      1,
      1,
      0,
      1,
      1,
      0,
      1,
      1,
      1,
      1,
      1,
      1,
      1,
      1,
      1,
      1,
      1,
      1,
      0,
      1,
      0,
      1,
      1,
      0,
      1,
      0,
      1,
      1,
      1,
      1,
      1,
      1,
      1,
      1,
      0,
      1,
      1,
      1,
      1,
      0,
      1,
      1,
      1,
      1,
      1,
      0
    ],
    "binary_probs": [
      0.9712524635558852,
      0.9719354511389541,
      0.9938035253627434,
      0.6269580517576552,
      0.7697107773220775,
      0.9669654629157571,
      0.9552840915774242,
      0.9568105476621426,
      0.00016840142201146602,
      0.24510810199807698,
      0.033264599885544865,
      0.9847657397822606,
      0.9978824320537066,
      0.9370319447571549,
      0.9295744298449421,
      0.9975937177159545,
      0.9998688706808706,
      0.9995549630470317,
      0.9998053911779369,
      0.759175413912285,
      0.1648106918273886,
      0.9999525066686455,
      0.6447389184484209,
      0.3924396662357319,
      0.7271819624565607,
      0.9999927492476439,
      0.9992935700189198,
      0.05802840795092423,
      0.9999994956812261,
      0.32329661032487256,
      0.9708309380251381,
      0.6615547193481832,
      0.8760595778229273,
      0.22142676464995015,
      0.9975995146468605,
      0.9931827809580757,
      0.9836974141184319,
      0.9809264452555525,
      0.9315121920950902,
      0.999990949536509,
      0.9999725206177776,
      0.1069421234976844,
      0.9998594370245759,
      0.01742569709313413,
      0.9903565301891115,
      0.9996092628092228,
      0.9950723168177997,
      0.9929229294483307,
      0.9865035878097433,
      0.9999469287136221
    ]
  }
}