{
  "config": {
    "dataset": "acdc",
    "backbone": "dinov3",
    "model_name": "dinov3_vitl16",
    "eval_mode": "logreg",
    "pooling": "gap",
    "embed_dim": 1024,
    "best_hyperparam": 0.003162277629598975,
    "hyperparam_name": "C",
    "num_classes": 5,
    "class_names": [
      "NOR",
      "DCM",
      "HCM",
      "MINF",
      "RV"
    ]
  },
  "sweep_results": [
    {
      "param_value": 9.999999974752427e-07,
      "mean_cv_acc": 0.32999999999999996,
      "std_cv_acc": 0.11874342087037917
    },
    {
      "param_value": 1.7782793975129607e-06,
      "mean_cv_acc": 0.32999999999999996,
      "std_cv_acc": 0.11874342087037917
    },
    {
      "param_value": 3.1622776077711023e-06,
      "mean_cv_acc": 0.32999999999999996,
      "std_cv_acc": 0.11874342087037917
    },
    {
      "param_value": 5.6234130170196295e-06,
      "mean_cv_acc": 0.32999999999999996,
      "std_cv_acc": 0.11874342087037917
    },
    {
      "param_value": 9.999999747378752e-06,
      "mean_cv_acc": 0.32999999999999996,
      "std_cv_acc": 0.11874342087037917
    },
    {
      "param_value": 1.778279329300858e-05,
      "mean_cv_acc": 0.32999999999999996,
      "std_cv_acc": 0.11874342087037917
    },
    {
      "param_value": 3.162277789670043e-05,
      "mean_cv_acc": 0.32999999999999996,
      "std_cv_acc": 0.1004987562112089
    },
    {
      "param_value": 5.62341338081751e-05,
      "mean_cv_acc": 0.35,
      "std_cv_acc": 0.09219544457292887
    },
    {
      "param_value": 9.999999747378752e-05,
      "mean_cv_acc": 0.33999999999999997,
      "std_cv_acc": 0.09165151389911681
    },
    {
      "param_value": 0.00017782794020604342,
      "mean_cv_acc": 0.36,
      "std_cv_acc": 0.09165151389911681
    },
    {
      "param_value": 0.0003162277571391314,
      "mean_cv_acc": 0.4,
      "std_cv_acc": 0.12649110640673517
    },
    {
      "param_value": 0.000562341301701963,
      "mean_cv_acc": 0.43999999999999995,
      "std_cv_acc": 0.14966629547095764
    },
    {
      "param_value": 0.0010000000474974513,
      "mean_cv_acc": 0.45999999999999996,
      "std_cv_acc": 0.142828568570857
    },
    {
      "param_value": 0.0017782794311642647,
      "mean_cv_acc": 0.5,
      "std_cv_acc": 0.07745966692414831
    },
    {
      "param_value": 0.003162277629598975,
      "mean_cv_acc": 0.53,
      "std_cv_acc": 0.08999999999999998
    },
    {
      "param_value": 0.005623413249850273,
      "mean_cv_acc": 0.5199999999999999,
      "std_cv_acc": 0.0748331477354788
    },
    {
      "param_value": 0.009999999776482582,
      "mean_cv_acc": 0.51,
      "std_cv_acc": 0.06999999999999999
    },
    {
      "param_value": 0.017782794311642647,
      "mean_cv_acc": 0.51,
      "std_cv_acc": 0.06999999999999999
    },
    {
      "param_value": 0.03162277489900589,
      "mean_cv_acc": 0.5,
      "std_cv_acc": 0.06324555320336757
    },
    {
      "param_value": 0.05623413249850273,
      "mean_cv_acc": 0.51,
      "std_cv_acc": 0.06999999999999999
    },
    {
      "param_value": 0.10000000149011612,
      "mean_cv_acc": 0.51,
      "std_cv_acc": 0.06999999999999999
    },
    {
      "param_value": 0.17782793939113617,
      "mean_cv_acc": 0.5,
      "std_cv_acc": 0.07745966692414831
    },
    {
      "param_value": 0.3162277638912201,
      "mean_cv_acc": 0.51,
      "std_cv_acc": 0.08306623862918074
    },
    {
      "param_value": 0.5623413324356079,
      "mean_cv_acc": 0.5,
      "std_cv_acc": 0.08944271909999157
    },
    {
      "param_value": 1.0,
      "mean_cv_acc": 0.5,
      "std_cv_acc": 0.08944271909999157
    },
    {
      "param_value": 1.778279423713684,
      "mean_cv_acc": 0.48999999999999994,
      "std_cv_acc": 0.10440306508910549
    },
    {
      "param_value": 3.1622776985168457,
      "mean_cv_acc": 0.48999999999999994,
      "std_cv_acc": 0.10440306508910549
    },
    {
      "param_value": 5.6234130859375,
      "mean_cv_acc": 0.48999999999999994,
      "std_cv_acc": 0.10440306508910549
    },
    {
      "param_value": 10.0,
      "mean_cv_acc": 0.48999999999999994,
      "std_cv_acc": 0.10440306508910549
    },
    {
      "param_value": 17.782794952392578,
      "mean_cv_acc": 0.48999999999999994,
      "std_cv_acc": 0.10440306508910549
    },
    {
      "param_value": 31.62277603149414,
      "mean_cv_acc": 0.5,
      "std_cv_acc": 0.1183215956619923
    },
    {
      "param_value": 56.234130859375,
      "mean_cv_acc": 0.5,
      "std_cv_acc": 0.1183215956619923
    },
    {
      "param_value": 100.0,
      "mean_cv_acc": 0.5,
      "std_cv_acc": 0.1183215956619923
    },
    {
      "param_value": 177.82794189453125,
      "mean_cv_acc": 0.5,
      "std_cv_acc": 0.1183215956619923
    },
    {
      "param_value": 316.2277526855469,
      "mean_cv_acc": 0.5,
      "std_cv_acc": 0.1183215956619923
    },
    {
      "param_value": 562.34130859375,
      "mean_cv_acc": 0.49000000000000005,
      "std_cv_acc": 0.13747727084867517
    },
    {
      "param_value": 1000.0,
      "mean_cv_acc": 0.49000000000000005,
      "std_cv_acc": 0.13747727084867517
    },
    {
      "param_value": 1778.2794189453125,
      "mean_cv_acc": 0.48,
      "std_cv_acc": 0.12489995996796796
    },
    {
      "param_value": 3162.277587890625,
      "mean_cv_acc": 0.48,
      "std_cv_acc": 0.12489995996796796
    },
    {
      "param_value": 5623.4130859375,
      "mean_cv_acc": 0.48,
      "std_cv_acc": 0.12489995996796796
    },
    {
      "param_value": 10000.0,
      "mean_cv_acc": 0.48,
      "std_cv_acc": 0.12489995996796796
    },
    {
      "param_value": 17782.794921875,
      "mean_cv_acc": 0.48,
      "std_cv_acc": 0.12489995996796796
    },
    {
      "param_value": 31622.77734375,
      "mean_cv_acc": 0.48,
      "std_cv_acc": 0.12489995996796796
    },
    {
      "param_value": 56234.1328125,
      "mean_cv_acc": 0.48,
      "std_cv_acc": 0.12489995996796796
    },
    {
      "param_value": 100000.0,
      "mean_cv_acc": 0.48,
      "std_cv_acc": 0.12489995996796796
    }
  ],
  "five_way": {
    "accuracy": 0.52,
    "macro_f1": 0.5100280112044817,
    "macro_sensitivity": 0.52,
    "macro_specificity": 0.8800000000000001,
    "per_class_sensitivity": {
      "NOR": 0.3,
      "DCM": 0.5,
      "HCM": 0.3,
      "MINF": 0.8,
      "RV": 0.7
    },
    "per_class_specificity": {
      "NOR": 0.875,
      "DCM": 0.95,
      "HCM": 0.975,
      "MINF": 0.7,
      "RV": 0.9
    },
    "confusion_matrix": [
      [
        3,
        0,
        0,
        3,
        4
      ],
      [
        1,
        5,
        0,
        4,
        0
      ],
      [
        2,
        1,
        3,
        4,
        0
      ],
      [
        0,
        1,
        1,
        8,
        0
      ],
      [
        2,
        0,
        0,
        1,
        7
      ]
    ],
    "classification_report": {
      "NOR": {
        "precision": 0.375,
        "recall": 0.3,
        "f1-score": 0.3333333333333333,
        "support": 10.0
      },
      "DCM": {
        "precision": 0.7142857142857143,
        "recall": 0.5,
        "f1-score": 0.5882352941176471,
        "support": 10.0
      },
      "HCM": {
        "precision": 0.75,
        "recall": 0.3,
        "f1-score": 0.42857142857142855,
        "support": 10.0
      },
      "MINF": {
        "precision": 0.4,
        "recall": 0.8,
        "f1-score": 0.5333333333333333,
        "support": 10.0
      },
      "RV": {
        "precision": 0.6363636363636364,
        "recall": 0.7,
        "f1-score": 0.6666666666666666,
        "support": 10.0
      },
      "accuracy": 0.52,
      "macro avg": {
        "precision": 0.5751298701298702,
        "recall": 0.52,
        "f1-score": 0.5100280112044817,
        "support": 50.0
      },
      "weighted avg": {
        "precision": 0.5751298701298702,
        "recall": 0.52,
        "f1-score": 0.5100280112044817,
        "support": 50.0
      }
    },
    "probabilities": [
      [
        0.27896706361719437,
        0.06117707153790187,
        0.09334395804113463,
        0.5515773048667908,
        0.014934601936978383
      ],
      [
        0.24453211376556985,
        0.09850043262943782,
        0.19352825898546822,
        0.06942126423147016,
        0.39401793038805394
      ],
      [
        0.2706022820144555,
        0.10712643745257958,
        0.07109034774744086,
        0.4971347116627901,
        0.05404622112273386
      ],
      [
        0.3177950883062845,
        0.05898338561639105,
        0.5126394611958195,
        0.06043905487337803,
        0.050143010008127056
      ],
      [
        0.2614570863589617,
        0.07139896615249415,
        0.169939947541331,
        0.2542593636802731,
        0.24294463626694007
      ],
      [
        0.18839831367917165,
        0.31598866157984207,
        0.04309022619697891,
        0.21379284006202257,
        0.23872995848198475
      ],
      [
        0.27677719344473534,
        0.021373655539701452,
        0.01640462299320858,
        0.06855351101426337,
        0.6168910170080912
      ],
      [
        0.2777973295462413,
        0.029063968094243182,
        0.1436444601311854,
        0.5099761093522284,
        0.039518132876101765
      ],
      [
        0.6279044688825195,
        0.10172810447180751,
        0.04757180982213675,
        0.1169564114275211,
        0.10583920539601525
      ],
      [
        0.29464955653669317,
        0.041821036065210364,
        0.07833120619414667,
        0.40027561474421375,
        0.18492258645973594
      ],
      [
        0.22341015786837382,
        0.044388598358538464,
        0.4098541191099382,
        0.31811746149698833,
        0.004229663166161275
      ],
      [
        0.14009945825017495,
        0.11058460227385782,
        0.08775134268044549,
        0.5967175264125529,
        0.0648470703829688
      ],
      [
        0.04753948136803067,
        0.21989327560634297,
        0.01760537085032752,
        0.6571012441990427,
        0.05786062797625613
      ],
      [
        0.10585698147391685,
        0.1113471090124484,
        0.06181242507274823,
        0.4246954574278367,
        0.2962880270130498
      ],
      [
        0.23675773927173893,
        0.08203280226268704,
        0.06791091726236698,
        0.4089467002260846,
        0.20435184097712245
      ],
      [
        0.15720733132347622,
        0.12446950522737518,
        0.24617502198591137,
        0.29858285109473265,
        0.1735652903685046
      ],
      [
        0.25143309516108464,
        0.25436820748624384,
        0.04583094074193377,
        0.3712025341511388,
        0.07716522245959892
      ],
      [
        0.09821782022258052,
        0.06651053804066819,
        0.05309622134655809,
        0.662950213590154,
        0.11922520680003915
      ],
      [
        0.02743619010863346,
        0.09341029477424218,
        0.05715944553935484,
        0.03194848930449019,
        0.7900455802732793
      ],
      [
        0.16153146886255432,
        0.026073688147847253,
        0.35771760111963935,
        0.42738737251249675,
        0.02728986935746223
      ],
      [
        0.32965861756944753,
        0.10339867178576632,
        0.012866271714663629,
        0.27996302808435225,
        0.27411341084577034
      ],
      [
        0.08238423702902466,
        0.5897706156925875,
        0.04975841673380289,
        0.07663344459425007,
        0.20145328595033485
      ],
      [
        0.21087393271366897,
        0.00467463975286176,
        0.06641106597688713,
        0.7017881861884389,
        0.016252175368143367
      ],
      [
        0.3310984407023828,
        0.04216947973102218,
        0.05580439043304106,
        0.06071054201685236,
        0.5102171471167015
      ],
      [
        0.18870604415077943,
        0.03760407927224685,
        0.02547697968155379,
        0.02968088101845054,
        0.7185320158769695
      ],
      [
        0.03437902603583774,
        0.007534351105546851,
        0.0392967953086266,
        0.06790158335996065,
        0.8508882441900282
      ],
      [
        0.040461671434548124,
        0.08500337448535916,
        0.10325517367522459,
        0.04239057663935048,
        0.7288892037655176
      ],
      [
        0.1993960060455786,
        0.06313934565451244,
        0.09697917918032158,
        0.3013362894934424,
        0.33914917962614494
      ],
      [
        0.039975921947405485,
        0.12262942593573395,
        0.016841598005697928,
        0.02541624614962733,
        0.7951368079615354
      ],
      [
        0.29728348433698815,
        0.01889773523898695,
        0.01172460380949938,
        0.6047407562952282,
        0.06735342031929743
      ],
      [
        0.08280480103625296,
        0.732558712223626,
        0.019327434769857658,
        0.0704067754866879,
        0.09490227648357553
      ],
      [
        0.41990934361980514,
        0.1431145549838818,
        0.07733038332969112,
        0.17027354586232996,
        0.18937217220429212
      ],
      [
        0.100109245198324,
        0.16270021280574318,
        0.026371313065804692,
        0.6862786052878618,
        0.024540623642266356
      ],
      [
        0.46085632896904516,
        0.06010698359974112,
        0.28441751444781666,
        0.10423135762641067,
        0.09038781535698633
      ],
      [
        0.12285745225018382,
        0.1071180607628853,
        0.03770992985465967,
        0.7089449310269643,
        0.023369626105306865
      ],
      [
        0.11258555433757964,
        0.3514714570109372,
        0.1350894090568477,
        0.2699497262644081,
        0.1309038533302273
      ],
      [
        0.37668707484155833,
        0.050584270351783256,
        0.04099603056875623,
        0.41400691757428143,
        0.11772570666362084
      ],
      [
        0.19407282450194424,
        0.06561744220662252,
        0.2697868191151563,
        0.4212255677141369,
        0.04929734646213991
      ],
      [
        0.32331585195254153,
        0.1835696595924792,
        0.1945090524073707,
        0.05472831010366218,
        0.24387712594394634
      ],
      [
        0.02966778530641792,
        0.176118083367158,
        0.05393247188627172,
        0.03494266062093442,
        0.705338998819218
      ],
      [
        0.05989127400412759,
        0.15543704742711556,
        0.023957766557115314,
        0.21904609855332757,
        0.5416678134583139
      ],
      [
        0.1545733589765101,
        0.12605066179404104,
        0.5333821227436516,
        0.1647133962761158,
        0.021280460209681475
      ],
      [
        0.21755624864219492,
        0.02597521476219035,
        0.10171829928356094,
        0.6108492667982982,
        0.04390097051375559
      ],
      [
        0.4293002318868983,
        0.15183708931410683,
        0.3536915246797619,
        0.03903753872490817,
        0.02613361539432485
      ],
      [
        0.14770726577884646,
        0.13191105502358644,
        0.35818045422313555,
        0.2587319784100447,
        0.10346924656438679
      ],
      [
        0.10454096925381892,
        0.2892636587447576,
        0.16262326684020473,
        0.1601849157420714,
        0.28338718941914737
      ],
      [
        0.028945854000858254,
        0.1231703429817208,
        0.07827188574995632,
        0.5272990191415148,
        0.2423128981259499
      ],
      [
        0.20927872020143787,
        0.2842223712649789,
        0.16582977584569697,
        0.12379736621857594,
        0.21687176646931028
      ],
      [
        0.06727047852171524,
        0.5905387850486327,
        0.1723451721462685,
        0.09495119594150174,
        0.07489436834188197
      ],
      [
        0.47691911884426746,
        0.014291781680420562,
        0.14747545328844608,
        0.07195452361661528,
        0.28935912257025065
      ]
    ],
    "predictions": [
      3,
      4,
      3,
      2,
      0,
      1,
      4,
      3,
      0,
      3,
      2,
      3,
      3,
      3,
      3,
      3,
      3,
      3,
      4,
      3,
      0,
      1,
      3,
      4,
      4,
      4,
      4,
      4,
      4,
      3,
      1,
      0,
      3,
      0,
      3,
      1,
      3,
      3,
      0,
      4,
      4,
      2,
      3,
      0,
      2,
      1,
      3,
      1,
      1,
      0
    ],
    "true_labels": [
      1,
      0,
      3,
      2,
      2,
      1,
      0,
      2,
      4,
      0,
      2,
      3,
      1,
      2,
      3,
      2,
      1,
      3,
      4,
      3,
      4,
      1,
      0,
      4,
      0,
      4,
      4,
      0,
      4,
      0,
      1,
      1,
      1,
      2,
      3,
      1,
      3,
      2,
      0,
      4,
      4,
      2,
      3,
      0,
      3,
      2,
      4,
      3,
      1,
      0
    ],
    "patient_ids": [
      "patient101",
      "patient102",
      "patient103",
      "patient104",
      "patient105",
      "patient106",
      "patient107",
      "patient108",
      "patient109",
      "patient110",
      "patient111",
      "patient112",
      "patient113",
      "patient114",
      "patient115",
      "patient116",
      "patient117",
      "patient118",
      "patient119",
      "patient120",
      "patient121",
      "patient122",
      "patient123",
      "patient124",
      "patient125",
      "patient126",
      "patient127",
      "patient128",
      "patient129",
      "patient130",
      "patient131",
      "patient132",
      "patient133",
      "patient134",
      "patient135",
      "patient136",
      "patient137",
      "patient138",
      "patient139",
      "patient140",
      "patient141",
      "patient142",
      "patient143",
      "patient144",
      "patient145",
      "patient146",
      "patient147",
      "patient148",
      "patient149",
      "patient150"
    ]
  },
  "roc_auc": {
    "macro_auc": 0.85,
    "per_class_auc": {
      "NOR": 0.77,
      "DCM": 0.9025,
      "HCM": 0.875,
      "MINF": 0.8025,
      "RV": 0.9
    }
  },
  "binary": {
    "accuracy": 0.78,
    "f1": 0.8764044943820225,
    "sensitivity": 0.975,
    "specificity": 0.0,
    "roc_auc": 0.77,
    "binary_labels": [
      1,
      0,
      1,
      1,
      1,
      1,
      0,
      1,
      1,
      0,
      1,
      1,
      1,
      1,
      1,
      1,
      1,
      1,
      1,
      1,
      1,
      1,
      0,
      1,
      0,
      1,
      1,
      0,
      1,
      0,
      1,
      1,
      1,
      1,
      1,
      1,
      1,
      1,
      0,
      1,
      1,
      1,
      1,
      0,
      1,
      1,
      1,
      1,
      1,
      0
    ],
    "binary_probs": [
      0.7210329363828056,
      0.7554678862344302,
      0.7293977179855444,
      0.6822049116937154,
      0.7385429136410383,
      0.8116016863208284,
      0.7232228065552646,
      0.7222026704537587,
      0.3720955311174805,
      0.7053504434633069,
      0.7765898421316262,
      0.8599005417498251,
      0.9524605186319693,
      0.8941430185260831,
      0.7632422607282611,
      0.8427926686765238,
      0.7485669048389154,
      0.9017821797774195,
      0.9725638098913666,
      0.8384685311374457,
      0.6703413824305524,
      0.9176157629709754,
      0.7891260672863311,
      0.6689015592976172,
      0.8112939558492206,
      0.9656209739641622,
      0.9595383285654518,
      0.8006039939544214,
      0.9600240780525945,
      0.7027165156630119,
      0.917195198963747,
      0.5800906563801949,
      0.899890754801676,
      0.5391436710309548,
      0.8771425477498161,
      0.8874144456624203,
      0.6233129251584417,
      0.8059271754980557,
      0.6766841480474585,
      0.9703322146935821,
      0.9401087259958724,
      0.8454266410234899,
      0.7824437513578051,
      0.5706997681131016,
      0.8522927342211535,
      0.895459030746181,
      0.9710541459991417,
      0.7907212797985621,
      0.9327295214782848,
      0.5230808811557326
    ]
  }
}