{
  "config": {
    "dataset": "acdc",
    "backbone": "dinov3",
    "model_name": "dinov3_vitb16",
    "eval_mode": "logreg",
    "pooling": "cls",
    "embed_dim": 768,
    "best_hyperparam": 0.17782793939113617,
    "hyperparam_name": "C",
    "num_classes": 5,
    "class_names": [
      "NOR",
      "DCM",
      "HCM",
      "MINF",
      "RV"
    ]
  },
  "sweep_results": [
    {
      "param_value": 9.999999974752427e-07,
      "mean_cv_acc": 0.34,
      "std_cv_acc": 0.11135528725660045
    },
    {
      "param_value": 1.7782793975129607e-06,
      "mean_cv_acc": 0.34,
      "std_cv_acc": 0.11135528725660045
    },
    {
      "param_value": 3.1622776077711023e-06,
      "mean_cv_acc": 0.34,
      "std_cv_acc": 0.11135528725660045
    },
    {
      "param_value": 5.6234130170196295e-06,
      "mean_cv_acc": 0.34,
      "std_cv_acc": 0.11135528725660045
    },
    {
      "param_value": 9.999999747378752e-06,
      "mean_cv_acc": 0.34,
      "std_cv_acc": 0.11135528725660045
    },
    {
      "param_value": 1.778279329300858e-05,
      "mean_cv_acc": 0.34,
      "std_cv_acc": 0.11135528725660045
    },
    {
      "param_value": 3.162277789670043e-05,
      "mean_cv_acc": 0.34,
      "std_cv_acc": 0.11135528725660045
    },
    {
      "param_value": 5.62341338081751e-05,
      "mean_cv_acc": 0.35000000000000003,
      "std_cv_acc": 0.11180339887498948
    },
    {
      "param_value": 9.999999747378752e-05,
      "mean_cv_acc": 0.35000000000000003,
      "std_cv_acc": 0.11180339887498948
    },
    {
      "param_value": 0.00017782794020604342,
      "mean_cv_acc": 0.35000000000000003,
      "std_cv_acc": 0.11180339887498948
    },
    {
      "param_value": 0.0003162277571391314,
      "mean_cv_acc": 0.38,
      "std_cv_acc": 0.11661903789690602
    },
    {
      "param_value": 0.000562341301701963,
      "mean_cv_acc": 0.4,
      "std_cv_acc": 0.11832159566199232
    },
    {
      "param_value": 0.0010000000474974513,
      "mean_cv_acc": 0.43000000000000005,
      "std_cv_acc": 0.1268857754044952
    },
    {
      "param_value": 0.0017782794311642647,
      "mean_cv_acc": 0.45,
      "std_cv_acc": 0.15
    },
    {
      "param_value": 0.003162277629598975,
      "mean_cv_acc": 0.43999999999999995,
      "std_cv_acc": 0.16248076809271922
    },
    {
      "param_value": 0.005623413249850273,
      "mean_cv_acc": 0.44000000000000006,
      "std_cv_acc": 0.17999999999999997
    },
    {
      "param_value": 0.009999999776482582,
      "mean_cv_acc": 0.47000000000000003,
      "std_cv_acc": 0.19519221295943134
    },
    {
      "param_value": 0.017782794311642647,
      "mean_cv_acc": 0.47000000000000003,
      "std_cv_acc": 0.19519221295943134
    },
    {
      "param_value": 0.03162277489900589,
      "mean_cv_acc": 0.47000000000000003,
      "std_cv_acc": 0.19519221295943134
    },
    {
      "param_value": 0.05623413249850273,
      "mean_cv_acc": 0.48,
      "std_cv_acc": 0.1777638883463118
    },
    {
      "param_value": 0.10000000149011612,
      "mean_cv_acc": 0.5,
      "std_cv_acc": 0.15491933384829668
    },
    {
      "param_value": 0.17782793939113617,
      "mean_cv_acc": 0.51,
      "std_cv_acc": 0.1445683229480096
    },
    {
      "param_value": 0.3162277638912201,
      "mean_cv_acc": 0.51,
      "std_cv_acc": 0.1445683229480096
    },
    {
      "param_value": 0.5623413324356079,
      "mean_cv_acc": 0.51,
      "std_cv_acc": 0.1445683229480096
    },
    {
      "param_value": 1.0,
      "mean_cv_acc": 0.51,
      "std_cv_acc": 0.1445683229480096
    },
    {
      "param_value": 1.778279423713684,
      "mean_cv_acc": 0.51,
      "std_cv_acc": 0.1445683229480096
    },
    {
      "param_value": 3.1622776985168457,
      "mean_cv_acc": 0.51,
      "std_cv_acc": 0.1445683229480096
    },
    {
      "param_value": 5.6234130859375,
      "mean_cv_acc": 0.5,
      "std_cv_acc": 0.15491933384829668
    },
    {
      "param_value": 10.0,
      "mean_cv_acc": 0.5,
      "std_cv_acc": 0.15491933384829668
    },
    {
      "param_value": 17.782794952392578,
      "mean_cv_acc": 0.5,
      "std_cv_acc": 0.15491933384829668
    },
    {
      "param_value": 31.62277603149414,
      "mean_cv_acc": 0.5,
      "std_cv_acc": 0.15491933384829668
    },
    {
      "param_value": 56.234130859375,
      "mean_cv_acc": 0.5,
      "std_cv_acc": 0.15491933384829668
    },
    {
      "param_value": 100.0,
      "mean_cv_acc": 0.5,
      "std_cv_acc": 0.15491933384829668
    },
    {
      "param_value": 177.82794189453125,
      "mean_cv_acc": 0.5,
      "std_cv_acc": 0.15491933384829668
    },
    {
      "param_value": 316.2277526855469,
      "mean_cv_acc": 0.5,
      "std_cv_acc": 0.15491933384829668
    },
    {
      "param_value": 562.34130859375,
      "mean_cv_acc": 0.5,
      "std_cv_acc": 0.15491933384829668
    },
    {
      "param_value": 1000.0,
      "mean_cv_acc": 0.5,
      "std_cv_acc": 0.15491933384829668
    },
    {
      "param_value": 1778.2794189453125,
      "mean_cv_acc": 0.5,
      "std_cv_acc": 0.15491933384829668
    },
    {
      "param_value": 3162.277587890625,
      "mean_cv_acc": 0.5,
      "std_cv_acc": 0.15491933384829668
    },
    {
      "param_value": 5623.4130859375,
      "mean_cv_acc": 0.5,
      "std_cv_acc": 0.15491933384829668
    },
    {
      "param_value": 10000.0,
      "mean_cv_acc": 0.49000000000000005,
      "std_cv_acc": 0.16999999999999998
    },
    {
      "param_value": 17782.794921875,
      "mean_cv_acc": 0.49000000000000005,
      "std_cv_acc": 0.16999999999999998
    },
    {
      "param_value": 31622.77734375,
      "mean_cv_acc": 0.5,
      "std_cv_acc": 0.16733200530681513
    },
    {
      "param_value": 56234.1328125,
      "mean_cv_acc": 0.5,
      "std_cv_acc": 0.16733200530681513
    },
    {
      "param_value": 100000.0,
      "mean_cv_acc": 0.5,
      "std_cv_acc": 0.16733200530681513
    }
  ],
  "five_way": {
    "accuracy": 0.58,
    "macro_f1": 0.5686041083099906,
    "macro_sensitivity": 0.58,
    "macro_specificity": 0.8949999999999999,
    "per_class_sensitivity": {
      "NOR": 0.3,
      "DCM": 0.5,
      "HCM": 0.5,
      "MINF": 0.9,
      "RV": 0.7
    },
    "per_class_specificity": {
      "NOR": 0.9,
      "DCM": 0.925,
      "HCM": 0.975,
      "MINF": 0.775,
      "RV": 0.9
    },
    "confusion_matrix": [
      [
        3,
        0,
        1,
        2,
        4
      ],
      [
        1,
        5,
        0,
        4,
        0
      ],
      [
        1,
        1,
        5,
        3,
        0
      ],
      [
        0,
        1,
        0,
        9,
        0
      ],
      [
        2,
        1,
        0,
        0,
        7
      ]
    ],
    "classification_report": {
      "NOR": {
        "precision": 0.42857142857142855,
        "recall": 0.3,
        "f1-score": 0.35294117647058826,
        "support": 10.0
      },
      "DCM": {
        "precision": 0.625,
        "recall": 0.5,
        "f1-score": 0.5555555555555556,
        "support": 10.0
      },
      "HCM": {
        "precision": 0.8333333333333334,
        "recall": 0.5,
        "f1-score": 0.625,
        "support": 10.0
      },
      "MINF": {
        "precision": 0.5,
        "recall": 0.9,
        "f1-score": 0.6428571428571429,
        "support": 10.0
      },
      "RV": {
        "precision": 0.6363636363636364,
        "recall": 0.7,
        "f1-score": 0.6666666666666666,
        "support": 10.0
      },
      "accuracy": 0.58,
      "macro avg": {
        "precision": 0.6046536796536797,
        "recall": 0.5800000000000001,
        "f1-score": 0.5686041083099906,
        "support": 50.0
      },
      "weighted avg": {
        "precision": 0.6046536796536797,
        "recall": 0.58,
        "f1-score": 0.5686041083099905,
        "support": 50.0
      }
    },
    "probabilities": [
      [
        0.03458589898622986,
        0.14278400820941192,
        0.001052932539789908,
        0.8195852322638761,
        0.001991928000692154
      ],
      [
        0.17205808436909925,
        0.056954248585202365,
        0.41723019406964806,
        0.004517003481221257,
        0.3492404694948292
      ],
      [
        0.011829026025988077,
        0.0655894637173194,
        0.02248910097552607,
        0.8969133230141874,
        0.003179086266978969
      ],
      [
        0.032988569308311,
        0.0023434158306809613,
        0.9076105523901805,
        0.002645508816689966,
        0.054411953654137805
      ],
      [
        0.0987875946186021,
        0.06381844840619767,
        0.7436874141212251,
        0.026873196340216406,
        0.06683334651375888
      ],
      [
        0.0028494362349852716,
        0.939291135092789,
        0.00012167292103975264,
        0.011065275622318602,
        0.046672480128867315
      ],
      [
        0.19906586290560743,
        0.007818150946909231,
        0.00040322495066144327,
        0.06842543160648606,
        0.7242873295903358
      ],
      [
        0.04399588029532413,
        0.08358870737636795,
        0.10288682550555744,
        0.6719123349120223,
        0.09761625191072822
      ],
      [
        0.9412929263523924,
        0.010900047882485794,
        0.0005187806211574089,
        0.04071407859881846,
        0.006574166545146107
      ],
      [
        0.4492427298472316,
        0.0012760773546912133,
        0.002981849207616014,
        0.39781504939773016,
        0.14868429419273113
      ],
      [
        0.14970294973989945,
        0.004349186422679045,
        0.5753458278293501,
        0.2700650035554216,
        0.0005370324526498213
      ],
      [
        0.008272466578488697,
        0.15539810556777706,
        0.005370573907384565,
        0.767105225921491,
        0.06385362802485862
      ],
      [
        0.011861498188686695,
        0.29614421422890447,
        0.0012610702851823371,
        0.6843722357075364,
        0.006360981589690143
      ],
      [
        0.03445212167397601,
        0.020983626488230343,
        0.09699833590239398,
        0.5841284890489835,
        0.2634374268864163
      ],
      [
        0.08359575191219967,
        0.7555091009094286,
        0.04232816762601201,
        0.08919293333837498,
        0.02937404621398479
      ],
      [
        0.04827706907172605,
        0.035917868250553785,
        0.16149247850839857,
        0.6894103199574273,
        0.06490226421189434
      ],
      [
        0.03240478296094559,
        0.31541115506362266,
        0.0012440165772501714,
        0.6418129520017747,
        0.009127093396406898
      ],
      [
        0.00912907645735583,
        0.01012913407678127,
        0.0026729242592541166,
        0.9733557408094312,
        0.004713124397177673
      ],
      [
        0.002157251549788464,
        0.0038297674213823634,
        0.0001949389502552287,
        0.00015442022168239526,
        0.9936636218568915
      ],
      [
        0.08042597050562673,
        0.03968440562714512,
        0.06700704020443342,
        0.7915580425886426,
        0.021324541074152156
      ],
      [
        0.6053018164350387,
        0.03346671329628747,
        0.0010290322632103643,
        0.13949694900023502,
        0.22070548900522827
      ],
      [
        0.0008537885999974299,
        0.8836028623435277,
        0.0008627538370628963,
        0.03734930003703179,
        0.07733129518238006
      ],
      [
        0.39918198565600466,
        0.023948234636028132,
        0.011283058799878676,
        0.5437652065241034,
        0.021821514383985
      ],
      [
        0.11882397776213363,
        0.0003235491151346025,
        0.0039437794252722164,
        0.00886287938729214,
        0.8680458143101675
      ],
      [
        0.5866234597935932,
        0.003552597787165038,
        0.0020041683387807424,
        0.0071174532878423204,
        0.40070232079261875
      ],
      [
        0.008684842532336198,
        0.004075688804617377,
        0.027409466801688,
        0.010813423873315348,
        0.9490165779880431
      ],
      [
        0.004497432928143841,
        0.0129367406108592,
        0.005481144800547029,
        0.0035077045385394075,
        0.9735769771219106
      ],
      [
        0.33301300125526667,
        0.058905836426342034,
        0.01898748805037388,
        0.020435640354590286,
        0.5686580339134273
      ],
      [
        0.00036451060326104194,
        0.001737206822945046,
        0.0001770507201658302,
        0.0003348486091903329,
        0.9973863832444377
      ],
      [
        0.17481925416918873,
        0.04237749983746368,
        0.0008480577669869746,
        0.7619680095343198,
        0.019987178692040763
      ],
      [
        0.7348816892951325,
        0.22662452435315464,
        0.00011106483182958992,
        0.03340521396681387,
        0.004977507553069131
      ],
      [
        0.02549865817878521,
        0.9500120797464292,
        0.0006408903762909078,
        0.020055573600890525,
        0.003792798097604155
      ],
      [
        0.009162726814964045,
        0.6910839817755806,
        0.0003069352982365739,
        0.27793919776067755,
        0.02150715835054116
      ],
      [
        0.8766418317107937,
        0.025178643545731964,
        0.05189842416008342,
        0.0031430548684224886,
        0.04313804571496857
      ],
      [
        0.007538171988753567,
        0.14512791183904206,
        0.0001950412028147372,
        0.8220455522348858,
        0.025093322734503702
      ],
      [
        0.057712565772421266,
        0.3244210101723735,
        0.004915726478458899,
        0.572280598328195,
        0.040670099248551424
      ],
      [
        0.12010251962411612,
        0.07687674311007171,
        0.026855246514683396,
        0.6333322505984924,
        0.14283324015263638
      ],
      [
        0.003653129099142551,
        0.00657620012642678,
        0.6342634898790058,
        0.35127522481682893,
        0.0042319560785960995
      ],
      [
        0.0812071222664751,
        0.08095163016300784,
        0.043033902035272346,
        0.023436703206063142,
        0.7713706423291816
      ],
      [
        0.001102883375106652,
        0.06343326301023659,
        0.003030959092297222,
        0.0005116756732007288,
        0.9319212188491588
      ],
      [
        0.005457913690505609,
        0.3639893399705105,
        0.0010554806745319122,
        0.026537508070402737,
        0.6029597575940492
      ],
      [
        0.017227711465236367,
        0.030646626327638187,
        0.9424807220280906,
        0.002509695182768423,
        0.007135244996266413
      ],
      [
        0.002826368259597166,
        0.022060997947619336,
        0.0009657478554059357,
        0.9732015319395281,
        0.0009453539978495263
      ],
      [
        0.9618913672291379,
        0.009382293247585322,
        0.02826274136771873,
        7.728961417589762e-05,
        0.0003863085413821448
      ],
      [
        0.08732331761887166,
        0.061328513182197626,
        0.2326168625672743,
        0.5038161094647899,
        0.11491519716686646
      ],
      [
        0.013171602551261381,
        0.47051784353631887,
        0.026624620028308586,
        0.3986459159451397,
        0.09104001793897126
      ],
      [
        0.03788811793466871,
        0.45895508864912665,
        0.003648194184507342,
        0.238278993707889,
        0.26122960552380814
      ],
      [
        0.07389693375972173,
        0.07841294043429811,
        0.0719105668194451,
        0.5486233309120551,
        0.22715622807447997
      ],
      [
        0.18621243393319561,
        0.7822209745841052,
        0.020475091745684387,
        0.0037861287809545646,
        0.007305370956060301
      ],
      [
        0.026458563606333994,
        8.550460567018345e-05,
        0.012910886320671024,
        0.00040905808813145847,
        0.9601359873791934
      ]
    ],
    "predictions": [
      3,
      2,
      3,
      2,
      2,
      1,
      4,
      3,
      0,
      0,
      2,
      3,
      3,
      3,
      1,
      3,
      3,
      3,
      4,
      3,
      0,
      1,
      3,
      4,
      0,
      4,
      4,
      4,
      4,
      3,
      0,
      1,
      1,
      0,
      3,
      3,
      3,
      2,
      4,
      4,
      4,
      2,
      3,
      0,
      3,
      1,
      1,
      3,
      1,
      4
    ],
    "true_labels": [
      1,
      0,
      3,
      2,
      2,
      1,
      0,
      2,
      4,
      0,
      2,
      3,
      1,
      2,
      3,
      2,
      1,
      3,
      4,
      3,
      4,
      1,
      0,
      4,
      0,
      4,
      4,
      0,
      4,
      0,
      1,
      1,
      1,
      2,
      3,
      1,
      3,
      2,
      0,
      4,
      4,
      2,
      3,
      0,
      3,
      2,
      4,
      3,
      1,
      0
    ],
    "patient_ids": [
      "patient101",
      "patient102",
      "patient103",
      "patient104",
      "patient105",
      "patient106",
      "patient107",
      "patient108",
      "patient109",
      "patient110",
      "patient111",
      "patient112",
      "patient113",
      "patient114",
      "patient115",
      "patient116",
      "patient117",
      "patient118",
      "patient119",
      "patient120",
      "patient121",
      "patient122",
      "patient123",
      "patient124",
      "patient125",
      "patient126",
      "patient127",
      "patient128",
      "patient129",
      "patient130",
      "patient131",
      "patient132",
      "patient133",
      "patient134",
      "patient135",
      "patient136",
      "patient137",
      "patient138",
      "patient139",
      "patient140",
      "patient141",
      "patient142",
      "patient143",
      "patient144",
      "patient145",
      "patient146",
      "patient147",
      "patient148",
      "patient149",
      "patient150"
    ]
  },
  "roc_auc": {
    "macro_auc": 0.9019999999999999,
    "per_class_auc": {
      "NOR": 0.845,
      "DCM": 0.9425,
      "HCM": 0.9525,
      "MINF": 0.8975,
      "RV": 0.8725
    }
  },
  "binary": {
    "accuracy": 0.76,
    "f1": 0.8571428571428571,
    "sensitivity": 0.9,
    "specificity": 0.2,
    "roc_auc": 0.845,
    "binary_labels": [
      1,
      0,
      1,
      1,
      1,
      1,
      0,
      1,
      1,
      0,
      1,
      1,
      1,
      1,
      1,
      1,
      1,
      1,
      1,
      1,
      1,
      1,
      0,
      1,
      0,
      1,
      1,
      0,
      1,
      0,
      1,
      1,
      1,
      1,
      1,
      1,
      1,
      1,
      0,
      1,
      1,
      1,
      1,
      0,
      1,
      1,
      1,
      1,
      1,
      0
    ],
    "binary_probs": [
      0.9654141010137701,
      0.8279419156309007,
      0.9881709739740119,
      0.967011430691689,
      0.9012124053813979,
      0.9971505637650148,
      0.8009341370943925,
      0.9560041197046759,
      0.05870707364760763,
      0.5507572701527683,
      0.8502970502601006,
      0.9917275334215113,
      0.9881385018113134,
      0.965547878326024,
      0.9164042480878003,
      0.951722930928274,
      0.9675952170390544,
      0.9908709235426442,
      0.9978427484502115,
      0.9195740294943733,
      0.39469818356496134,
      0.9991462114000026,
      0.6008180143439954,
      0.8811760222378664,
      0.4133765402064068,
      0.9913151574676639,
      0.9955025670718561,
      0.6669869987447333,
      0.999635489396739,
      0.8251807458308112,
      0.26511831070486747,
      0.9745013418212148,
      0.990837273185036,
      0.12335816828920632,
      0.9924618280112464,
      0.9422874342275788,
      0.8798974803758839,
      0.9963468709008575,
      0.9187928777335249,
      0.9988971166248933,
      0.9945420863094944,
      0.9827722885347636,
      0.9971736317404029,
      0.03810863277086207,
      0.9126766823811283,
      0.9868283974487386,
      0.9621118820653313,
      0.9261030662402783,
      0.8137875660668044,
      0.973541436393666
    ]
  }
}