{
  "config": {
    "dataset": "acdc",
    "backbone": "dinov3",
    "model_name": "dinov3_vitl16",
    "eval_mode": "logreg",
    "pooling": "cls",
    "embed_dim": 1024,
    "best_hyperparam": 0.003162277629598975,
    "hyperparam_name": "C",
    "num_classes": 5,
    "class_names": [
      "NOR",
      "DCM",
      "HCM",
      "MINF",
      "RV"
    ]
  },
  "sweep_results": [
    {
      "param_value": 9.999999974752427e-07,
      "mean_cv_acc": 0.31,
      "std_cv_acc": 0.15132745950421556
    },
    {
      "param_value": 1.7782793975129607e-06,
      "mean_cv_acc": 0.31,
      "std_cv_acc": 0.15132745950421556
    },
    {
      "param_value": 3.1622776077711023e-06,
      "mean_cv_acc": 0.32,
      "std_cv_acc": 0.16
    },
    {
      "param_value": 5.6234130170196295e-06,
      "mean_cv_acc": 0.33,
      "std_cv_acc": 0.16155494421403513
    },
    {
      "param_value": 9.999999747378752e-06,
      "mean_cv_acc": 0.33,
      "std_cv_acc": 0.16155494421403513
    },
    {
      "param_value": 1.778279329300858e-05,
      "mean_cv_acc": 0.34,
      "std_cv_acc": 0.15620499351813308
    },
    {
      "param_value": 3.162277789670043e-05,
      "mean_cv_acc": 0.34,
      "std_cv_acc": 0.15620499351813308
    },
    {
      "param_value": 5.62341338081751e-05,
      "mean_cv_acc": 0.36,
      "std_cv_acc": 0.13564659966250536
    },
    {
      "param_value": 9.999999747378752e-05,
      "mean_cv_acc": 0.35,
      "std_cv_acc": 0.12845232578665128
    },
    {
      "param_value": 0.00017782794020604342,
      "mean_cv_acc": 0.38,
      "std_cv_acc": 0.10770329614269007
    },
    {
      "param_value": 0.0003162277571391314,
      "mean_cv_acc": 0.4,
      "std_cv_acc": 0.10954451150103323
    },
    {
      "param_value": 0.000562341301701963,
      "mean_cv_acc": 0.45,
      "std_cv_acc": 0.1746424919657298
    },
    {
      "param_value": 0.0010000000474974513,
      "mean_cv_acc": 0.47000000000000003,
      "std_cv_acc": 0.16155494421403513
    },
    {
      "param_value": 0.0017782794311642647,
      "mean_cv_acc": 0.51,
      "std_cv_acc": 0.13747727084867517
    },
    {
      "param_value": 0.003162277629598975,
      "mean_cv_acc": 0.53,
      "std_cv_acc": 0.14177446878757824
    },
    {
      "param_value": 0.005623413249850273,
      "mean_cv_acc": 0.53,
      "std_cv_acc": 0.14177446878757824
    },
    {
      "param_value": 0.009999999776482582,
      "mean_cv_acc": 0.5199999999999999,
      "std_cv_acc": 0.15362291495737215
    },
    {
      "param_value": 0.017782794311642647,
      "mean_cv_acc": 0.51,
      "std_cv_acc": 0.17
    },
    {
      "param_value": 0.03162277489900589,
      "mean_cv_acc": 0.5,
      "std_cv_acc": 0.16733200530681513
    },
    {
      "param_value": 0.05623413249850273,
      "mean_cv_acc": 0.51,
      "std_cv_acc": 0.16401219466856726
    },
    {
      "param_value": 0.10000000149011612,
      "mean_cv_acc": 0.5,
      "std_cv_acc": 0.1673320053068151
    },
    {
      "param_value": 0.17782793939113617,
      "mean_cv_acc": 0.49000000000000005,
      "std_cv_acc": 0.17578395831246946
    },
    {
      "param_value": 0.3162277638912201,
      "mean_cv_acc": 0.49000000000000005,
      "std_cv_acc": 0.19723082923316018
    },
    {
      "param_value": 0.5623413324356079,
      "mean_cv_acc": 0.49000000000000005,
      "std_cv_acc": 0.19723082923316018
    },
    {
      "param_value": 1.0,
      "mean_cv_acc": 0.4800000000000001,
      "std_cv_acc": 0.1777638883463118
    },
    {
      "param_value": 1.778279423713684,
      "mean_cv_acc": 0.4800000000000001,
      "std_cv_acc": 0.1777638883463118
    },
    {
      "param_value": 3.1622776985168457,
      "mean_cv_acc": 0.49000000000000005,
      "std_cv_acc": 0.18138357147217055
    },
    {
      "param_value": 5.6234130859375,
      "mean_cv_acc": 0.49000000000000005,
      "std_cv_acc": 0.18138357147217055
    },
    {
      "param_value": 10.0,
      "mean_cv_acc": 0.49000000000000005,
      "std_cv_acc": 0.18138357147217055
    },
    {
      "param_value": 17.782794952392578,
      "mean_cv_acc": 0.49000000000000005,
      "std_cv_acc": 0.18138357147217055
    },
    {
      "param_value": 31.62277603149414,
      "mean_cv_acc": 0.48,
      "std_cv_acc": 0.18330302779823363
    },
    {
      "param_value": 56.234130859375,
      "mean_cv_acc": 0.49000000000000005,
      "std_cv_acc": 0.18138357147217055
    },
    {
      "param_value": 100.0,
      "mean_cv_acc": 0.49000000000000005,
      "std_cv_acc": 0.18138357147217055
    },
    {
      "param_value": 177.82794189453125,
      "mean_cv_acc": 0.49000000000000005,
      "std_cv_acc": 0.18138357147217055
    },
    {
      "param_value": 316.2277526855469,
      "mean_cv_acc": 0.49000000000000005,
      "std_cv_acc": 0.18138357147217055
    },
    {
      "param_value": 562.34130859375,
      "mean_cv_acc": 0.49000000000000005,
      "std_cv_acc": 0.18138357147217055
    },
    {
      "param_value": 1000.0,
      "mean_cv_acc": 0.49000000000000005,
      "std_cv_acc": 0.18138357147217055
    },
    {
      "param_value": 1778.2794189453125,
      "mean_cv_acc": 0.5,
      "std_cv_acc": 0.17320508075688773
    },
    {
      "param_value": 3162.277587890625,
      "mean_cv_acc": 0.5,
      "std_cv_acc": 0.17320508075688773
    },
    {
      "param_value": 5623.4130859375,
      "mean_cv_acc": 0.5,
      "std_cv_acc": 0.17320508075688773
    },
    {
      "param_value": 10000.0,
      "mean_cv_acc": 0.5,
      "std_cv_acc": 0.17320508075688773
    },
    {
      "param_value": 17782.794921875,
      "mean_cv_acc": 0.51,
      "std_cv_acc": 0.16401219466856723
    },
    {
      "param_value": 31622.77734375,
      "mean_cv_acc": 0.51,
      "std_cv_acc": 0.16401219466856723
    },
    {
      "param_value": 56234.1328125,
      "mean_cv_acc": 0.51,
      "std_cv_acc": 0.16401219466856723
    },
    {
      "param_value": 100000.0,
      "mean_cv_acc": 0.51,
      "std_cv_acc": 0.16401219466856723
    }
  ],
  "five_way": {
    "accuracy": 0.52,
    "macro_f1": 0.5117683749941814,
    "macro_sensitivity": 0.52,
    "macro_specificity": 0.8800000000000001,
    "per_class_sensitivity": {
      "NOR": 0.4,
      "DCM": 0.4,
      "HCM": 0.3,
      "MINF": 0.8,
      "RV": 0.7
    },
    "per_class_specificity": {
      "NOR": 0.9,
      "DCM": 0.975,
      "HCM": 0.975,
      "MINF": 0.675,
      "RV": 0.875
    },
    "confusion_matrix": [
      [
        4,
        0,
        0,
        3,
        3
      ],
      [
        1,
        4,
        0,
        5,
        0
      ],
      [
        2,
        1,
        3,
        3,
        1
      ],
      [
        0,
        0,
        1,
        8,
        1
      ],
      [
        1,
        0,
        0,
        2,
        7
      ]
    ],
    "classification_report": {
      "NOR": {
        "precision": 0.5,
        "recall": 0.4,
        "f1-score": 0.4444444444444444,
        "support": 10.0
      },
      "DCM": {
        "precision": 0.8,
        "recall": 0.4,
        "f1-score": 0.5333333333333333,
        "support": 10.0
      },
      "HCM": {
        "precision": 0.75,
        "recall": 0.3,
        "f1-score": 0.42857142857142855,
        "support": 10.0
      },
      "MINF": {
        "precision": 0.38095238095238093,
        "recall": 0.8,
        "f1-score": 0.5161290322580645,
        "support": 10.0
      },
      "RV": {
        "precision": 0.5833333333333334,
        "recall": 0.7,
        "f1-score": 0.6363636363636364,
        "support": 10.0
      },
      "accuracy": 0.52,
      "macro avg": {
        "precision": 0.6028571428571429,
        "recall": 0.52,
        "f1-score": 0.5117683749941814,
        "support": 50.0
      },
      "weighted avg": {
        "precision": 0.6028571428571429,
        "recall": 0.52,
        "f1-score": 0.5117683749941814,
        "support": 50.0
      }
    },
    "probabilities": [
      [
        0.3864860235793571,
        0.09663649786908941,
        0.05912472781408373,
        0.42459459973275115,
        0.03315815100471875
      ],
      [
        0.4009517965505495,
        0.06961286080239837,
        0.1194129062147002,
        0.05878674153195987,
        0.35123569490039197
      ],
      [
        0.3324944318320274,
        0.15357385113377442,
        0.05274433797564432,
        0.413840916579158,
        0.047346462479395966
      ],
      [
        0.2646946868788679,
        0.039272717084449946,
        0.5745439112217591,
        0.06733440629751562,
        0.05415427851740747
      ],
      [
        0.30994906073053846,
        0.08754862547703743,
        0.16481983967163222,
        0.17345122520312575,
        0.26423124891766625
      ],
      [
        0.16498736139132567,
        0.4001781127780963,
        0.029854980334702203,
        0.24601687814427206,
        0.15896266735160383
      ],
      [
        0.27756802340118203,
        0.022449223421218578,
        0.018752491710946215,
        0.1458407792176726,
        0.5353894822489805
      ],
      [
        0.3546917783583513,
        0.040933896209236605,
        0.1119648653200879,
        0.4418859782731147,
        0.050523481839209544
      ],
      [
        0.5177404177258507,
        0.0934772364036504,
        0.04468608077481504,
        0.2364012344476809,
        0.1076950306480029
      ],
      [
        0.38827547232703175,
        0.03215779044431466,
        0.07521354511311976,
        0.32289857179863385,
        0.1814546203169
      ],
      [
        0.3166414464036087,
        0.08774715892490632,
        0.41801481208964075,
        0.17347017808461335,
        0.004126404497230886
      ],
      [
        0.12495201665881199,
        0.1407661455821517,
        0.048380631263290834,
        0.6142461288840056,
        0.07165507761173975
      ],
      [
        0.04776071170214079,
        0.2729066584733822,
        0.01983438353504308,
        0.6035801150154047,
        0.05591813127402934
      ],
      [
        0.08684383866259446,
        0.10265025934348201,
        0.05299746598198021,
        0.3226392874163877,
        0.4348691485955556
      ],
      [
        0.23730538726215178,
        0.20516572520629112,
        0.049493758952719305,
        0.3372263427652395,
        0.1708087858135983
      ],
      [
        0.1766298930118429,
        0.12738759325232987,
        0.154554832715589,
        0.3307652227950266,
        0.21066245822521162
      ],
      [
        0.2853031694127268,
        0.2565388220616645,
        0.02475078041899609,
        0.3805390311457486,
        0.05286819696086391
      ],
      [
        0.08693257113778499,
        0.08821613043625656,
        0.04724181447543001,
        0.6451657535032898,
        0.13244373044723862
      ],
      [
        0.023009788615736236,
        0.0896192952147976,
        0.059298349715518554,
        0.02942741712208375,
        0.7986451493318638
      ],
      [
        0.12011879226765451,
        0.041395317887887965,
        0.4569183240191752,
        0.36068941389281745,
        0.020878151932464954
      ],
      [
        0.277861322028444,
        0.13341949623862448,
        0.017868210809084524,
        0.3964379524729962,
        0.1744130184508509
      ],
      [
        0.0883081003273048,
        0.5645417550296757,
        0.034795455944357505,
        0.13345710825144627,
        0.17889758044721574
      ],
      [
        0.3045385210378604,
        0.011563905090281983,
        0.061960457525611606,
        0.5867954922911593,
        0.03514162405508664
      ],
      [
        0.2459023459816574,
        0.021293157910149785,
        0.07969804314820876,
        0.08168831692693498,
        0.5714181360330491
      ],
      [
        0.2553830713620416,
        0.09650423893165587,
        0.027217567232040628,
        0.06230838095095495,
        0.558586741523307
      ],
      [
        0.01970241720706931,
        0.008920542251917692,
        0.03126004450514529,
        0.054114912526943705,
        0.886002083508924
      ],
      [
        0.022570518959527688,
        0.08603567301592571,
        0.11505926450496047,
        0.03159333043116722,
        0.7447412130884189
      ],
      [
        0.18955101154013354,
        0.061008151850034165,
        0.066945697324283,
        0.36506241219274854,
        0.3174327270928007
      ],
      [
        0.05288427940512974,
        0.12819017370855668,
        0.025342074241516008,
        0.03399313212873306,
        0.7595903405160646
      ],
      [
        0.33566537482859526,
        0.038841728540573474,
        0.009176934843318442,
        0.5200776893025297,
        0.09623827248498311
      ],
      [
        0.08262279636332134,
        0.7547537794790657,
        0.04391604548100425,
        0.05822440646927309,
        0.060482972207335554
      ],
      [
        0.4421937059040177,
        0.1341177034557242,
        0.08828301884291664,
        0.15694979682099194,
        0.17845577497634946
      ],
      [
        0.10313886614194423,
        0.21708512252832596,
        0.030816118568134956,
        0.5928658139382053,
        0.05609407882338963
      ],
      [
        0.4190112718049335,
        0.09249129423672196,
        0.32538243329073957,
        0.08189171214750748,
        0.0812232885200974
      ],
      [
        0.08975318992547912,
        0.1228366202155109,
        0.0404263627065045,
        0.70964922752316,
        0.037334599629345586
      ],
      [
        0.1641858501598239,
        0.29571660938767624,
        0.08460146084011982,
        0.3232780318949057,
        0.1322180477174741
      ],
      [
        0.35842453561782184,
        0.04316910622941743,
        0.04084253562809164,
        0.36565369905874595,
        0.19191012346592304
      ],
      [
        0.16590961261960363,
        0.07420145700649075,
        0.24732840325346891,
        0.4453027114787524,
        0.06725781564168441
      ],
      [
        0.25153194105791776,
        0.1931570932414916,
        0.1292762640591772,
        0.09686004347243088,
        0.32917465816898256
      ],
      [
        0.029043822712377,
        0.17751969248421468,
        0.08012945187824255,
        0.03365728886972432,
        0.6796497440554415
      ],
      [
        0.05243910075055204,
        0.2188560930775938,
        0.02931066709539216,
        0.1334557960470398,
        0.5659383430294221
      ],
      [
        0.22206059328485764,
        0.13092880744363514,
        0.5081135393569447,
        0.12226294993741646,
        0.016634109977146042
      ],
      [
        0.16854266716578908,
        0.028965349249586343,
        0.059962667395007684,
        0.7045438035728583,
        0.03798551261675855
      ],
      [
        0.5826832810662476,
        0.1367331538817354,
        0.2453316288357398,
        0.020126965030458806,
        0.015124971185818481
      ],
      [
        0.2412625264677829,
        0.14995371111118014,
        0.20514431233531816,
        0.26117007111660845,
        0.14246937896911033
      ],
      [
        0.09033029620303511,
        0.26761388229620103,
        0.196556036183838,
        0.18103900354022354,
        0.2644607817767024
      ],
      [
        0.030004751891349928,
        0.11768163931069735,
        0.05379857659852219,
        0.5647620221435459,
        0.23375301005588453
      ],
      [
        0.1479371271496658,
        0.15890260357138006,
        0.1743665263411598,
        0.16683576706256537,
        0.3519579758752289
      ],
      [
        0.04846041958979572,
        0.7419537264726873,
        0.11662101506414546,
        0.07050131298076238,
        0.02246352589260908
      ],
      [
        0.5122545217391461,
        0.01748132915736323,
        0.09540217253450148,
        0.08774602992298727,
        0.287115946646002
      ]
    ],
    "predictions": [
      3,
      0,
      3,
      2,
      0,
      1,
      4,
      3,
      0,
      0,
      2,
      3,
      3,
      4,
      3,
      3,
      3,
      3,
      4,
      2,
      3,
      1,
      3,
      4,
      4,
      4,
      4,
      3,
      4,
      3,
      1,
      0,
      3,
      0,
      3,
      3,
      3,
      3,
      4,
      4,
      4,
      2,
      3,
      0,
      3,
      1,
      3,
      4,
      1,
      0
    ],
    "true_labels": [
      1,
      0,
      3,
      2,
      2,
      1,
      0,
      2,
      4,
      0,
      2,
      3,
      1,
      2,
      3,
      2,
      1,
      3,
      4,
      3,
      4,
      1,
      0,
      4,
      0,
      4,
      4,
      0,
      4,
      0,
      1,
      1,
      1,
      2,
      3,
      1,
      3,
      2,
      0,
      4,
      4,
      2,
      3,
      0,
      3,
      2,
      4,
      3,
      1,
      0
    ],
    "patient_ids": [
      "patient101",
      "patient102",
      "patient103",
      "patient104",
      "patient105",
      "patient106",
      "patient107",
      "patient108",
      "patient109",
      "patient110",
      "patient111",
      "patient112",
      "patient113",
      "patient114",
      "patient115",
      "patient116",
      "patient117",
      "patient118",
      "patient119",
      "patient120",
      "patient121",
      "patient122",
      "patient123",
      "patient124",
      "patient125",
      "patient126",
      "patient127",
      "patient128",
      "patient129",
      "patient130",
      "patient131",
      "patient132",
      "patient133",
      "patient134",
      "patient135",
      "patient136",
      "patient137",
      "patient138",
      "patient139",
      "patient140",
      "patient141",
      "patient142",
      "patient143",
      "patient144",
      "patient145",
      "patient146",
      "patient147",
      "patient148",
      "patient149",
      "patient150"
    ]
  },
  "roc_auc": {
    "macro_auc": 0.8674999999999999,
    "per_class_auc": {
      "NOR": 0.8174999999999999,
      "DCM": 0.9249999999999999,
      "HCM": 0.895,
      "MINF": 0.8125,
      "RV": 0.8875
    }
  },
  "binary": {
    "accuracy": 0.82,
    "f1": 0.896551724137931,
    "sensitivity": 0.975,
    "specificity": 0.2,
    "roc_auc": 0.8175,
    "binary_labels": [
      1,
      0,
      1,
      1,
      1,
      1,
      0,
      1,
      1,
      0,
      1,
      1,
      1,
      1,
      1,
      1,
      1,
      1,
      1,
      1,
      1,
      1,
      0,
      1,
      0,
      1,
      1,
      0,
      1,
      0,
      1,
      1,
      1,
      1,
      1,
      1,
      1,
      1,
      0,
      1,
      1,
      1,
      1,
      0,
      1,
      1,
      1,
      1,
      1,
      0
    ],
    "binary_probs": [
      0.613513976420643,
      0.5990482034494504,
      0.6675055681679726,
      0.7353053131211321,
      0.6900509392694616,
      0.8350126386086744,
      0.722431976598818,
      0.6453082216416487,
      0.48225958227414933,
      0.6117245276729683,
      0.6833585535963913,
      0.875047983341188,
      0.9522392882978592,
      0.9131561613374055,
      0.7626946127378482,
      0.8233701069881572,
      0.7146968305872732,
      0.913067428862215,
      0.9769902113842638,
      0.8798812077323455,
      0.722138677971556,
      0.9116918996726953,
      0.6954614789621396,
      0.7540976540183426,
      0.7446169286379585,
      0.9802975827929307,
      0.9774294810404723,
      0.8104489884598665,
      0.9471157205948703,
      0.6643346251714047,
      0.9173772036366786,
      0.5578062940959823,
      0.8968611338580558,
      0.5809887281950665,
      0.9102468100745209,
      0.8358141498401761,
      0.6415754643821782,
      0.8340903873803964,
      0.7484680589420822,
      0.970956177287623,
      0.947560899249448,
      0.7779394067151424,
      0.831457332834211,
      0.41731671893375244,
      0.7587374735322171,
      0.9096697037969649,
      0.9699952481086501,
      0.8520628728503342,
      0.9515395804102043,
      0.4877454782608539
    ]
  }
}