{
  "config": {
    "backbone": "dinov3",
    "model_name": "dinov3_vitl16",
    "eval_mode": "logreg",
    "freeze_backbone": true,
    "pooling": "cls",
    "embed_dim": 1024,
    "best_hyperparam": 0.003162277629598975,
    "hyperparam_name": "C"
  },
  "sweep_results": [
    {
      "param_value": 9.999999974752427e-07,
      "mean_cv_acc": 0.31,
      "std_cv_acc": 0.15132745950421556
    },
    {
      "param_value": 1.7782793975129607e-06,
      "mean_cv_acc": 0.31,
      "std_cv_acc": 0.15132745950421556
    },
    {
      "param_value": 3.1622776077711023e-06,
      "mean_cv_acc": 0.32,
      "std_cv_acc": 0.16
    },
    {
      "param_value": 5.6234130170196295e-06,
      "mean_cv_acc": 0.33,
      "std_cv_acc": 0.16155494421403513
    },
    {
      "param_value": 9.999999747378752e-06,
      "mean_cv_acc": 0.33,
      "std_cv_acc": 0.16155494421403513
    },
    {
      "param_value": 1.778279329300858e-05,
      "mean_cv_acc": 0.34,
      "std_cv_acc": 0.15620499351813308
    },
    {
      "param_value": 3.162277789670043e-05,
      "mean_cv_acc": 0.34,
      "std_cv_acc": 0.15620499351813308
    },
    {
      "param_value": 5.62341338081751e-05,
      "mean_cv_acc": 0.36,
      "std_cv_acc": 0.13564659966250536
    },
    {
      "param_value": 9.999999747378752e-05,
      "mean_cv_acc": 0.35,
      "std_cv_acc": 0.12845232578665128
    },
    {
      "param_value": 0.00017782794020604342,
      "mean_cv_acc": 0.38,
      "std_cv_acc": 0.10770329614269007
    },
    {
      "param_value": 0.0003162277571391314,
      "mean_cv_acc": 0.4,
      "std_cv_acc": 0.10954451150103323
    },
    {
      "param_value": 0.000562341301701963,
      "mean_cv_acc": 0.45,
      "std_cv_acc": 0.1746424919657298
    },
    {
      "param_value": 0.0010000000474974513,
      "mean_cv_acc": 0.47000000000000003,
      "std_cv_acc": 0.16155494421403513
    },
    {
      "param_value": 0.0017782794311642647,
      "mean_cv_acc": 0.51,
      "std_cv_acc": 0.13747727084867517
    },
    {
      "param_value": 0.003162277629598975,
      "mean_cv_acc": 0.53,
      "std_cv_acc": 0.14177446878757824
    },
    {
      "param_value": 0.005623413249850273,
      "mean_cv_acc": 0.53,
      "std_cv_acc": 0.14177446878757824
    },
    {
      "param_value": 0.009999999776482582,
      "mean_cv_acc": 0.5199999999999999,
      "std_cv_acc": 0.15362291495737215
    },
    {
      "param_value": 0.017782794311642647,
      "mean_cv_acc": 0.51,
      "std_cv_acc": 0.17
    },
    {
      "param_value": 0.03162277489900589,
      "mean_cv_acc": 0.5,
      "std_cv_acc": 0.16733200530681513
    },
    {
      "param_value": 0.05623413249850273,
      "mean_cv_acc": 0.51,
      "std_cv_acc": 0.16401219466856726
    },
    {
      "param_value": 0.10000000149011612,
      "mean_cv_acc": 0.5,
      "std_cv_acc": 0.1673320053068151
    },
    {
      "param_value": 0.17782793939113617,
      "mean_cv_acc": 0.49000000000000005,
      "std_cv_acc": 0.17578395831246946
    },
    {
      "param_value": 0.3162277638912201,
      "mean_cv_acc": 0.49000000000000005,
      "std_cv_acc": 0.19723082923316018
    },
    {
      "param_value": 0.5623413324356079,
      "mean_cv_acc": 0.49000000000000005,
      "std_cv_acc": 0.19723082923316018
    },
    {
      "param_value": 1.0,
      "mean_cv_acc": 0.4800000000000001,
      "std_cv_acc": 0.1777638883463118
    },
    {
      "param_value": 1.778279423713684,
      "mean_cv_acc": 0.4800000000000001,
      "std_cv_acc": 0.1777638883463118
    },
    {
      "param_value": 3.1622776985168457,
      "mean_cv_acc": 0.49000000000000005,
      "std_cv_acc": 0.18138357147217055
    },
    {
      "param_value": 5.6234130859375,
      "mean_cv_acc": 0.49000000000000005,
      "std_cv_acc": 0.18138357147217055
    },
    {
      "param_value": 10.0,
      "mean_cv_acc": 0.49000000000000005,
      "std_cv_acc": 0.18138357147217055
    },
    {
      "param_value": 17.782794952392578,
      "mean_cv_acc": 0.49000000000000005,
      "std_cv_acc": 0.18138357147217055
    },
    {
      "param_value": 31.62277603149414,
      "mean_cv_acc": 0.48,
      "std_cv_acc": 0.18330302779823363
    },
    {
      "param_value": 56.234130859375,
      "mean_cv_acc": 0.49000000000000005,
      "std_cv_acc": 0.18138357147217055
    },
    {
      "param_value": 100.0,
      "mean_cv_acc": 0.49000000000000005,
      "std_cv_acc": 0.18138357147217055
    },
    {
      "param_value": 177.82794189453125,
      "mean_cv_acc": 0.49000000000000005,
      "std_cv_acc": 0.18138357147217055
    },
    {
      "param_value": 316.2277526855469,
      "mean_cv_acc": 0.49000000000000005,
      "std_cv_acc": 0.18138357147217055
    },
    {
      "param_value": 562.34130859375,
      "mean_cv_acc": 0.49000000000000005,
      "std_cv_acc": 0.18138357147217055
    },
    {
      "param_value": 1000.0,
      "mean_cv_acc": 0.49000000000000005,
      "std_cv_acc": 0.18138357147217055
    },
    {
      "param_value": 1778.2794189453125,
      "mean_cv_acc": 0.5,
      "std_cv_acc": 0.17320508075688773
    },
    {
      "param_value": 3162.277587890625,
      "mean_cv_acc": 0.5,
      "std_cv_acc": 0.17320508075688773
    },
    {
      "param_value": 5623.4130859375,
      "mean_cv_acc": 0.5,
      "std_cv_acc": 0.17320508075688773
    },
    {
      "param_value": 10000.0,
      "mean_cv_acc": 0.5,
      "std_cv_acc": 0.17320508075688773
    },
    {
      "param_value": 17782.794921875,
      "mean_cv_acc": 0.51,
      "std_cv_acc": 0.16401219466856723
    },
    {
      "param_value": 31622.77734375,
      "mean_cv_acc": 0.51,
      "std_cv_acc": 0.16401219466856723
    },
    {
      "param_value": 56234.1328125,
      "mean_cv_acc": 0.51,
      "std_cv_acc": 0.16401219466856723
    },
    {
      "param_value": 100000.0,
      "mean_cv_acc": 0.51,
      "std_cv_acc": 0.16401219466856723
    }
  ],
  "five_way": {
    "accuracy": 0.52,
    "macro_f1": 0.5117683749941814,
    "macro_sensitivity": 0.52,
    "macro_specificity": 0.8800000000000001,
    "per_class_sensitivity": {
      "NOR": 0.4,
      "DCM": 0.4,
      "HCM": 0.3,
      "MINF": 0.8,
      "RV": 0.7
    },
    "per_class_specificity": {
      "NOR": 0.9,
      "DCM": 0.975,
      "HCM": 0.975,
      "MINF": 0.675,
      "RV": 0.875
    },
    "confusion_matrix": [
      [
        4,
        0,
        0,
        3,
        3
      ],
      [
        1,
        4,
        0,
        5,
        0
      ],
      [
        2,
        1,
        3,
        3,
        1
      ],
      [
        0,
        0,
        1,
        8,
        1
      ],
      [
        1,
        0,
        0,
        2,
        7
      ]
    ],
    "classification_report": {
      "NOR": {
        "precision": 0.5,
        "recall": 0.4,
        "f1-score": 0.4444444444444444,
        "support": 10.0
      },
      "DCM": {
        "precision": 0.8,
        "recall": 0.4,
        "f1-score": 0.5333333333333333,
        "support": 10.0
      },
      "HCM": {
        "precision": 0.75,
        "recall": 0.3,
        "f1-score": 0.42857142857142855,
        "support": 10.0
      },
      "MINF": {
        "precision": 0.38095238095238093,
        "recall": 0.8,
        "f1-score": 0.5161290322580645,
        "support": 10.0
      },
      "RV": {
        "precision": 0.5833333333333334,
        "recall": 0.7,
        "f1-score": 0.6363636363636364,
        "support": 10.0
      },
      "accuracy": 0.52,
      "macro avg": {
        "precision": 0.6028571428571429,
        "recall": 0.52,
        "f1-score": 0.5117683749941814,
        "support": 50.0
      },
      "weighted avg": {
        "precision": 0.6028571428571429,
        "recall": 0.52,
        "f1-score": 0.5117683749941814,
        "support": 50.0
      }
    },
    "probabilities": [
      [
        0.3864854459086953,
        0.09663671930989308,
        0.0591247051137212,
        0.42459481333439414,
        0.03315831633329635
      ],
      [
        0.40095156537026827,
        0.0696128249439304,
        0.11941302953797661,
        0.05878677482655403,
        0.35123580532127074
      ],
      [
        0.3324944366529417,
        0.15357404168852282,
        0.05274444328601171,
        0.4138406884352911,
        0.04734638993723273
      ],
      [
        0.2646950591450349,
        0.039272743410962686,
        0.5745434529753967,
        0.067334344561123,
        0.05415439990748279
      ],
      [
        0.30994946149046115,
        0.087548510018244,
        0.16481991628368695,
        0.17345095258014673,
        0.26423115962746124
      ],
      [
        0.16498722843635322,
        0.4001785241627698,
        0.02985499912732742,
        0.24601674620927302,
        0.15896250206427662
      ],
      [
        0.27756785331106204,
        0.022449232810718468,
        0.01875251126323453,
        0.14584068849318918,
        0.5353897141217957
      ],
      [
        0.3546921679167402,
        0.04093396122840056,
        0.11196483807196171,
        0.4418854773289843,
        0.050523555453913335
      ],
      [
        0.5177402986463548,
        0.09347716290870359,
        0.044686101533708625,
        0.23640128919841213,
        0.10769514771282085
      ],
      [
        0.38827599701711757,
        0.03215777901924724,
        0.07521347598798812,
        0.3228982702848207,
        0.1814544776908263
      ],
      [
        0.3166414219491773,
        0.08774695479605453,
        0.4180156111691186,
        0.17346960527998342,
        0.004126406805666251
      ],
      [
        0.12495228244125803,
        0.14076630745040428,
        0.048380680955158524,
        0.614245422534754,
        0.0716553066184251
      ],
      [
        0.04776061357111502,
        0.27290649483242996,
        0.019834410982266716,
        0.6035802406438637,
        0.05591823997032453
      ],
      [
        0.08684360438840352,
        0.10264994437836163,
        0.052997486050811206,
        0.32263959162831346,
        0.4348693735541102
      ],
      [
        0.23730535911365883,
        0.20516597986823162,
        0.04949379474456597,
        0.33722607980672975,
        0.1708087864668139
      ],
      [
        0.17662973216193129,
        0.12738748688741086,
        0.15455501894943954,
        0.33076481272380426,
        0.21066294927741402
      ],
      [
        0.2853032533755405,
        0.25653886748818105,
        0.024750827025096768,
        0.3805388015078912,
        0.05286825060329048
      ],
      [
        0.08693241804607524,
        0.0882161859476964,
        0.047241938336407316,
        0.6451658726649363,
        0.13244358500488476
      ],
      [
        0.023009729243981585,
        0.08961913186461959,
        0.05929837981977632,
        0.02942744574104495,
        0.7986453133305775
      ],
      [
        0.12011896000421252,
        0.04139532909448325,
        0.45691741311176154,
        0.36069004758165835,
        0.020878250207884395
      ],
      [
        0.27786137033545,
        0.13341937617653965,
        0.0178682615571431,
        0.3964379042104903,
        0.174413087720377
      ],
      [
        0.08830806719105208,
        0.5645418722580972,
        0.03479545245031641,
        0.1334570982633999,
        0.17889750983713462
      ],
      [
        0.30453871373910535,
        0.011563893566673759,
        0.06196044118766809,
        0.5867952384888147,
        0.03514171301773802
      ],
      [
        0.2459024107681132,
        0.021293147569905288,
        0.07969784577347805,
        0.08168840506737944,
        0.571418190821124
      ],
      [
        0.25538200000731287,
        0.09650418618013093,
        0.027217583498176927,
        0.06230820180803222,
        0.5585880285063471
      ],
      [
        0.019702448418244464,
        0.00892056573950789,
        0.0312601121252632,
        0.05411512663614445,
        0.88600174708084
      ],
      [
        0.022570429609952536,
        0.08603551635961061,
        0.1150588833550426,
        0.03159338558396237,
        0.7447417850914319
      ],
      [
        0.189551004895371,
        0.061008082988032036,
        0.06694591270948723,
        0.36506187213717994,
        0.31743312726992967
      ],
      [
        0.0528842243183384,
        0.1281905509989133,
        0.02534211450658829,
        0.03399323416891995,
        0.75958987600724
      ],
      [
        0.3356647670577798,
        0.03884182854092059,
        0.009176939871218395,
        0.5200776930365413,
        0.09623877149353985
      ],
      [
        0.08262288714057121,
        0.754753162573241,
        0.04391621244027555,
        0.058224561996930546,
        0.060483175848981684
      ],
      [
        0.4421945661028645,
        0.13411731007517574,
        0.0882829538174188,
        0.1569494568616397,
        0.17845571314290126
      ],
      [
        0.10313893004679853,
        0.21708538085341397,
        0.030816188319804205,
        0.5928652033703475,
        0.05609429740963561
      ],
      [
        0.41901160490530454,
        0.09249116911011239,
        0.3253821443041742,
        0.08189169098230042,
        0.08122339069810845
      ],
      [
        0.08975325782787534,
        0.12283642160252264,
        0.04042629887017819,
        0.7096494343677411,
        0.03733458733168287
      ],
      [
        0.16418554194343044,
        0.2957158597550829,
        0.08460148690372238,
        0.3232786520060934,
        0.13221845939167093
      ],
      [
        0.35842532860597,
        0.04316903557879012,
        0.04084242275892346,
        0.3656535356556969,
        0.19190967740061948
      ],
      [
        0.1659096008593459,
        0.07420114255502022,
        0.24732875241066438,
        0.44530292651729453,
        0.06725757765767502
      ],
      [
        0.25153170767306937,
        0.19315698084269034,
        0.12927601779731948,
        0.09686013518992598,
        0.32917515849699475
      ],
      [
        0.029043752267404556,
        0.17751970025325295,
        0.08012948248175786,
        0.033657332573322825,
        0.6796497324242619
      ],
      [
        0.052439026527993954,
        0.2188558959355676,
        0.029310719775557766,
        0.13345599015309634,
        0.5659383676077844
      ],
      [
        0.2220609720399069,
        0.13092859890089237,
        0.5081136509182902,
        0.12226263806337333,
        0.0166341400775372
      ],
      [
        0.16854305082845486,
        0.02896536160481019,
        0.05996268960774521,
        0.7045432792282029,
        0.03798561873078685
      ],
      [
        0.5826830356198401,
        0.13673312713630387,
        0.24533191552932407,
        0.020126949330712945,
        0.015124972383819076
      ],
      [
        0.24126281618284748,
        0.1499534607561494,
        0.205144480037551,
        0.26116960577611587,
        0.14246963724733616
      ],
      [
        0.09033024240336249,
        0.2676139395467384,
        0.19655624618305237,
        0.1810386823118333,
        0.26446088955501335
      ],
      [
        0.030004635788050803,
        0.1176813987989461,
        0.053798518138826974,
        0.5647623854875548,
        0.23375306178662142
      ],
      [
        0.14793691765190511,
        0.1589027278034327,
        0.17436671478766966,
        0.16683591925098554,
        0.3519577205060071
      ],
      [
        0.048460487477058875,
        0.7419527631843367,
        0.11662151536607726,
        0.07050165352415391,
        0.022463580448373422
      ],
      [
        0.5122540245073919,
        0.017481361191319482,
        0.09540198331567416,
        0.0877459787879819,
        0.2871166521976325
      ]
    ],
    "predictions": [
      3,
      0,
      3,
      2,
      0,
      1,
      4,
      3,
      0,
      0,
      2,
      3,
      3,
      4,
      3,
      3,
      3,
      3,
      4,
      2,
      3,
      1,
      3,
      4,
      4,
      4,
      4,
      3,
      4,
      3,
      1,
      0,
      3,
      0,
      3,
      3,
      3,
      3,
      4,
      4,
      4,
      2,
      3,
      0,
      3,
      1,
      3,
      4,
      1,
      0
    ],
    "true_labels": [
      1,
      0,
      3,
      2,
      2,
      1,
      0,
      2,
      4,
      0,
      2,
      3,
      1,
      2,
      3,
      2,
      1,
      3,
      4,
      3,
      4,
      1,
      0,
      4,
      0,
      4,
      4,
      0,
      4,
      0,
      1,
      1,
      1,
      2,
      3,
      1,
      3,
      2,
      0,
      4,
      4,
      2,
      3,
      0,
      3,
      2,
      4,
      3,
      1,
      0
    ],
    "patient_ids": [
      "patient101",
      "patient102",
      "patient103",
      "patient104",
      "patient105",
      "patient106",
      "patient107",
      "patient108",
      "patient109",
      "patient110",
      "patient111",
      "patient112",
      "patient113",
      "patient114",
      "patient115",
      "patient116",
      "patient117",
      "patient118",
      "patient119",
      "patient120",
      "patient121",
      "patient122",
      "patient123",
      "patient124",
      "patient125",
      "patient126",
      "patient127",
      "patient128",
      "patient129",
      "patient130",
      "patient131",
      "patient132",
      "patient133",
      "patient134",
      "patient135",
      "patient136",
      "patient137",
      "patient138",
      "patient139",
      "patient140",
      "patient141",
      "patient142",
      "patient143",
      "patient144",
      "patient145",
      "patient146",
      "patient147",
      "patient148",
      "patient149",
      "patient150"
    ]
  },
  "roc_auc": {
    "macro_auc": 0.8674999999999999,
    "per_class_auc": {
      "NOR": 0.8174999999999999,
      "DCM": 0.9249999999999999,
      "HCM": 0.895,
      "MINF": 0.8125,
      "RV": 0.8875
    }
  },
  "binary": {
    "accuracy": 0.82,
    "f1": 0.896551724137931,
    "sensitivity": 0.975,
    "specificity": 0.2,
    "roc_auc": 0.8175,
    "binary_labels": [
      1,
      0,
      1,
      1,
      1,
      1,
      0,
      1,
      1,
      0,
      1,
      1,
      1,
      1,
      1,
      1,
      1,
      1,
      1,
      1,
      1,
      1,
      0,
      1,
      0,
      1,
      1,
      0,
      1,
      0,
      1,
      1,
      1,
      1,
      1,
      1,
      1,
      1,
      0,
      1,
      1,
      1,
      1,
      0,
      1,
      1,
      1,
      1,
      1,
      0
    ],
    "binary_probs": [
      0.6135145540913047,
      0.5990484346297318,
      0.6675055633470584,
      0.7353049408549651,
      0.6900505385095388,
      0.8350127715636468,
      0.722432146688938,
      0.6453078320832598,
      0.48225970135364515,
      0.6117240029828824,
      0.6833585780508227,
      0.875047717558742,
      0.952239386428885,
      0.9131563956115964,
      0.7626946408863412,
      0.8233702678380688,
      0.7146967466244595,
      0.9130675819539248,
      0.9769902707560184,
      0.8798810399957875,
      0.72213862966455,
      0.9116919328089479,
      0.6954612862608947,
      0.7540975892318869,
      0.7446179999926872,
      0.9802975515817556,
      0.9774295703900475,
      0.810448995104629,
      0.9471157756816616,
      0.6643352329422202,
      0.9173771128594288,
      0.5578054338971354,
      0.8968610699532015,
      0.5809883950946955,
      0.9102467421721246,
      0.8358144580565696,
      0.64157467139403,
      0.8340903991406541,
      0.7484682923269306,
      0.9709562477325955,
      0.9475609734720061,
      0.7779390279600931,
      0.8314569491715451,
      0.41731696438015986,
      0.7587371838171525,
      0.9096697575966375,
      0.9699953642119492,
      0.8520630823480949,
      0.9515395125229411,
      0.4877459754926081
    ]
  }
}
