{
  "config": {
    "dataset": "acdc",
    "backbone": "dinov3",
    "model_name": "dinov3_vits16",
    "eval_mode": "logreg",
    "pooling": "cls",
    "embed_dim": 384,
    "best_hyperparam": 562.34130859375,
    "hyperparam_name": "C",
    "num_classes": 5,
    "class_names": [
      "NOR",
      "DCM",
      "HCM",
      "MINF",
      "RV"
    ]
  },
  "sweep_results": [
    {
      "param_value": 9.999999974752427e-07,
      "mean_cv_acc": 0.4,
      "std_cv_acc": 0.09999999999999999
    },
    {
      "param_value": 1.7782793975129607e-06,
      "mean_cv_acc": 0.4,
      "std_cv_acc": 0.09999999999999999
    },
    {
      "param_value": 3.1622776077711023e-06,
      "mean_cv_acc": 0.4,
      "std_cv_acc": 0.09999999999999999
    },
    {
      "param_value": 5.6234130170196295e-06,
      "mean_cv_acc": 0.4,
      "std_cv_acc": 0.09999999999999999
    },
    {
      "param_value": 9.999999747378752e-06,
      "mean_cv_acc": 0.4,
      "std_cv_acc": 0.09999999999999999
    },
    {
      "param_value": 1.778279329300858e-05,
      "mean_cv_acc": 0.4,
      "std_cv_acc": 0.09999999999999999
    },
    {
      "param_value": 3.162277789670043e-05,
      "mean_cv_acc": 0.41000000000000003,
      "std_cv_acc": 0.1044030650891055
    },
    {
      "param_value": 5.62341338081751e-05,
      "mean_cv_acc": 0.42000000000000004,
      "std_cv_acc": 0.10770329614269007
    },
    {
      "param_value": 9.999999747378752e-05,
      "mean_cv_acc": 0.41000000000000003,
      "std_cv_acc": 0.12206555615733701
    },
    {
      "param_value": 0.00017782794020604342,
      "mean_cv_acc": 0.42000000000000004,
      "std_cv_acc": 0.132664991614216
    },
    {
      "param_value": 0.0003162277571391314,
      "mean_cv_acc": 0.42000000000000004,
      "std_cv_acc": 0.132664991614216
    },
    {
      "param_value": 0.000562341301701963,
      "mean_cv_acc": 0.43,
      "std_cv_acc": 0.15524174696260024
    },
    {
      "param_value": 0.0010000000474974513,
      "mean_cv_acc": 0.4800000000000001,
      "std_cv_acc": 0.16613247725836147
    },
    {
      "param_value": 0.0017782794311642647,
      "mean_cv_acc": 0.5000000000000001,
      "std_cv_acc": 0.1673320053068151
    },
    {
      "param_value": 0.003162277629598975,
      "mean_cv_acc": 0.52,
      "std_cv_acc": 0.1661324772583615
    },
    {
      "param_value": 0.005623413249850273,
      "mean_cv_acc": 0.55,
      "std_cv_acc": 0.16881943016134132
    },
    {
      "param_value": 0.009999999776482582,
      "mean_cv_acc": 0.5399999999999999,
      "std_cv_acc": 0.2009975124224178
    },
    {
      "param_value": 0.017782794311642647,
      "mean_cv_acc": 0.5399999999999999,
      "std_cv_acc": 0.2009975124224178
    },
    {
      "param_value": 0.03162277489900589,
      "mean_cv_acc": 0.5599999999999999,
      "std_cv_acc": 0.1907878402833891
    },
    {
      "param_value": 0.05623413249850273,
      "mean_cv_acc": 0.5599999999999999,
      "std_cv_acc": 0.1907878402833891
    },
    {
      "param_value": 0.10000000149011612,
      "mean_cv_acc": 0.5700000000000001,
      "std_cv_acc": 0.19519221295943134
    },
    {
      "param_value": 0.17782793939113617,
      "mean_cv_acc": 0.5900000000000001,
      "std_cv_acc": 0.1972308292331602
    },
    {
      "param_value": 0.3162277638912201,
      "mean_cv_acc": 0.5900000000000001,
      "std_cv_acc": 0.1972308292331602
    },
    {
      "param_value": 0.5623413324356079,
      "mean_cv_acc": 0.58,
      "std_cv_acc": 0.2227105745132009
    },
    {
      "param_value": 1.0,
      "mean_cv_acc": 0.58,
      "std_cv_acc": 0.2227105745132009
    },
    {
      "param_value": 1.778279423713684,
      "mean_cv_acc": 0.5900000000000001,
      "std_cv_acc": 0.22561028345356957
    },
    {
      "param_value": 3.1622776985168457,
      "mean_cv_acc": 0.5900000000000001,
      "std_cv_acc": 0.22561028345356957
    },
    {
      "param_value": 5.6234130859375,
      "mean_cv_acc": 0.5900000000000001,
      "std_cv_acc": 0.22561028345356957
    },
    {
      "param_value": 10.0,
      "mean_cv_acc": 0.5900000000000001,
      "std_cv_acc": 0.22561028345356957
    },
    {
      "param_value": 17.782794952392578,
      "mean_cv_acc": 0.5900000000000001,
      "std_cv_acc": 0.22561028345356957
    },
    {
      "param_value": 31.62277603149414,
      "mean_cv_acc": 0.5900000000000001,
      "std_cv_acc": 0.22561028345356957
    },
    {
      "param_value": 56.234130859375,
      "mean_cv_acc": 0.5900000000000001,
      "std_cv_acc": 0.22561028345356957
    },
    {
      "param_value": 100.0,
      "mean_cv_acc": 0.5900000000000001,
      "std_cv_acc": 0.22561028345356957
    },
    {
      "param_value": 177.82794189453125,
      "mean_cv_acc": 0.5900000000000001,
      "std_cv_acc": 0.22561028345356957
    },
    {
      "param_value": 316.2277526855469,
      "mean_cv_acc": 0.5900000000000001,
      "std_cv_acc": 0.22561028345356957
    },
    {
      "param_value": 562.34130859375,
      "mean_cv_acc": 0.6,
      "std_cv_acc": 0.2
    },
    {
      "param_value": 1000.0,
      "mean_cv_acc": 0.6,
      "std_cv_acc": 0.2
    },
    {
      "param_value": 1778.2794189453125,
      "mean_cv_acc": 0.6,
      "std_cv_acc": 0.2
    },
    {
      "param_value": 3162.277587890625,
      "mean_cv_acc": 0.6,
      "std_cv_acc": 0.2
    },
    {
      "param_value": 5623.4130859375,
      "mean_cv_acc": 0.6,
      "std_cv_acc": 0.2
    },
    {
      "param_value": 10000.0,
      "mean_cv_acc": 0.6,
      "std_cv_acc": 0.2
    },
    {
      "param_value": 17782.794921875,
      "mean_cv_acc": 0.6,
      "std_cv_acc": 0.2
    },
    {
      "param_value": 31622.77734375,
      "mean_cv_acc": 0.6,
      "std_cv_acc": 0.2
    },
    {
      "param_value": 56234.1328125,
      "mean_cv_acc": 0.6,
      "std_cv_acc": 0.2
    },
    {
      "param_value": 100000.0,
      "mean_cv_acc": 0.6,
      "std_cv_acc": 0.2
    }
  ],
  "five_way": {
    "accuracy": 0.5,
    "macro_f1": 0.49757085020242914,
    "macro_sensitivity": 0.5,
    "macro_specificity": 0.875,
    "per_class_sensitivity": {
      "NOR": 0.3,
      "DCM": 0.5,
      "HCM": 0.4,
      "MINF": 0.6,
      "RV": 0.7
    },
    "per_class_specificity": {
      "NOR": 0.875,
      "DCM": 0.9,
      "HCM": 0.95,
      "MINF": 0.75,
      "RV": 0.9
    },
    "confusion_matrix": [
      [
        3,
        0,
        1,
        3,
        3
      ],
      [
        0,
        5,
        0,
        4,
        1
      ],
      [
        2,
        1,
        4,
        3,
        0
      ],
      [
        0,
        3,
        1,
        6,
        0
      ],
      [
        3,
        0,
        0,
        0,
        7
      ]
    ],
    "classification_report": {
      "NOR": {
        "precision": 0.375,
        "recall": 0.3,
        "f1-score": 0.3333333333333333,
        "support": 10.0
      },
      "DCM": {
        "precision": 0.5555555555555556,
        "recall": 0.5,
        "f1-score": 0.5263157894736842,
        "support": 10.0
      },
      "HCM": {
        "precision": 0.6666666666666666,
        "recall": 0.4,
        "f1-score": 0.5,
        "support": 10.0
      },
      "MINF": {
        "precision": 0.375,
        "recall": 0.6,
        "f1-score": 0.46153846153846156,
        "support": 10.0
      },
      "RV": {
        "precision": 0.6363636363636364,
        "recall": 0.7,
        "f1-score": 0.6666666666666666,
        "support": 10.0
      },
      "accuracy": 0.5,
      "macro avg": {
        "precision": 0.5217171717171717,
        "recall": 0.5,
        "f1-score": 0.49757085020242914,
        "support": 50.0
      },
      "weighted avg": {
        "precision": 0.5217171717171717,
        "recall": 0.5,
        "f1-score": 0.49757085020242914,
        "support": 50.0
      }
    },
    "probabilities": [
      [
        0.00014441708976211553,
        0.010253964306615623,
        2.4587709532445716e-07,
        0.9896007937240943,
        5.790024325135921e-07
      ],
      [
        0.008168543338425167,
        0.004601280009298619,
        0.8870374644237299,
        0.0004058028907765264,
        0.09978690933776989
      ],
      [
        0.00026545733849017694,
        0.00877968293426818,
        0.0028400280751570395,
        0.9881146415161917,
        1.9013589293566685e-07
      ],
      [
        0.030821693237350067,
        0.00020562915276080206,
        0.8012993891359933,
        0.00010448667199511625,
        0.1675688018019007
      ],
      [
        0.2461499448263704,
        0.012165458619999013,
        0.7005419909524637,
        0.0004961689216565551,
        0.04064643667951031
      ],
      [
        0.09915514161014632,
        0.3215420604144645,
        2.97476752269792e-06,
        0.0006804390603403381,
        0.5786193841475262
      ],
      [
        0.41665919932539,
        3.623142281443351e-05,
        1.680308684106061e-06,
        0.5802036684424253,
        0.0030992205006861884
      ],
      [
        0.008815333925031045,
        0.03187283450325012,
        0.6573496460160413,
        0.30018673506574683,
        0.0017754504899307334
      ],
      [
        0.9999992022441444,
        1.362350355401745e-07,
        1.1919775265030085e-11,
        6.531834735758149e-07,
        8.325426626290801e-09
      ],
      [
        0.1610672282748911,
        0.0012554093448058452,
        4.251844176946158e-06,
        0.43475361747524655,
        0.40291949306087954
      ],
      [
        0.9652398233604442,
        7.386341229185152e-08,
        0.00021718575594165305,
        0.03454291626718391,
        7.530178351755943e-10
      ],
      [
        0.024049034400453456,
        0.007287543922566909,
        2.1185715322551594e-05,
        0.9684075221640775,
        0.0002347137975796327
      ],
      [
        1.2536180457164865e-05,
        0.07407636619694095,
        4.344334127832282e-08,
        0.9259108877853763,
        1.663938841528517e-07
      ],
      [
        0.007608352829653151,
        0.0014027496231081545,
        0.003242060698764755,
        0.9767820180594151,
        0.01096481878905883
      ],
      [
        0.0002702098316485059,
        0.42988449971377246,
        0.0005353288729199247,
        0.2893094622958921,
        0.280000499285767
      ],
      [
        9.887655795303903e-05,
        0.056735870876200876,
        0.226854164413089,
        0.7151825418133861,
        0.0011285463393710792
      ],
      [
        1.5988758773941052e-07,
        1.2511583130368514e-05,
        1.224918243156575e-13,
        0.9999873113913228,
        1.713783663516519e-08
      ],
      [
        1.2229735245050767e-05,
        9.431571673689342e-06,
        4.006093305959909e-06,
        0.99996297586724,
        1.1356732535269637e-05
      ],
      [
        1.2637445394103843e-07,
        1.3106115142045903e-05,
        4.1449287309065825e-07,
        1.1988982343358128e-11,
        0.999986353005542
      ],
      [
        0.3479086211833008,
        2.921326014284146e-05,
        0.25772880373230617,
        0.37545337690992053,
        0.018879984914329653
      ],
      [
        0.9701255703799593,
        1.8722684673941942e-06,
        2.7314665511280372e-08,
        0.02983004662680851,
        4.2483410099168396e-05
      ],
      [
        1.434710211798973e-07,
        0.9711495281000168,
        1.8799425293274161e-07,
        0.02828039313671231,
        0.0005697472979968757
      ],
      [
        0.13920622379222747,
        9.43089310511904e-07,
        1.0910751537959029e-05,
        0.8605427588311195,
        0.00023916353580466797
      ],
      [
        0.946470307683619,
        5.167905984549363e-07,
        0.0009558079114343669,
        0.00032355286445502813,
        0.05224981474989325
      ],
      [
        0.13639245661369387,
        1.281924661860464e-06,
        0.0006551117827429165,
        0.0012382130156317129,
        0.8617129366632698
      ],
      [
        7.179401568864044e-12,
        7.790125918703213e-08,
        7.380444270969631e-07,
        6.984992092226511e-06,
        0.9999921990550421
      ],
      [
        2.2128926157576587e-06,
        0.0009235032407563276,
        0.0016541090199883796,
        1.5291193426901722e-06,
        0.9974186457272969
      ],
      [
        0.9982147766393362,
        0.0002028672930891481,
        0.00015447540670725552,
        6.76400970773053e-05,
        0.0013602405637901252
      ],
      [
        4.903724603853169e-12,
        1.3648509857176922e-08,
        7.677097563982324e-09,
        6.498363108403558e-10,
        0.9999999780196525
      ],
      [
        0.9469071042227692,
        0.0017448712382492984,
        6.064752836723765e-07,
        0.04370023498651252,
        0.00764718307718518
      ],
      [
        0.014709455888306506,
        0.984850176181775,
        5.013823044385359e-09,
        0.00042198302504302024,
        1.8379891052224015e-05
      ],
      [
        0.06141881473067101,
        0.935454268948833,
        1.8263652896679454e-06,
        0.0031131740439816528,
        1.1915911224736976e-05
      ],
      [
        0.002179854507822957,
        0.9977181492350019,
        1.617178798808427e-08,
        9.163538193804185e-05,
        1.0344703449043735e-05
      ],
      [
        0.8427161614687627,
        0.014438093129577539,
        0.11335576201489089,
        4.4015939326086964e-06,
        0.029485581792836345
      ],
      [
        0.0002201978122661037,
        0.010229411921820508,
        2.6104977966609647e-06,
        0.9889717193085416,
        0.000576060459574964
      ],
      [
        6.009354225585375e-06,
        0.010501573129832327,
        2.7299418460204957e-09,
        0.9894923812761575,
        3.3509842878170014e-08
      ],
      [
        0.0007532454401714826,
        0.9565282006390485,
        0.0004258430342009999,
        0.03524118430365911,
        0.0070515265829197765
      ],
      [
        9.680349469677421e-05,
        0.00017369418753351946,
        0.011154245628191036,
        0.9885749076713474,
        3.4901823137569344e-07
      ],
      [
        0.00044371606866521645,
        0.009573320169178655,
        3.739159352602819e-05,
        4.875913987541378e-05,
        0.9898968130287547
      ],
      [
        5.872051566052461e-10,
        0.07310972167331986,
        1.326353893762669e-06,
        3.763157967101712e-09,
        0.9268889476224232
      ],
      [
        2.1185947429362216e-07,
        0.473378967666741,
        1.977586463635677e-06,
        1.4681210545426687e-05,
        0.5266041616767757
      ],
      [
        0.01771822538686556,
        0.00015389615836469076,
        0.9799681488220982,
        0.002122257502065804,
        3.7472130605864444e-05
      ],
      [
        7.660717369183173e-08,
        4.997673376929394e-07,
        1.9680571417086603e-09,
        0.9999994126549224,
        9.002508942725194e-09
      ],
      [
        0.9995076316377101,
        1.1550147098704513e-06,
        0.00048684945669369136,
        5.971329104281041e-09,
        4.357919557203024e-06
      ],
      [
        0.000610257776806505,
        0.0032477844483001974,
        0.7250459887027668,
        0.24639744985989606,
        0.024698519212230513
      ],
      [
        8.81899256608586e-06,
        0.9885762067481547,
        0.0006222011588130812,
        0.00839033357736136,
        0.0024024395231047237
      ],
      [
        7.500634437018792e-06,
        0.005467883988147655,
        2.0938497500613876e-09,
        0.0006172353689445978,
        0.9939073779146209
      ],
      [
        0.00013638494765936404,
        0.8087795548925212,
        0.00010333899067559214,
        0.18589298512849856,
        0.0050877360406450965
      ],
      [
        0.0020437377606987326,
        0.9969952086236635,
        3.3649176064935705e-07,
        0.0006916833888309192,
        0.000269033735046203
      ],
      [
        8.501367223439056e-08,
        2.4549767709865127e-08,
        5.609511308062615e-05,
        9.123559723131326e-09,
        0.9999437861999199
      ]
    ],
    "predictions": [
      3,
      2,
      3,
      2,
      2,
      4,
      3,
      2,
      0,
      3,
      0,
      3,
      3,
      3,
      1,
      3,
      3,
      3,
      4,
      3,
      0,
      1,
      3,
      0,
      4,
      4,
      4,
      0,
      4,
      0,
      1,
      1,
      1,
      0,
      3,
      3,
      1,
      3,
      4,
      4,
      4,
      2,
      3,
      0,
      2,
      1,
      4,
      1,
      1,
      4
    ],
    "true_labels": [
      1,
      0,
      3,
      2,
      2,
      1,
      0,
      2,
      4,
      0,
      2,
      3,
      1,
      2,
      3,
      2,
      1,
      3,
      4,
      3,
      4,
      1,
      0,
      4,
      0,
      4,
      4,
      0,
      4,
      0,
      1,
      1,
      1,
      2,
      3,
      1,
      3,
      2,
      0,
      4,
      4,
      2,
      3,
      0,
      3,
      2,
      4,
      3,
      1,
      0
    ],
    "patient_ids": [
      "patient101",
      "patient102",
      "patient103",
      "patient104",
      "patient105",
      "patient106",
      "patient107",
      "patient108",
      "patient109",
      "patient110",
      "patient111",
      "patient112",
      "patient113",
      "patient114",
      "patient115",
      "patient116",
      "patient117",
      "patient118",
      "patient119",
      "patient120",
      "patient121",
      "patient122",
      "patient123",
      "patient124",
      "patient125",
      "patient126",
      "patient127",
      "patient128",
      "patient129",
      "patient130",
      "patient131",
      "patient132",
      "patient133",
      "patient134",
      "patient135",
      "patient136",
      "patient137",
      "patient138",
      "patient139",
      "patient140",
      "patient141",
      "patient142",
      "patient143",
      "patient144",
      "patient145",
      "patient146",
      "patient147",
      "patient148",
      "patient149",
      "patient150"
    ]
  },
  "roc_auc": {
    "macro_auc": 0.8275,
    "per_class_auc": {
      "NOR": 0.75,
      "DCM": 0.845,
      "HCM": 0.915,
      "MINF": 0.8300000000000001,
      "RV": 0.7975
    }
  },
  "binary": {
    "accuracy": 0.76,
    "f1": 0.8536585365853658,
    "sensitivity": 0.875,
    "specificity": 0.3,
    "roc_auc": 0.75,
    "binary_labels": [
      1,
      0,
      1,
      1,
      1,
      1,
      0,
      1,
      1,
      0,
      1,
      1,
      1,
      1,
      1,
      1,
      1,
      1,
      1,
      1,
      1,
      1,
      0,
      1,
      0,
      1,
      1,
      0,
      1,
      0,
      1,
      1,
      1,
      1,
      1,
      1,
      1,
      1,
      0,
      1,
      1,
      1,
      1,
      0,
      1,
      1,
      1,
      1,
      1,
      0
    ],
    "binary_probs": [
      0.9998555829102379,
      0.9918314566615748,
      0.9997345426615099,
      0.9691783067626499,
      0.7538500551736296,
      0.9008448583898536,
      0.58334080067461,
      0.9911846660749689,
      7.977558555971598e-07,
      0.8389327717251089,
      0.03476017663955577,
      0.9759509655995465,
      0.9999874638195428,
      0.9923916471703469,
      0.9997297901683515,
      0.999901123442047,
      0.9999998401124123,
      0.9999877702647549,
      0.9999998736255461,
      0.6520913788166992,
      0.02987442962004072,
      0.9999998565289788,
      0.8607937762077725,
      0.05352969231638105,
      0.8636075433863062,
      0.9999999999928206,
      0.9999977871073843,
      0.001785223360663779,
      0.9999999999950963,
      0.05309289577723075,
      0.9852905441116935,
      0.938581185269329,
      0.997820145492177,
      0.15728383853123729,
      0.9997798021877339,
      0.9999939906457744,
      0.9992467545598285,
      0.9999031965053032,
      0.9995562839313348,
      0.9999999994127948,
      0.9999997881405257,
      0.9822817746131345,
      0.9999999233928263,
      0.0004923683622899411,
      0.9993897422231935,
      0.9999911810074339,
      0.999992499365563,
      0.9998636150523407,
      0.9979562622393012,
      0.9999999149863278
    ]
  }
}