{
  "config": {
    "backbone": "dinov3",
    "model_name": "dinov3_vit7b16",
    "eval_mode": "logreg",
    "freeze_backbone": true,
    "pooling": "cls",
    "embed_dim": 4096,
    "best_hyperparam": 0.3162277638912201,
    "hyperparam_name": "C"
  },
  "sweep_results": [
    {
      "param_value": 9.999999974752427e-07,
      "mean_cv_acc": 0.32,
      "std_cv_acc": 0.10770329614269009
    },
    {
      "param_value": 1.7782793975129607e-06,
      "mean_cv_acc": 0.32,
      "std_cv_acc": 0.10770329614269009
    },
    {
      "param_value": 3.1622776077711023e-06,
      "mean_cv_acc": 0.32999999999999996,
      "std_cv_acc": 0.11000000000000001
    },
    {
      "param_value": 5.6234130170196295e-06,
      "mean_cv_acc": 0.33999999999999997,
      "std_cv_acc": 0.128062484748657
    },
    {
      "param_value": 9.999999747378752e-06,
      "mean_cv_acc": 0.33999999999999997,
      "std_cv_acc": 0.128062484748657
    },
    {
      "param_value": 1.778279329300858e-05,
      "mean_cv_acc": 0.33999999999999997,
      "std_cv_acc": 0.128062484748657
    },
    {
      "param_value": 3.162277789670043e-05,
      "mean_cv_acc": 0.37,
      "std_cv_acc": 0.14177446878757824
    },
    {
      "param_value": 5.62341338081751e-05,
      "mean_cv_acc": 0.38,
      "std_cv_acc": 0.13999999999999999
    },
    {
      "param_value": 9.999999747378752e-05,
      "mean_cv_acc": 0.4,
      "std_cv_acc": 0.1341640786499874
    },
    {
      "param_value": 0.00017782794020604342,
      "mean_cv_acc": 0.4,
      "std_cv_acc": 0.1341640786499874
    },
    {
      "param_value": 0.0003162277571391314,
      "mean_cv_acc": 0.45,
      "std_cv_acc": 0.16278820596099702
    },
    {
      "param_value": 0.000562341301701963,
      "mean_cv_acc": 0.48,
      "std_cv_acc": 0.14696938456699069
    },
    {
      "param_value": 0.0010000000474974513,
      "mean_cv_acc": 0.51,
      "std_cv_acc": 0.14456832294800961
    },
    {
      "param_value": 0.0017782794311642647,
      "mean_cv_acc": 0.5199999999999999,
      "std_cv_acc": 0.16613247725836153
    },
    {
      "param_value": 0.003162277629598975,
      "mean_cv_acc": 0.5199999999999999,
      "std_cv_acc": 0.13999999999999999
    },
    {
      "param_value": 0.005623413249850273,
      "mean_cv_acc": 0.51,
      "std_cv_acc": 0.14456832294800961
    },
    {
      "param_value": 0.009999999776482582,
      "mean_cv_acc": 0.5199999999999999,
      "std_cv_acc": 0.14696938456699069
    },
    {
      "param_value": 0.017782794311642647,
      "mean_cv_acc": 0.5199999999999999,
      "std_cv_acc": 0.14696938456699069
    },
    {
      "param_value": 0.03162277489900589,
      "mean_cv_acc": 0.5199999999999999,
      "std_cv_acc": 0.14696938456699069
    },
    {
      "param_value": 0.05623413249850273,
      "mean_cv_acc": 0.51,
      "std_cv_acc": 0.15132745950421556
    },
    {
      "param_value": 0.10000000149011612,
      "mean_cv_acc": 0.51,
      "std_cv_acc": 0.15132745950421556
    },
    {
      "param_value": 0.17782793939113617,
      "mean_cv_acc": 0.5199999999999999,
      "std_cv_acc": 0.16613247725836153
    },
    {
      "param_value": 0.3162277638912201,
      "mean_cv_acc": 0.5299999999999999,
      "std_cv_acc": 0.1676305461424021
    },
    {
      "param_value": 0.5623413324356079,
      "mean_cv_acc": 0.5299999999999999,
      "std_cv_acc": 0.1676305461424021
    },
    {
      "param_value": 1.0,
      "mean_cv_acc": 0.5199999999999999,
      "std_cv_acc": 0.18330302779823363
    },
    {
      "param_value": 1.778279423713684,
      "mean_cv_acc": 0.5199999999999999,
      "std_cv_acc": 0.18330302779823363
    },
    {
      "param_value": 3.1622776985168457,
      "mean_cv_acc": 0.5199999999999999,
      "std_cv_acc": 0.18330302779823363
    },
    {
      "param_value": 5.6234130859375,
      "mean_cv_acc": 0.5199999999999999,
      "std_cv_acc": 0.18330302779823363
    },
    {
      "param_value": 10.0,
      "mean_cv_acc": 0.5199999999999999,
      "std_cv_acc": 0.18330302779823363
    },
    {
      "param_value": 17.782794952392578,
      "mean_cv_acc": 0.5199999999999999,
      "std_cv_acc": 0.18330302779823363
    },
    {
      "param_value": 31.62277603149414,
      "mean_cv_acc": 0.5299999999999999,
      "std_cv_acc": 0.17349351572897473
    },
    {
      "param_value": 56.234130859375,
      "mean_cv_acc": 0.5299999999999999,
      "std_cv_acc": 0.17349351572897473
    },
    {
      "param_value": 100.0,
      "mean_cv_acc": 0.5299999999999999,
      "std_cv_acc": 0.17349351572897473
    },
    {
      "param_value": 177.82794189453125,
      "mean_cv_acc": 0.5299999999999999,
      "std_cv_acc": 0.17349351572897473
    },
    {
      "param_value": 316.2277526855469,
      "mean_cv_acc": 0.5299999999999999,
      "std_cv_acc": 0.17349351572897473
    },
    {
      "param_value": 562.34130859375,
      "mean_cv_acc": 0.5299999999999999,
      "std_cv_acc": 0.17349351572897473
    },
    {
      "param_value": 1000.0,
      "mean_cv_acc": 0.5299999999999999,
      "std_cv_acc": 0.17349351572897473
    },
    {
      "param_value": 1778.2794189453125,
      "mean_cv_acc": 0.5299999999999999,
      "std_cv_acc": 0.17349351572897473
    },
    {
      "param_value": 3162.277587890625,
      "mean_cv_acc": 0.5299999999999999,
      "std_cv_acc": 0.17349351572897473
    },
    {
      "param_value": 5623.4130859375,
      "mean_cv_acc": 0.5299999999999999,
      "std_cv_acc": 0.17349351572897473
    },
    {
      "param_value": 10000.0,
      "mean_cv_acc": 0.5299999999999999,
      "std_cv_acc": 0.17349351572897473
    },
    {
      "param_value": 17782.794921875,
      "mean_cv_acc": 0.5299999999999999,
      "std_cv_acc": 0.17349351572897473
    },
    {
      "param_value": 31622.77734375,
      "mean_cv_acc": 0.5299999999999999,
      "std_cv_acc": 0.17349351572897473
    },
    {
      "param_value": 56234.1328125,
      "mean_cv_acc": 0.5299999999999999,
      "std_cv_acc": 0.17349351572897473
    },
    {
      "param_value": 100000.0,
      "mean_cv_acc": 0.5299999999999999,
      "std_cv_acc": 0.17349351572897473
    }
  ],
  "five_way": {
    "accuracy": 0.5,
    "macro_f1": 0.4946778711484594,
    "macro_sensitivity": 0.5,
    "macro_specificity": 0.875,
    "per_class_sensitivity": {
      "NOR": 0.2,
      "DCM": 0.5,
      "HCM": 0.4,
      "MINF": 0.8,
      "RV": 0.6
    },
    "per_class_specificity": {
      "NOR": 0.875,
      "DCM": 1.0,
      "HCM": 0.95,
      "MINF": 0.75,
      "RV": 0.8
    },
    "confusion_matrix": [
      [
        2,
        0,
        1,
        3,
        4
      ],
      [
        2,
        5,
        0,
        1,
        2
      ],
      [
        1,
        0,
        4,
        4,
        1
      ],
      [
        0,
        0,
        1,
        8,
        1
      ],
      [
        2,
        0,
        0,
        2,
        6
      ]
    ],
    "classification_report": {
      "NOR": {
        "precision": 0.2857142857142857,
        "recall": 0.2,
        "f1-score": 0.23529411764705882,
        "support": 10.0
      },
      "DCM": {
        "precision": 1.0,
        "recall": 0.5,
        "f1-score": 0.6666666666666666,
        "support": 10.0
      },
      "HCM": {
        "precision": 0.6666666666666666,
        "recall": 0.4,
        "f1-score": 0.5,
        "support": 10.0
      },
      "MINF": {
        "precision": 0.4444444444444444,
        "recall": 0.8,
        "f1-score": 0.5714285714285714,
        "support": 10.0
      },
      "RV": {
        "precision": 0.42857142857142855,
        "recall": 0.6,
        "f1-score": 0.5,
        "support": 10.0
      },
      "accuracy": 0.5,
      "macro avg": {
        "precision": 0.565079365079365,
        "recall": 0.5,
        "f1-score": 0.4946778711484594,
        "support": 50.0
      },
      "weighted avg": {
        "precision": 0.5650793650793651,
        "recall": 0.5,
        "f1-score": 0.49467787114845935,
        "support": 50.0
      }
    },
    "probabilities": [
      [
        0.06960264619271633,
        0.3767586061569736,
        8.549733812659452e-05,
        0.553049060016034,
        0.0005041902961494436
      ],
      [
        0.15809722665086395,
        0.007942055945324128,
        0.17692604377157908,
        0.034847616915272675,
        0.6221870567169603
      ],
      [
        0.004863321330825952,
        0.02114080690485992,
        0.007320198048529971,
        0.9666726428975062,
        3.030818278156777e-06
      ],
      [
        0.024072038375067054,
        0.0014545389434858773,
        0.9715452369513307,
        0.0013099591577980065,
        0.0016182265723184957
      ],
      [
        0.3820264521732519,
        0.032033019406277105,
        0.3883253985325755,
        0.030821898925254502,
        0.16679323096264106
      ],
      [
        0.02429796156310059,
        0.18386515891363314,
        0.00011715429531604229,
        0.030690109598094074,
        0.761029615629856
      ],
      [
        0.23406588710559587,
        0.002236594712692222,
        3.683511747857737e-05,
        0.0023510791938495803,
        0.7613096038703837
      ],
      [
        0.02179601122860299,
        0.015288526105832752,
        0.003399900091854795,
        0.9582903075315988,
        0.0012252550421107263
      ],
      [
        0.8895264340354144,
        0.0013043543603382486,
        0.000198240285247398,
        0.10224007966909794,
        0.006730891649902163
      ],
      [
        0.0027518022799742107,
        0.00021526735519493927,
        0.0003392812552314892,
        0.9903697935484224,
        0.006323855561177148
      ],
      [
        0.07046091829220029,
        0.003685436764422716,
        0.9238171588950052,
        0.0020360638099346127,
        4.222384370574105e-07
      ],
      [
        0.013232433950315366,
        0.035754055779493255,
        0.006563420471752587,
        0.8698788806582919,
        0.07457120914014695
      ],
      [
        0.002764347035503267,
        0.7640790982437203,
        2.919615850329948e-05,
        0.22169718980200803,
        0.011430168760265034
      ],
      [
        0.015944002021022315,
        0.06393386310475005,
        0.02299149807160035,
        0.6047082341153242,
        0.2924224026873031
      ],
      [
        0.008251671600541915,
        0.20430262705846597,
        0.003057306238991248,
        0.7594982642409583,
        0.024890130861042418
      ],
      [
        0.032329113966319906,
        0.054450643546886966,
        0.004972209220542248,
        0.843508642832766,
        0.06473939043348474
      ],
      [
        0.6059660519605792,
        0.07161464503230595,
        0.00021001567354190994,
        0.29453193621446105,
        0.02767735111911202
      ],
      [
        0.002911206780501268,
        0.0021097182334314296,
        0.00018459488523648766,
        0.9916015027307232,
        0.003192977370107735
      ],
      [
        8.878652535619186e-06,
        0.0003493578120083962,
        1.7992358307667228e-05,
        3.421248297882501e-07,
        0.9996234290523185
      ],
      [
        0.005104660842842089,
        0.0006933599045177653,
        0.778616442794228,
        0.21537230843183527,
        0.0002132280265768435
      ],
      [
        0.2300888980071382,
        0.05537854743074235,
        6.576651009557237e-05,
        0.3717533210980402,
        0.3427134669539837
      ],
      [
        0.033955018283015906,
        0.27508420276201506,
        0.0011913643047719664,
        0.18483811542044382,
        0.5049312992297532
      ],
      [
        0.10735603936091634,
        0.0010085618050492502,
        0.004019506651116379,
        0.8791115883921253,
        0.008504303790792683
      ],
      [
        0.5782556994791083,
        0.0003959228093901378,
        0.0005926031699599376,
        0.0025151848910746847,
        0.41824058965046695
      ],
      [
        0.13512049960966882,
        0.00010938171896454487,
        2.2420622669044205e-06,
        0.001409552867390023,
        0.8633583237417096
      ],
      [
        5.743452232365568e-07,
        5.176307822670593e-06,
        0.0004224497262004102,
        0.0034311313731028303,
        0.9961406682476509
      ],
      [
        0.001294169174054873,
        0.0036987842646179444,
        0.027778527597077808,
        7.555250788756025e-05,
        0.9671529664563617
      ],
      [
        0.9143485737640045,
        0.0038086117291127016,
        0.004405254522682714,
        0.009834091815205736,
        0.06760346816899435
      ],
      [
        0.000162465886961493,
        0.001372165543225728,
        0.005185257908161947,
        7.930523821083857e-05,
        0.99320080542344
      ],
      [
        0.014047057470164145,
        0.002980959426953203,
        5.838906884794858e-07,
        0.9040528873289705,
        0.07891851188322382
      ],
      [
        0.0055002039164591295,
        0.9937342860759013,
        5.814184345923447e-06,
        0.0002710323716455944,
        0.0004886634516479693
      ],
      [
        0.5430940350409209,
        0.4147228908221286,
        0.009931531424960779,
        0.013288422901247418,
        0.018963119810742293
      ],
      [
        0.0002095195968725643,
        0.535621861865042,
        2.00927773244099e-05,
        0.46381260105983024,
        0.0003359247009307591
      ],
      [
        0.7444251398609155,
        0.00976147186283253,
        0.22198466785180784,
        0.0021307191268163314,
        0.021698001297627733
      ],
      [
        0.01851200924206998,
        0.33893225573078783,
        0.00031129696898373626,
        0.6403605390737948,
        0.001883898984363724
      ],
      [
        0.0006981281938531624,
        0.5613747917191034,
        0.00010961806618070585,
        0.4377370413175639,
        8.042070329879654e-05
      ],
      [
        0.0730448174963306,
        0.07162611614655963,
        0.026530216801228967,
        0.8211373470544063,
        0.00766150250147456
      ],
      [
        0.27747171073546734,
        0.01896683717324858,
        0.07160863898240265,
        0.6272312695949612,
        0.004721543513920248
      ],
      [
        0.08715372096112846,
        0.011502412449913749,
        0.005102329692042388,
        0.008929004659706427,
        0.8873125322372091
      ],
      [
        0.00029220128782941803,
        0.011405227742730811,
        0.0002502182338284654,
        3.622745843735585e-06,
        0.9880487299897676
      ],
      [
        0.00047479603043277364,
        0.20401679988161794,
        0.0006271023088153545,
        0.013066752296000156,
        0.7818145494831339
      ],
      [
        0.03470827405748124,
        0.0007865589900497607,
        0.8214486267710304,
        0.136997809769784,
        0.006058730411654544
      ],
      [
        0.024371658084568464,
        0.010389718536288827,
        9.406542143114427e-05,
        0.9647688281993272,
        0.00037572975838454824
      ],
      [
        0.4183556201441967,
        0.09712329326202056,
        0.48433528463885894,
        0.00017102782195716837,
        1.477413296665099e-05
      ],
      [
        0.010354086969308608,
        0.2660481214338513,
        0.053702916960793934,
        0.45012359756217174,
        0.2197712770738744
      ],
      [
        0.011624305601758199,
        0.01574993019924531,
        0.020360658041171265,
        0.06468242348824511,
        0.8875826826695802
      ],
      [
        0.008194747653408526,
        0.0017848669731359336,
        0.004977118644957648,
        0.6644032887552611,
        0.32063997797323673
      ],
      [
        0.15916975670128305,
        0.008117430889662212,
        0.05477027251222681,
        0.009003036240929484,
        0.7689395036558984
      ],
      [
        0.049040878073988055,
        0.9498591479960693,
        0.0002070022743668468,
        0.0008669848139881215,
        2.598684158760768e-05
      ],
      [
        0.7914497704692256,
        0.0012306640565544547,
        0.005668982316626258,
        0.009457400485900842,
        0.19219318267169277
      ]
    ],
    "predictions": [
      3,
      4,
      3,
      2,
      2,
      4,
      4,
      3,
      0,
      3,
      2,
      3,
      1,
      3,
      3,
      3,
      0,
      3,
      4,
      2,
      3,
      4,
      3,
      0,
      4,
      4,
      4,
      0,
      4,
      3,
      1,
      0,
      1,
      0,
      3,
      1,
      3,
      3,
      4,
      4,
      4,
      2,
      3,
      2,
      3,
      4,
      3,
      4,
      1,
      0
    ],
    "true_labels": [
      1,
      0,
      3,
      2,
      2,
      1,
      0,
      2,
      4,
      0,
      2,
      3,
      1,
      2,
      3,
      2,
      1,
      3,
      4,
      3,
      4,
      1,
      0,
      4,
      0,
      4,
      4,
      0,
      4,
      0,
      1,
      1,
      1,
      2,
      3,
      1,
      3,
      2,
      0,
      4,
      4,
      2,
      3,
      0,
      3,
      2,
      4,
      3,
      1,
      0
    ],
    "patient_ids": [
      "patient101",
      "patient102",
      "patient103",
      "patient104",
      "patient105",
      "patient106",
      "patient107",
      "patient108",
      "patient109",
      "patient110",
      "patient111",
      "patient112",
      "patient113",
      "patient114",
      "patient115",
      "patient116",
      "patient117",
      "patient118",
      "patient119",
      "patient120",
      "patient121",
      "patient122",
      "patient123",
      "patient124",
      "patient125",
      "patient126",
      "patient127",
      "patient128",
      "patient129",
      "patient130",
      "patient131",
      "patient132",
      "patient133",
      "patient134",
      "patient135",
      "patient136",
      "patient137",
      "patient138",
      "patient139",
      "patient140",
      "patient141",
      "patient142",
      "patient143",
      "patient144",
      "patient145",
      "patient146",
      "patient147",
      "patient148",
      "patient149",
      "patient150"
    ]
  },
  "roc_auc": {
    "macro_auc": 0.857,
    "per_class_auc": {
      "NOR": 0.7425,
      "DCM": 0.9725,
      "HCM": 0.8725,
      "MINF": 0.8225,
      "RV": 0.875
    }
  },
  "binary": {
    "accuracy": 0.74,
    "f1": 0.8433734939759037,
    "sensitivity": 0.875,
    "specificity": 0.2,
    "roc_auc": 0.7425,
    "binary_labels": [
      1,
      0,
      1,
      1,
      1,
      1,
      0,
      1,
      1,
      0,
      1,
      1,
      1,
      1,
      1,
      1,
      1,
      1,
      1,
      1,
      1,
      1,
      0,
      1,
      0,
      1,
      1,
      0,
      1,
      0,
      1,
      1,
      1,
      1,
      1,
      1,
      1,
      1,
      0,
      1,
      1,
      1,
      1,
      0,
      1,
      1,
      1,
      1,
      1,
      0
    ],
    "binary_probs": [
      0.9303973538072836,
      0.841902773349136,
      0.9951366786691741,
      0.9759279616249329,
      0.6179735478267481,
      0.9757020384368994,
      0.7659341128944042,
      0.978203988771397,
      0.11047356596458557,
      0.9972481977200258,
      0.9295390817077998,
      0.9867675660496846,
      0.9972356529644968,
      0.9840559979789777,
      0.991748328399458,
      0.9676708860336801,
      0.3940339480394208,
      0.9970887932194987,
      0.9999911213474644,
      0.9948953391571579,
      0.7699111019928618,
      0.966044981716984,
      0.8926439606390837,
      0.42174430052089174,
      0.8648795003903311,
      0.9999994256547767,
      0.9987058308259451,
      0.08565142623599553,
      0.9998375341130386,
      0.9859529425298359,
      0.9944997960835409,
      0.4569059649590791,
      0.9997904804031275,
      0.2555748601390845,
      0.98148799075793,
      0.9993018718061468,
      0.9269551825036694,
      0.7225282892645326,
      0.9128462790388715,
      0.9997077987121706,
      0.9995252039695672,
      0.9652917259425188,
      0.9756283419154316,
      0.5816443798558033,
      0.9896459130306914,
      0.9883756943982418,
      0.9918052523465914,
      0.8408302432987169,
      0.950959121926012,
      0.2085502295307744
    ]
  }
}