{
  "config": {
    "dataset": "acdc",
    "backbone": "dinov3",
    "model_name": "dinov3_vitb16",
    "eval_mode": "logreg",
    "pooling": "gap",
    "embed_dim": 768,
    "best_hyperparam": 1.0,
    "hyperparam_name": "C",
    "num_classes": 5,
    "class_names": [
      "NOR",
      "DCM",
      "HCM",
      "MINF",
      "RV"
    ]
  },
  "sweep_results": [
    {
      "param_value": 9.999999974752427e-07,
      "mean_cv_acc": 0.38,
      "std_cv_acc": 0.08717797887081347
    },
    {
      "param_value": 1.7782793975129607e-06,
      "mean_cv_acc": 0.38,
      "std_cv_acc": 0.08717797887081347
    },
    {
      "param_value": 3.1622776077711023e-06,
      "mean_cv_acc": 0.38,
      "std_cv_acc": 0.08717797887081347
    },
    {
      "param_value": 5.6234130170196295e-06,
      "mean_cv_acc": 0.39,
      "std_cv_acc": 0.08306623862918074
    },
    {
      "param_value": 9.999999747378752e-06,
      "mean_cv_acc": 0.39,
      "std_cv_acc": 0.08306623862918074
    },
    {
      "param_value": 1.778279329300858e-05,
      "mean_cv_acc": 0.39,
      "std_cv_acc": 0.08306623862918074
    },
    {
      "param_value": 3.162277789670043e-05,
      "mean_cv_acc": 0.4,
      "std_cv_acc": 0.09999999999999999
    },
    {
      "param_value": 5.62341338081751e-05,
      "mean_cv_acc": 0.4,
      "std_cv_acc": 0.09999999999999999
    },
    {
      "param_value": 9.999999747378752e-05,
      "mean_cv_acc": 0.41000000000000003,
      "std_cv_acc": 0.09433981132056603
    },
    {
      "param_value": 0.00017782794020604342,
      "mean_cv_acc": 0.41000000000000003,
      "std_cv_acc": 0.09433981132056603
    },
    {
      "param_value": 0.0003162277571391314,
      "mean_cv_acc": 0.44000000000000006,
      "std_cv_acc": 0.07999999999999999
    },
    {
      "param_value": 0.000562341301701963,
      "mean_cv_acc": 0.45999999999999996,
      "std_cv_acc": 0.09165151389911678
    },
    {
      "param_value": 0.0010000000474974513,
      "mean_cv_acc": 0.51,
      "std_cv_acc": 0.08306623862918074
    },
    {
      "param_value": 0.0017782794311642647,
      "mean_cv_acc": 0.5,
      "std_cv_acc": 0.08944271909999157
    },
    {
      "param_value": 0.003162277629598975,
      "mean_cv_acc": 0.51,
      "std_cv_acc": 0.10440306508910549
    },
    {
      "param_value": 0.005623413249850273,
      "mean_cv_acc": 0.51,
      "std_cv_acc": 0.10440306508910549
    },
    {
      "param_value": 0.009999999776482582,
      "mean_cv_acc": 0.5199999999999999,
      "std_cv_acc": 0.11661903789690599
    },
    {
      "param_value": 0.017782794311642647,
      "mean_cv_acc": 0.5199999999999999,
      "std_cv_acc": 0.11661903789690599
    },
    {
      "param_value": 0.03162277489900589,
      "mean_cv_acc": 0.5199999999999999,
      "std_cv_acc": 0.11661903789690599
    },
    {
      "param_value": 0.05623413249850273,
      "mean_cv_acc": 0.53,
      "std_cv_acc": 0.1345362404707371
    },
    {
      "param_value": 0.10000000149011612,
      "mean_cv_acc": 0.55,
      "std_cv_acc": 0.13601470508735442
    },
    {
      "param_value": 0.17782793939113617,
      "mean_cv_acc": 0.5400000000000001,
      "std_cv_acc": 0.12806248474865695
    },
    {
      "param_value": 0.3162277638912201,
      "mean_cv_acc": 0.55,
      "std_cv_acc": 0.12041594578792295
    },
    {
      "param_value": 0.5623413324356079,
      "mean_cv_acc": 0.55,
      "std_cv_acc": 0.12041594578792295
    },
    {
      "param_value": 1.0,
      "mean_cv_acc": 0.56,
      "std_cv_acc": 0.12
    },
    {
      "param_value": 1.778279423713684,
      "mean_cv_acc": 0.56,
      "std_cv_acc": 0.12
    },
    {
      "param_value": 3.1622776985168457,
      "mean_cv_acc": 0.56,
      "std_cv_acc": 0.12
    },
    {
      "param_value": 5.6234130859375,
      "mean_cv_acc": 0.56,
      "std_cv_acc": 0.12
    },
    {
      "param_value": 10.0,
      "mean_cv_acc": 0.56,
      "std_cv_acc": 0.12
    },
    {
      "param_value": 17.782794952392578,
      "mean_cv_acc": 0.56,
      "std_cv_acc": 0.12
    },
    {
      "param_value": 31.62277603149414,
      "mean_cv_acc": 0.56,
      "std_cv_acc": 0.12
    },
    {
      "param_value": 56.234130859375,
      "mean_cv_acc": 0.56,
      "std_cv_acc": 0.12
    },
    {
      "param_value": 100.0,
      "mean_cv_acc": 0.56,
      "std_cv_acc": 0.12
    },
    {
      "param_value": 177.82794189453125,
      "mean_cv_acc": 0.56,
      "std_cv_acc": 0.12
    },
    {
      "param_value": 316.2277526855469,
      "mean_cv_acc": 0.56,
      "std_cv_acc": 0.12
    },
    {
      "param_value": 562.34130859375,
      "mean_cv_acc": 0.56,
      "std_cv_acc": 0.12
    },
    {
      "param_value": 1000.0,
      "mean_cv_acc": 0.56,
      "std_cv_acc": 0.12
    },
    {
      "param_value": 1778.2794189453125,
      "mean_cv_acc": 0.55,
      "std_cv_acc": 0.12041594578792295
    },
    {
      "param_value": 3162.277587890625,
      "mean_cv_acc": 0.55,
      "std_cv_acc": 0.12041594578792295
    },
    {
      "param_value": 5623.4130859375,
      "mean_cv_acc": 0.5599999999999999,
      "std_cv_acc": 0.13564659966250536
    },
    {
      "param_value": 10000.0,
      "mean_cv_acc": 0.5599999999999999,
      "std_cv_acc": 0.13564659966250536
    },
    {
      "param_value": 17782.794921875,
      "mean_cv_acc": 0.5599999999999999,
      "std_cv_acc": 0.13564659966250536
    },
    {
      "param_value": 31622.77734375,
      "mean_cv_acc": 0.5599999999999999,
      "std_cv_acc": 0.13564659966250536
    },
    {
      "param_value": 56234.1328125,
      "mean_cv_acc": 0.5499999999999999,
      "std_cv_acc": 0.14317821063276354
    },
    {
      "param_value": 100000.0,
      "mean_cv_acc": 0.5499999999999999,
      "std_cv_acc": 0.14317821063276354
    }
  ],
  "five_way": {
    "accuracy": 0.62,
    "macro_f1": 0.615829573934837,
    "macro_sensitivity": 0.62,
    "macro_specificity": 0.905,
    "per_class_sensitivity": {
      "NOR": 0.4,
      "DCM": 0.7,
      "HCM": 0.5,
      "MINF": 0.9,
      "RV": 0.6
    },
    "per_class_specificity": {
      "NOR": 0.875,
      "DCM": 0.925,
      "HCM": 1.0,
      "MINF": 0.85,
      "RV": 0.875
    },
    "confusion_matrix": [
      [
        4,
        0,
        0,
        2,
        4
      ],
      [
        1,
        7,
        0,
        2,
        0
      ],
      [
        1,
        1,
        5,
        2,
        1
      ],
      [
        1,
        0,
        0,
        9,
        0
      ],
      [
        2,
        2,
        0,
        0,
        6
      ]
    ],
    "classification_report": {
      "NOR": {
        "precision": 0.4444444444444444,
        "recall": 0.4,
        "f1-score": 0.42105263157894735,
        "support": 10.0
      },
      "DCM": {
        "precision": 0.7,
        "recall": 0.7,
        "f1-score": 0.7,
        "support": 10.0
      },
      "HCM": {
        "precision": 1.0,
        "recall": 0.5,
        "f1-score": 0.6666666666666666,
        "support": 10.0
      },
      "MINF": {
        "precision": 0.6,
        "recall": 0.9,
        "f1-score": 0.72,
        "support": 10.0
      },
      "RV": {
        "precision": 0.5454545454545454,
        "recall": 0.6,
        "f1-score": 0.5714285714285714,
        "support": 10.0
      },
      "accuracy": 0.62,
      "macro avg": {
        "precision": 0.657979797979798,
        "recall": 0.62,
        "f1-score": 0.615829573934837,
        "support": 50.0
      },
      "weighted avg": {
        "precision": 0.6579797979797979,
        "recall": 0.62,
        "f1-score": 0.615829573934837,
        "support": 50.0
      }
    },
    "probabilities": [
      [
        0.02768518017130696,
        0.04874152797496523,
        0.00014318670149221892,
        0.9234058241725543,
        2.4280979681358205e-05
      ],
      [
        0.22039112026901267,
        0.0649239941367149,
        0.2838066278344202,
        0.004885550536430155,
        0.4259927072234221
      ],
      [
        0.001994836270705509,
        0.00972873422665934,
        0.0008731305952987923,
        0.9873332135759966,
        7.008533133986058e-05
      ],
      [
        0.028137335749559414,
        0.00040594609724681105,
        0.9656600214367234,
        0.0003826674877088019,
        0.005414029228761687
      ],
      [
        0.059904133801101545,
        0.027139822210416227,
        0.8440045941185178,
        0.006157226041075307,
        0.06279422382888927
      ],
      [
        0.0010785885840094063,
        0.9279748651792747,
        1.0819601798600154e-05,
        0.0014127599771044475,
        0.06952296665781284
      ],
      [
        0.1474367656211134,
        0.004192761512925344,
        4.828217514107734e-05,
        0.08456372174743268,
        0.7637584689433875
      ],
      [
        0.021706983195558225,
        0.04022962841860675,
        0.01555037115488011,
        0.9128694355547465,
        0.009643581676208317
      ],
      [
        0.993611250747085,
        0.0014513227079757873,
        7.289757728084742e-05,
        0.002138769924098078,
        0.0027257590435602443
      ],
      [
        0.3787966105669979,
        0.00026635481800303706,
        0.00013831510182695173,
        0.6067506500599912,
        0.014048069453180828
      ],
      [
        0.024887462946792258,
        0.0011403318141163796,
        0.9276170120799507,
        0.046329265581488546,
        2.592757765223733e-05
      ],
      [
        0.003013635536020062,
        0.07113533353016732,
        0.0024409735462864453,
        0.9071855830108998,
        0.01622447437662641
      ],
      [
        0.007891989122328493,
        0.5605970058745651,
        7.278388297357907e-05,
        0.4302195721465782,
        0.0012186489735545977
      ],
      [
        0.029203301166152194,
        0.013797670699756409,
        0.07715072459784558,
        0.2679870901814811,
        0.6118612133547647
      ],
      [
        0.5091090791305228,
        0.1433328385717899,
        0.05184329240063992,
        0.28133872571751656,
        0.014376064179530704
      ],
      [
        0.04880772609876627,
        0.012183173966773753,
        0.46335669866304174,
        0.4634029447920906,
        0.012249456479327632
      ],
      [
        0.04508613660818364,
        0.7606293471916595,
        0.0004838129000545817,
        0.1900160173718549,
        0.0037846859282471912
      ],
      [
        0.0024180878357674667,
        0.0017340919734109097,
        7.691816668632438e-05,
        0.9950313385571558,
        0.0007395634669795731
      ],
      [
        0.0004774146271506843,
        0.0008974849076002311,
        1.9662770254915682e-05,
        1.2035080003586515e-05,
        0.9985934026149906
      ],
      [
        0.060193286331763574,
        0.009369219873003069,
        0.06856227691153201,
        0.85836696878838,
        0.0035082480953213245
      ],
      [
        0.48499523318933624,
        0.008932098428828335,
        0.00017663848910809857,
        0.060279010879234644,
        0.4456170190134927
      ],
      [
        3.069274137878449e-05,
        0.9773341257017796,
        6.49055731515343e-05,
        0.01175477169972711,
        0.010815504283962886
      ],
      [
        0.6261199770585049,
        0.0012615202466994095,
        0.0037841149642094127,
        0.35652783802726395,
        0.012306549703322242
      ],
      [
        0.02302065885704848,
        6.720970767642226e-05,
        0.0013626990249630063,
        0.00033525165332796227,
        0.9752141807569841
      ],
      [
        0.6371731010784986,
        0.000336191466126356,
        0.00031885771523463126,
        0.0001144816453535043,
        0.362057368094787
      ],
      [
        0.0004934647605438677,
        0.0006967619135599853,
        0.040160542495302126,
        0.002963834738433833,
        0.9556853960921601
      ],
      [
        0.0013509341508241178,
        0.004254641138714371,
        0.0026541981990406607,
        0.0008017686095561905,
        0.9909384579018645
      ],
      [
        0.7863042447536875,
        0.026109605923482666,
        0.006830970656106418,
        0.007465847823629878,
        0.17328933084309348
      ],
      [
        1.6483931341885792e-05,
        5.656084235455756e-05,
        6.1997753887413025e-06,
        1.6493725899917452e-05,
        0.9999042617250148
      ],
      [
        0.0861402307342513,
        0.010589551558615054,
        4.6782302837918534e-05,
        0.8936769296897811,
        0.009546505714514642
      ],
      [
        0.7818980918312738,
        0.16068278597810645,
        2.2001034021798384e-05,
        0.05108914244954939,
        0.006307978707048599
      ],
      [
        0.02770648414516849,
        0.944279995949279,
        0.00011038561233449367,
        0.026412669607505358,
        0.0014904646857128558
      ],
      [
        0.0028384644152367896,
        0.3543997168029854,
        4.459772102736589e-06,
        0.6417944158339054,
        0.0009629431757695777
      ],
      [
        0.6478363569929048,
        0.019604267081530513,
        0.18948207729672872,
        0.00247353458208596,
        0.14060376404674996
      ],
      [
        0.001704528272361889,
        0.14790513944144668,
        1.775170604130068e-05,
        0.8407974339868922,
        0.009575146593257993
      ],
      [
        0.014406018101292321,
        0.8190986459984066,
        0.00039443914807593314,
        0.136149642111761,
        0.029951254640464064
      ],
      [
        0.11171860339099128,
        0.06527552827533413,
        0.007758402843716706,
        0.7862162551818906,
        0.029031210308067337
      ],
      [
        0.0004673166174690303,
        0.0021180478828750323,
        0.8719564122850155,
        0.12525114419982133,
        0.00020707901481917674
      ],
      [
        0.33068827830162645,
        0.06238775792379622,
        0.03853240725326211,
        0.0038005961460089613,
        0.5645909603753063
      ],
      [
        7.56804735826909e-05,
        0.018261762375276252,
        0.00032663977258344366,
        5.548849962911455e-05,
        0.9812804288789285
      ],
      [
        0.009086793480255873,
        0.6718727197157504,
        0.00028060280488076053,
        0.01644531391257606,
        0.3023145700865369
      ],
      [
        0.017380666760379575,
        0.010862382635060638,
        0.9706047391738801,
        0.00038292698909708116,
        0.0007692844415825755
      ],
      [
        0.002792227129094712,
        0.02289043387753153,
        0.00013908285744634215,
        0.9739184234343241,
        0.00025983270160308454
      ],
      [
        0.9735822828789354,
        0.0024217442587372356,
        0.023836202014908166,
        1.9007963538471835e-05,
        0.0001407628838808604
      ],
      [
        0.010405388941597886,
        0.006670534218161093,
        0.11397844901079007,
        0.7183728886435584,
        0.15057273918589253
      ],
      [
        0.0038250230218504267,
        0.42826304748426985,
        0.01679922733004797,
        0.23922869312390865,
        0.3118840090399229
      ],
      [
        0.02710786337567605,
        0.7850257394741255,
        0.0001013697469596632,
        0.10888916259520971,
        0.07887586480802898
      ],
      [
        0.19903094423094203,
        0.022988831537703546,
        0.06422255073431775,
        0.5626147604303396,
        0.15114291306669697
      ],
      [
        0.33516391613546254,
        0.6522285892548949,
        0.011672372034511361,
        0.0002121894074575322,
        0.0007229331676738286
      ],
      [
        0.01713148193779031,
        5.036574632916618e-07,
        0.002051218138679434,
        1.2868859700273441e-05,
        0.9808039274063667
      ]
    ],
    "predictions": [
      3,
      4,
      3,
      2,
      2,
      1,
      4,
      3,
      0,
      3,
      2,
      3,
      1,
      4,
      0,
      3,
      1,
      3,
      4,
      3,
      0,
      1,
      0,
      4,
      0,
      4,
      4,
      0,
      4,
      3,
      0,
      1,
      3,
      0,
      3,
      1,
      3,
      2,
      4,
      4,
      1,
      2,
      3,
      0,
      3,
      1,
      1,
      3,
      1,
      4
    ],
    "true_labels": [
      1,
      0,
      3,
      2,
      2,
      1,
      0,
      2,
      4,
      0,
      2,
      3,
      1,
      2,
      3,
      2,
      1,
      3,
      4,
      3,
      4,
      1,
      0,
      4,
      0,
      4,
      4,
      0,
      4,
      0,
      1,
      1,
      1,
      2,
      3,
      1,
      3,
      2,
      0,
      4,
      4,
      2,
      3,
      0,
      3,
      2,
      4,
      3,
      1,
      0
    ],
    "patient_ids": [
      "patient101",
      "patient102",
      "patient103",
      "patient104",
      "patient105",
      "patient106",
      "patient107",
      "patient108",
      "patient109",
      "patient110",
      "patient111",
      "patient112",
      "patient113",
      "patient114",
      "patient115",
      "patient116",
      "patient117",
      "patient118",
      "patient119",
      "patient120",
      "patient121",
      "patient122",
      "patient123",
      "patient124",
      "patient125",
      "patient126",
      "patient127",
      "patient128",
      "patient129",
      "patient130",
      "patient131",
      "patient132",
      "patient133",
      "patient134",
      "patient135",
      "patient136",
      "patient137",
      "patient138",
      "patient139",
      "patient140",
      "patient141",
      "patient142",
      "patient143",
      "patient144",
      "patient145",
      "patient146",
      "patient147",
      "patient148",
      "patient149",
      "patient150"
    ]
  },
  "roc_auc": {
    "macro_auc": 0.9105000000000001,
    "per_class_auc": {
      "NOR": 0.8475,
      "DCM": 0.9500000000000001,
      "HCM": 0.9525000000000001,
      "MINF": 0.9325000000000001,
      "RV": 0.87
    }
  },
  "binary": {
    "accuracy": 0.8,
    "f1": 0.8780487804878049,
    "sensitivity": 0.9,
    "specificity": 0.4,
    "roc_auc": 0.8474999999999999,
    "binary_labels": [
      1,
      0,
      1,
      1,
      1,
      1,
      0,
      1,
      1,
      0,
      1,
      1,
      1,
      1,
      1,
      1,
      1,
      1,
      1,
      1,
      1,
      1,
      0,
      1,
      0,
      1,
      1,
      0,
      1,
      0,
      1,
      1,
      1,
      1,
      1,
      1,
      1,
      1,
      0,
      1,
      1,
      1,
      1,
      0,
      1,
      1,
      1,
      1,
      1,
      0
    ],
    "binary_probs": [
      0.972314819828693,
      0.7796088797309874,
      0.9980051637292945,
      0.9718626642504405,
      0.9400958661988985,
      0.9989214114159906,
      0.8525632343788866,
      0.9782930168044418,
      0.006388749252914994,
      0.621203389433002,
      0.9751125370532078,
      0.9969863644639799,
      0.9921080108776715,
      0.9707966988338478,
      0.49089092086947717,
      0.9511922739012337,
      0.9549138633918164,
      0.9975819121642325,
      0.9995225853728493,
      0.9398067136682364,
      0.5150047668106638,
      0.9999693072586212,
      0.37388002294149514,
      0.9769793411429515,
      0.36282689892150144,
      0.9995065352394561,
      0.9986490658491759,
      0.21369575524631246,
      0.9999835160686581,
      0.9138597692657487,
      0.2181019081687262,
      0.9722935158548315,
      0.9971615355847632,
      0.35216364300709524,
      0.9982954717276381,
      0.9855939818987077,
      0.8882813966090087,
      0.999532683382531,
      0.6693117216983735,
      0.9999243195264174,
      0.9909132065197441,
      0.9826193332396205,
      0.9972077728709053,
      0.026417717121064554,
      0.9895946110584021,
      0.9961749769781496,
      0.9728921366243239,
      0.800969055769058,
      0.6648360838645375,
      0.9828685180622097
    ]
  }
}