{
  "config": {
    "dataset": "acdc",
    "backbone": "sam",
    "model_name": "sam_vit_large",
    "eval_mode": "logreg",
    "pooling": "gap",
    "embed_dim": 1024,
    "best_hyperparam": 0.017782794311642647,
    "hyperparam_name": "C",
    "num_classes": 5,
    "class_names": [
      "NOR",
      "DCM",
      "HCM",
      "MINF",
      "RV"
    ]
  },
  "sweep_results": [
    {
      "param_value": 9.999999974752427e-07,
      "mean_cv_acc": 0.3,
      "std_cv_acc": 0.10954451150103323
    },
    {
      "param_value": 1.7782793975129607e-06,
      "mean_cv_acc": 0.3,
      "std_cv_acc": 0.10954451150103323
    },
    {
      "param_value": 3.1622776077711023e-06,
      "mean_cv_acc": 0.3,
      "std_cv_acc": 0.10954451150103323
    },
    {
      "param_value": 5.6234130170196295e-06,
      "mean_cv_acc": 0.3,
      "std_cv_acc": 0.10954451150103323
    },
    {
      "param_value": 9.999999747378752e-06,
      "mean_cv_acc": 0.3,
      "std_cv_acc": 0.10954451150103323
    },
    {
      "param_value": 1.778279329300858e-05,
      "mean_cv_acc": 0.29,
      "std_cv_acc": 0.10440306508910552
    },
    {
      "param_value": 3.162277789670043e-05,
      "mean_cv_acc": 0.29999999999999993,
      "std_cv_acc": 0.11832159566199232
    },
    {
      "param_value": 5.62341338081751e-05,
      "mean_cv_acc": 0.30999999999999994,
      "std_cv_acc": 0.11357816691600547
    },
    {
      "param_value": 9.999999747378752e-05,
      "mean_cv_acc": 0.31,
      "std_cv_acc": 0.12206555615733701
    },
    {
      "param_value": 0.00017782794020604342,
      "mean_cv_acc": 0.35,
      "std_cv_acc": 0.15
    },
    {
      "param_value": 0.0003162277571391314,
      "mean_cv_acc": 0.36999999999999994,
      "std_cv_acc": 0.14866068747318503
    },
    {
      "param_value": 0.000562341301701963,
      "mean_cv_acc": 0.41999999999999993,
      "std_cv_acc": 0.12489995996796796
    },
    {
      "param_value": 0.0010000000474974513,
      "mean_cv_acc": 0.43,
      "std_cv_acc": 0.1268857754044952
    },
    {
      "param_value": 0.0017782794311642647,
      "mean_cv_acc": 0.42000000000000004,
      "std_cv_acc": 0.10770329614269007
    },
    {
      "param_value": 0.003162277629598975,
      "mean_cv_acc": 0.41,
      "std_cv_acc": 0.09433981132056604
    },
    {
      "param_value": 0.005623413249850273,
      "mean_cv_acc": 0.43,
      "std_cv_acc": 0.09
    },
    {
      "param_value": 0.009999999776482582,
      "mean_cv_acc": 0.43000000000000005,
      "std_cv_acc": 0.08999999999999998
    },
    {
      "param_value": 0.017782794311642647,
      "mean_cv_acc": 0.44000000000000006,
      "std_cv_acc": 0.10198039027185568
    },
    {
      "param_value": 0.03162277489900589,
      "mean_cv_acc": 0.41999999999999993,
      "std_cv_acc": 0.132664991614216
    },
    {
      "param_value": 0.05623413249850273,
      "mean_cv_acc": 0.43,
      "std_cv_acc": 0.1345362404707371
    },
    {
      "param_value": 0.10000000149011612,
      "mean_cv_acc": 0.43,
      "std_cv_acc": 0.1345362404707371
    },
    {
      "param_value": 0.17782793939113617,
      "mean_cv_acc": 0.42000000000000004,
      "std_cv_acc": 0.15362291495737215
    },
    {
      "param_value": 0.3162277638912201,
      "mean_cv_acc": 0.42000000000000004,
      "std_cv_acc": 0.15362291495737215
    },
    {
      "param_value": 0.5623413324356079,
      "mean_cv_acc": 0.42000000000000004,
      "std_cv_acc": 0.15362291495737215
    },
    {
      "param_value": 1.0,
      "mean_cv_acc": 0.43000000000000005,
      "std_cv_acc": 0.1676305461424021
    },
    {
      "param_value": 1.778279423713684,
      "mean_cv_acc": 0.43000000000000005,
      "std_cv_acc": 0.1676305461424021
    },
    {
      "param_value": 3.1622776985168457,
      "mean_cv_acc": 0.43000000000000005,
      "std_cv_acc": 0.1676305461424021
    },
    {
      "param_value": 5.6234130859375,
      "mean_cv_acc": 0.42000000000000004,
      "std_cv_acc": 0.16
    },
    {
      "param_value": 10.0,
      "mean_cv_acc": 0.42000000000000004,
      "std_cv_acc": 0.16
    },
    {
      "param_value": 17.782794952392578,
      "mean_cv_acc": 0.42000000000000004,
      "std_cv_acc": 0.16
    },
    {
      "param_value": 31.62277603149414,
      "mean_cv_acc": 0.42000000000000004,
      "std_cv_acc": 0.16
    },
    {
      "param_value": 56.234130859375,
      "mean_cv_acc": 0.42000000000000004,
      "std_cv_acc": 0.16
    },
    {
      "param_value": 100.0,
      "mean_cv_acc": 0.42000000000000004,
      "std_cv_acc": 0.16
    },
    {
      "param_value": 177.82794189453125,
      "mean_cv_acc": 0.42000000000000004,
      "std_cv_acc": 0.16
    },
    {
      "param_value": 316.2277526855469,
      "mean_cv_acc": 0.42000000000000004,
      "std_cv_acc": 0.16
    },
    {
      "param_value": 562.34130859375,
      "mean_cv_acc": 0.42000000000000004,
      "std_cv_acc": 0.16
    },
    {
      "param_value": 1000.0,
      "mean_cv_acc": 0.42000000000000004,
      "std_cv_acc": 0.16
    },
    {
      "param_value": 1778.2794189453125,
      "mean_cv_acc": 0.42000000000000004,
      "std_cv_acc": 0.16
    },
    {
      "param_value": 3162.277587890625,
      "mean_cv_acc": 0.42000000000000004,
      "std_cv_acc": 0.16
    },
    {
      "param_value": 5623.4130859375,
      "mean_cv_acc": 0.42000000000000004,
      "std_cv_acc": 0.16
    },
    {
      "param_value": 10000.0,
      "mean_cv_acc": 0.42000000000000004,
      "std_cv_acc": 0.16
    },
    {
      "param_value": 17782.794921875,
      "mean_cv_acc": 0.42000000000000004,
      "std_cv_acc": 0.16
    },
    {
      "param_value": 31622.77734375,
      "mean_cv_acc": 0.42000000000000004,
      "std_cv_acc": 0.16
    },
    {
      "param_value": 56234.1328125,
      "mean_cv_acc": 0.42000000000000004,
      "std_cv_acc": 0.16
    },
    {
      "param_value": 100000.0,
      "mean_cv_acc": 0.41,
      "std_cv_acc": 0.15779733838059498
    }
  ],
  "five_way": {
    "accuracy": 0.5,
    "macro_f1": 0.4812075941487707,
    "macro_sensitivity": 0.5,
    "macro_specificity": 0.875,
    "per_class_sensitivity": {
      "NOR": 0.2,
      "DCM": 0.4,
      "HCM": 0.5,
      "MINF": 0.8,
      "RV": 0.6
    },
    "per_class_specificity": {
      "NOR": 0.925,
      "DCM": 0.925,
      "HCM": 0.85,
      "MINF": 0.775,
      "RV": 0.9
    },
    "confusion_matrix": [
      [
        2,
        0,
        4,
        1,
        3
      ],
      [
        1,
        4,
        1,
        3,
        1
      ],
      [
        1,
        1,
        5,
        3,
        0
      ],
      [
        0,
        1,
        1,
        8,
        0
      ],
      [
        1,
        1,
        0,
        2,
        6
      ]
    ],
    "classification_report": {
      "NOR": {
        "precision": 0.4,
        "recall": 0.2,
        "f1-score": 0.26666666666666666,
        "support": 10.0
      },
      "DCM": {
        "precision": 0.5714285714285714,
        "recall": 0.4,
        "f1-score": 0.47058823529411764,
        "support": 10.0
      },
      "HCM": {
        "precision": 0.45454545454545453,
        "recall": 0.5,
        "f1-score": 0.47619047619047616,
        "support": 10.0
      },
      "MINF": {
        "precision": 0.47058823529411764,
        "recall": 0.8,
        "f1-score": 0.5925925925925926,
        "support": 10.0
      },
      "RV": {
        "precision": 0.6,
        "recall": 0.6,
        "f1-score": 0.6,
        "support": 10.0
      },
      "accuracy": 0.5,
      "macro avg": {
        "precision": 0.4993124522536287,
        "recall": 0.5,
        "f1-score": 0.4812075941487707,
        "support": 50.0
      },
      "weighted avg": {
        "precision": 0.49931245225362875,
        "recall": 0.5,
        "f1-score": 0.48120759414877057,
        "support": 50.0
      }
    },
    "probabilities": [
      [
        0.502564016200271,
        0.09179422892868047,
        0.02611846909131415,
        0.3065629932574752,
        0.07296029252225913
      ],
      [
        0.22055033712469338,
        0.1024186342254775,
        0.5325408138714414,
        0.05374027578595641,
        0.09074993899243128
      ],
      [
        0.30306134018341463,
        0.03479932850202169,
        0.13838436075396487,
        0.5183675765753777,
        0.005387393985221048
      ],
      [
        0.06690590350097163,
        0.03572280884878057,
        0.3779258828660022,
        0.45593079416556714,
        0.0635146106186785
      ],
      [
        0.12917896890508565,
        0.05248634098680823,
        0.5056796727616396,
        0.24472686008007213,
        0.06792815726639441
      ],
      [
        0.1523336769867458,
        0.15109713719338166,
        0.4117788525891718,
        0.15765126582878058,
        0.12713906740192027
      ],
      [
        0.060030791848045884,
        0.10795248028831836,
        0.024747925725299578,
        0.22625379762567932,
        0.5810150045126569
      ],
      [
        0.6619940087306752,
        0.009261961930897076,
        0.017583237154305223,
        0.2895452778437927,
        0.021615514340329867
      ],
      [
        0.9738735180575585,
        0.0011729567844389402,
        0.011287337277865746,
        0.008772347792578851,
        0.0048938400875578195
      ],
      [
        0.46742849742458936,
        0.006493247720791759,
        0.0861498003837695,
        0.3971467522394895,
        0.042781702231360005
      ],
      [
        0.21616225629556152,
        0.0010375395521612216,
        0.7392979862590213,
        0.04338870288279071,
        0.00011351501046534322
      ],
      [
        0.014050122962183168,
        0.06414570424559782,
        0.0073475179539338985,
        0.8649206598757623,
        0.04953599496252284
      ],
      [
        0.003195887583643839,
        0.3660944512303947,
        0.001112755098536208,
        0.6182538369944869,
        0.011343069092938448
      ],
      [
        0.0025890446676726923,
        0.13239522404153878,
        0.2726626071965783,
        0.5794849558230025,
        0.012868168271207731
      ],
      [
        0.09907102589958347,
        0.0640718193012487,
        0.07063386352874644,
        0.7383355090801105,
        0.027887782190310812
      ],
      [
        0.07627904332020641,
        0.13099795448750676,
        0.5435367844741984,
        0.14575814067355855,
        0.1034280770445299
      ],
      [
        0.051512508465387956,
        0.48657030007668,
        0.16983319588920906,
        0.26288057986274366,
        0.02920341570597939
      ],
      [
        0.0005251589984807669,
        0.01865605041289822,
        0.0005141000489994607,
        0.9701392437361739,
        0.01016544680344765
      ],
      [
        0.0023510428941187597,
        0.19466110955667917,
        0.0007058512723893813,
        0.010832094116481247,
        0.7914499021603314
      ],
      [
        0.0015509380070830741,
        0.017567361746093017,
        0.03108560428332393,
        0.9435653100953086,
        0.006230785868191268
      ],
      [
        0.36236952150417034,
        0.0071739115683325284,
        0.0004000909793753365,
        0.6092098542769466,
        0.020846621671175118
      ],
      [
        0.0035809264577094605,
        0.09250364822597229,
        0.04809446381498185,
        0.038229247533817345,
        0.817591713967519
      ],
      [
        0.33565770944273754,
        0.0010648473394302056,
        0.5622400860022082,
        0.09474353475653069,
        0.006293822459093476
      ],
      [
        0.0033692956910289715,
        0.01971535046693566,
        0.0008272238157906984,
        0.01721275822775075,
        0.9588753717984939
      ],
      [
        0.2532520381982233,
        0.0685007183376426,
        0.019252142162731155,
        0.14464853231515692,
        0.514346568986246
      ],
      [
        0.018537921077304453,
        0.18821635701504355,
        0.13904511730163666,
        0.030965125494484765,
        0.6232354791115305
      ],
      [
        0.02405466215793297,
        0.08731765424606688,
        0.04213288230330857,
        0.023728900993669137,
        0.8227659002990224
      ],
      [
        0.3984190721651204,
        0.04302593071563524,
        0.3565425367610113,
        0.06842071833619906,
        0.13359174202203394
      ],
      [
        0.005800003165668394,
        0.013851867644134777,
        0.0005222987692919116,
        0.15665260753871435,
        0.8231732228821905
      ],
      [
        0.29280355842412115,
        0.3121478062052721,
        0.00819804714574396,
        0.37626512867751877,
        0.010585459547343988
      ],
      [
        0.00024886576160815043,
        0.9769007631438069,
        0.004801349267718931,
        0.01477231867066575,
        0.003276703156200204
      ],
      [
        0.058271226872856095,
        0.6276175985588981,
        0.16968060743413402,
        0.0716623093176052,
        0.07276825781650657
      ],
      [
        0.08839869201469074,
        0.09006145656106909,
        0.02078662660907102,
        0.7979913236215808,
        0.0027619011935884237
      ],
      [
        0.2283421331093213,
        0.011380211906721716,
        0.5485335599994555,
        0.1705689845442045,
        0.04117511044029695
      ],
      [
        0.1605597763163482,
        0.034209479032153135,
        0.003089625052346206,
        0.6817188571648382,
        0.12042226243431434
      ],
      [
        0.0002736277568883066,
        0.1906904635667937,
        0.005437603889459636,
        0.7121259850109817,
        0.0914723197758767
      ],
      [
        0.1659381201725566,
        0.03632581172657322,
        0.03848912336392205,
        0.6863638880307494,
        0.0728830567061986
      ],
      [
        0.055942527202941024,
        0.1416180787611059,
        0.15275737484787494,
        0.6390976391124131,
        0.010584380075665072
      ],
      [
        0.12139660364853588,
        0.006739053968524794,
        0.14023079393697824,
        0.006435395901855957,
        0.7251981525441051
      ],
      [
        0.0012634846885007022,
        0.16685239114509456,
        0.0013640839721536433,
        0.07119554429578479,
        0.7593244958984664
      ],
      [
        0.018411711743366383,
        0.3178216296668923,
        0.02964742685259109,
        0.4488673651862268,
        0.18525186655092332
      ],
      [
        0.1829524806815447,
        0.002688527146524595,
        0.6360471965502136,
        0.174509754931356,
        0.003802040690361116
      ],
      [
        0.07714031813089119,
        0.047987795798548206,
        0.6352743694338446,
        0.22057180444212773,
        0.019025712194588342
      ],
      [
        0.06983236781259868,
        0.07958421089572212,
        0.8007396003923499,
        0.04773947080010238,
        0.002104350099226779
      ],
      [
        0.04501703705296861,
        0.020404875701220612,
        0.17524599398367943,
        0.4241590694743493,
        0.33517302378778213
      ],
      [
        0.0031385952848300355,
        0.6465537846418377,
        0.01610743276829188,
        0.18142320423453742,
        0.152776983070503
      ],
      [
        0.013344778108800913,
        0.5444267716765661,
        0.0028289497203350454,
        0.23042534804806772,
        0.2089741524462303
      ],
      [
        0.007606592691208287,
        0.6328818171743045,
        0.27301379231921435,
        0.032264739429310005,
        0.05423305838596299
      ],
      [
        0.16616717202629666,
        0.4186292776069242,
        0.270765013039741,
        0.09339671396562693,
        0.051041823361411276
      ],
      [
        0.16765689337239528,
        0.11021721664851765,
        0.3536748553390615,
        0.15188369693336287,
        0.21656733770666267
      ]
    ],
    "predictions": [
      0,
      2,
      3,
      3,
      2,
      2,
      4,
      0,
      0,
      0,
      2,
      3,
      3,
      3,
      3,
      2,
      1,
      3,
      4,
      3,
      3,
      4,
      2,
      4,
      4,
      4,
      4,
      0,
      4,
      3,
      1,
      1,
      3,
      2,
      3,
      3,
      3,
      3,
      4,
      4,
      3,
      2,
      2,
      2,
      3,
      1,
      1,
      1,
      1,
      2
    ],
    "true_labels": [
      1,
      0,
      3,
      2,
      2,
      1,
      0,
      2,
      4,
      0,
      2,
      3,
      1,
      2,
      3,
      2,
      1,
      3,
      4,
      3,
      4,
      1,
      0,
      4,
      0,
      4,
      4,
      0,
      4,
      0,
      1,
      1,
      1,
      2,
      3,
      1,
      3,
      2,
      0,
      4,
      4,
      2,
      3,
      0,
      3,
      2,
      4,
      3,
      1,
      0
    ],
    "patient_ids": [
      "patient101",
      "patient102",
      "patient103",
      "patient104",
      "patient105",
      "patient106",
      "patient107",
      "patient108",
      "patient109",
      "patient110",
      "patient111",
      "patient112",
      "patient113",
      "patient114",
      "patient115",
      "patient116",
      "patient117",
      "patient118",
      "patient119",
      "patient120",
      "patient121",
      "patient122",
      "patient123",
      "patient124",
      "patient125",
      "patient126",
      "patient127",
      "patient128",
      "patient129",
      "patient130",
      "patient131",
      "patient132",
      "patient133",
      "patient134",
      "patient135",
      "patient136",
      "patient137",
      "patient138",
      "patient139",
      "patient140",
      "patient141",
      "patient142",
      "patient143",
      "patient144",
      "patient145",
      "patient146",
      "patient147",
      "patient148",
      "patient149",
      "patient150"
    ]
  },
  "roc_auc": {
    "macro_auc": 0.8084999999999999,
    "per_class_auc": {
      "NOR": 0.795,
      "DCM": 0.8325,
      "HCM": 0.7775,
      "MINF": 0.8300000000000001,
      "RV": 0.8075
    }
  },
  "binary": {
    "accuracy": 0.74,
    "f1": 0.8505747126436781,
    "sensitivity": 0.925,
    "specificity": 0.0,
    "roc_auc": 0.795,
    "binary_labels": [
      1,
      0,
      1,
      1,
      1,
      1,
      0,
      1,
      1,
      0,
      1,
      1,
      1,
      1,
      1,
      1,
      1,
      1,
      1,
      1,
      1,
      1,
      0,
      1,
      0,
      1,
      1,
      0,
      1,
      0,
      1,
      1,
      1,
      1,
      1,
      1,
      1,
      1,
      0,
      1,
      1,
      1,
      1,
      0,
      1,
      1,
      1,
      1,
      1,
      0
    ],
    "binary_probs": [
      0.497435983799729,
      0.7794496628753066,
      0.6969386598165854,
      0.9330940964990284,
      0.8708210310949144,
      0.8476663230132542,
      0.9399692081519542,
      0.33800599126932485,
      0.026126481942441493,
      0.5325715025754106,
      0.7838377437044385,
      0.9859498770378168,
      0.9968041124163561,
      0.9974109553323273,
      0.9009289741004165,
      0.9237209566797936,
      0.9484874915346121,
      0.9994748410015193,
      0.9976489571058812,
      0.9984490619929169,
      0.6376304784958297,
      0.9964190735422905,
      0.6643422905572625,
      0.996630704308971,
      0.7467479618017767,
      0.9814620789226955,
      0.975945337842067,
      0.6015809278348796,
      0.9941999968343316,
      0.7071964415758789,
      0.9997511342383919,
      0.9417287731271439,
      0.9116013079853093,
      0.7716578668906787,
      0.8394402236836518,
      0.9997263722431117,
      0.8340618798274434,
      0.944057472797059,
      0.8786033963514641,
      0.9987365153114993,
      0.9815882882566336,
      0.8170475193184553,
      0.9228596818691088,
      0.9301676321874013,
      0.9549829629470314,
      0.9968614047151699,
      0.9866552218911991,
      0.9923934073087917,
      0.8338328279737033,
      0.8323431066276047
    ]
  }
}