{
  "config": {
    "dataset": "acdc",
    "backbone": "sam",
    "model_name": "sam_vit_base",
    "eval_mode": "logreg",
    "pooling": "gap",
    "embed_dim": 768,
    "best_hyperparam": 0.017782794311642647,
    "hyperparam_name": "C",
    "num_classes": 5,
    "class_names": [
      "NOR",
      "DCM",
      "HCM",
      "MINF",
      "RV"
    ]
  },
  "sweep_results": [
    {
      "param_value": 9.999999974752427e-07,
      "mean_cv_acc": 0.33999999999999997,
      "std_cv_acc": 0.06633249580710801
    },
    {
      "param_value": 1.7782793975129607e-06,
      "mean_cv_acc": 0.33999999999999997,
      "std_cv_acc": 0.06633249580710801
    },
    {
      "param_value": 3.1622776077711023e-06,
      "mean_cv_acc": 0.33999999999999997,
      "std_cv_acc": 0.06633249580710801
    },
    {
      "param_value": 5.6234130170196295e-06,
      "mean_cv_acc": 0.33999999999999997,
      "std_cv_acc": 0.06633249580710801
    },
    {
      "param_value": 9.999999747378752e-06,
      "mean_cv_acc": 0.33999999999999997,
      "std_cv_acc": 0.06633249580710801
    },
    {
      "param_value": 1.778279329300858e-05,
      "mean_cv_acc": 0.35,
      "std_cv_acc": 0.0806225774829855
    },
    {
      "param_value": 3.162277789670043e-05,
      "mean_cv_acc": 0.33999999999999997,
      "std_cv_acc": 0.08
    },
    {
      "param_value": 5.62341338081751e-05,
      "mean_cv_acc": 0.32999999999999996,
      "std_cv_acc": 0.07810249675906655
    },
    {
      "param_value": 9.999999747378752e-05,
      "mean_cv_acc": 0.31999999999999995,
      "std_cv_acc": 0.07483314773547883
    },
    {
      "param_value": 0.00017782794020604342,
      "mean_cv_acc": 0.31999999999999995,
      "std_cv_acc": 0.10770329614269007
    },
    {
      "param_value": 0.0003162277571391314,
      "mean_cv_acc": 0.35,
      "std_cv_acc": 0.12041594578792296
    },
    {
      "param_value": 0.000562341301701963,
      "mean_cv_acc": 0.33999999999999997,
      "std_cv_acc": 0.09165151389911681
    },
    {
      "param_value": 0.0010000000474974513,
      "mean_cv_acc": 0.37,
      "std_cv_acc": 0.1268857754044952
    },
    {
      "param_value": 0.0017782794311642647,
      "mean_cv_acc": 0.42000000000000004,
      "std_cv_acc": 0.14696938456699069
    },
    {
      "param_value": 0.003162277629598975,
      "mean_cv_acc": 0.42000000000000004,
      "std_cv_acc": 0.1661324772583615
    },
    {
      "param_value": 0.005623413249850273,
      "mean_cv_acc": 0.4699999999999999,
      "std_cv_acc": 0.15524174696260024
    },
    {
      "param_value": 0.009999999776482582,
      "mean_cv_acc": 0.47000000000000003,
      "std_cv_acc": 0.1615549442140351
    },
    {
      "param_value": 0.017782794311642647,
      "mean_cv_acc": 0.4800000000000001,
      "std_cv_acc": 0.17204650534085253
    },
    {
      "param_value": 0.03162277489900589,
      "mean_cv_acc": 0.48,
      "std_cv_acc": 0.17776388834631177
    },
    {
      "param_value": 0.05623413249850273,
      "mean_cv_acc": 0.47000000000000003,
      "std_cv_acc": 0.1734935157289747
    },
    {
      "param_value": 0.10000000149011612,
      "mean_cv_acc": 0.45,
      "std_cv_acc": 0.18574175621006708
    },
    {
      "param_value": 0.17782793939113617,
      "mean_cv_acc": 0.4600000000000001,
      "std_cv_acc": 0.2009975124224178
    },
    {
      "param_value": 0.3162277638912201,
      "mean_cv_acc": 0.47000000000000003,
      "std_cv_acc": 0.21470910553583888
    },
    {
      "param_value": 0.5623413324356079,
      "mean_cv_acc": 0.47000000000000003,
      "std_cv_acc": 0.20024984394500783
    },
    {
      "param_value": 1.0,
      "mean_cv_acc": 0.47000000000000003,
      "std_cv_acc": 0.20024984394500783
    },
    {
      "param_value": 1.778279423713684,
      "mean_cv_acc": 0.47000000000000003,
      "std_cv_acc": 0.20024984394500783
    },
    {
      "param_value": 3.1622776985168457,
      "mean_cv_acc": 0.47000000000000003,
      "std_cv_acc": 0.20024984394500783
    },
    {
      "param_value": 5.6234130859375,
      "mean_cv_acc": 0.47000000000000003,
      "std_cv_acc": 0.20024984394500783
    },
    {
      "param_value": 10.0,
      "mean_cv_acc": 0.48,
      "std_cv_acc": 0.18330302779823357
    },
    {
      "param_value": 17.782794952392578,
      "mean_cv_acc": 0.48,
      "std_cv_acc": 0.18330302779823357
    },
    {
      "param_value": 31.62277603149414,
      "mean_cv_acc": 0.48,
      "std_cv_acc": 0.18330302779823357
    },
    {
      "param_value": 56.234130859375,
      "mean_cv_acc": 0.48,
      "std_cv_acc": 0.18330302779823357
    },
    {
      "param_value": 100.0,
      "mean_cv_acc": 0.48,
      "std_cv_acc": 0.18330302779823357
    },
    {
      "param_value": 177.82794189453125,
      "mean_cv_acc": 0.48,
      "std_cv_acc": 0.18330302779823357
    },
    {
      "param_value": 316.2277526855469,
      "mean_cv_acc": 0.48,
      "std_cv_acc": 0.18330302779823357
    },
    {
      "param_value": 562.34130859375,
      "mean_cv_acc": 0.47000000000000003,
      "std_cv_acc": 0.18466185312619385
    },
    {
      "param_value": 1000.0,
      "mean_cv_acc": 0.47000000000000003,
      "std_cv_acc": 0.18466185312619385
    },
    {
      "param_value": 1778.2794189453125,
      "mean_cv_acc": 0.47000000000000003,
      "std_cv_acc": 0.18466185312619385
    },
    {
      "param_value": 3162.277587890625,
      "mean_cv_acc": 0.47000000000000003,
      "std_cv_acc": 0.18466185312619385
    },
    {
      "param_value": 5623.4130859375,
      "mean_cv_acc": 0.47000000000000003,
      "std_cv_acc": 0.18466185312619385
    },
    {
      "param_value": 10000.0,
      "mean_cv_acc": 0.4600000000000001,
      "std_cv_acc": 0.17435595774162693
    },
    {
      "param_value": 17782.794921875,
      "mean_cv_acc": 0.4600000000000001,
      "std_cv_acc": 0.17435595774162693
    },
    {
      "param_value": 31622.77734375,
      "mean_cv_acc": 0.4600000000000001,
      "std_cv_acc": 0.17435595774162693
    },
    {
      "param_value": 56234.1328125,
      "mean_cv_acc": 0.4600000000000001,
      "std_cv_acc": 0.17435595774162693
    },
    {
      "param_value": 100000.0,
      "mean_cv_acc": 0.4600000000000001,
      "std_cv_acc": 0.17435595774162693
    }
  ],
  "five_way": {
    "accuracy": 0.58,
    "macro_f1": 0.5815746196611072,
    "macro_sensitivity": 0.58,
    "macro_specificity": 0.8949999999999999,
    "per_class_sensitivity": {
      "NOR": 0.6,
      "DCM": 0.3,
      "HCM": 0.5,
      "MINF": 0.8,
      "RV": 0.7
    },
    "per_class_specificity": {
      "NOR": 0.95,
      "DCM": 0.95,
      "HCM": 0.95,
      "MINF": 0.675,
      "RV": 0.95
    },
    "confusion_matrix": [
      [
        6,
        0,
        2,
        1,
        1
      ],
      [
        0,
        3,
        0,
        6,
        1
      ],
      [
        0,
        1,
        5,
        4,
        0
      ],
      [
        1,
        1,
        0,
        8,
        0
      ],
      [
        1,
        0,
        0,
        2,
        7
      ]
    ],
    "classification_report": {
      "NOR": {
        "precision": 0.75,
        "recall": 0.6,
        "f1-score": 0.6666666666666666,
        "support": 10.0
      },
      "DCM": {
        "precision": 0.6,
        "recall": 0.3,
        "f1-score": 0.4,
        "support": 10.0
      },
      "HCM": {
        "precision": 0.7142857142857143,
        "recall": 0.5,
        "f1-score": 0.5882352941176471,
        "support": 10.0
      },
      "MINF": {
        "precision": 0.38095238095238093,
        "recall": 0.8,
        "f1-score": 0.5161290322580645,
        "support": 10.0
      },
      "RV": {
        "precision": 0.7777777777777778,
        "recall": 0.7,
        "f1-score": 0.7368421052631579,
        "support": 10.0
      },
      "accuracy": 0.58,
      "macro avg": {
        "precision": 0.6446031746031746,
        "recall": 0.5800000000000001,
        "f1-score": 0.5815746196611072,
        "support": 50.0
      },
      "weighted avg": {
        "precision": 0.6446031746031745,
        "recall": 0.58,
        "f1-score": 0.5815746196611071,
        "support": 50.0
      }
    },
    "probabilities": [
      [
        0.27124402463514063,
        0.09132895595441935,
        0.06905146198249423,
        0.5019363833575174,
        0.06643917407042828
      ],
      [
        0.13249526269503312,
        0.1596642937245757,
        0.2971898270972659,
        0.19193962135946152,
        0.21871099512366377
      ],
      [
        0.15543608713424137,
        0.028441232182456578,
        0.13801446632608214,
        0.6745789386481081,
        0.0035292757091118813
      ],
      [
        0.08347704275931397,
        0.041534733381556686,
        0.33434813364270155,
        0.5263729744211977,
        0.014267115795230033
      ],
      [
        0.1984825688962435,
        0.014095337274870176,
        0.6022807433752808,
        0.11633413878053495,
        0.06880721167307052
      ],
      [
        0.14245658308219747,
        0.24607409108198694,
        0.07271735163706552,
        0.2777569663642779,
        0.2609950078344721
      ],
      [
        0.1340197690960609,
        0.028448973174920136,
        0.05943358859703327,
        0.46685223212861693,
        0.3112454370033688
      ],
      [
        0.3584398339548724,
        0.03338245857641676,
        0.03900951671898346,
        0.48906232082247647,
        0.08010586992725097
      ],
      [
        0.9333810329204646,
        0.003535139841891035,
        0.005432558436024675,
        0.044432468780100876,
        0.013218800021518626
      ],
      [
        0.6338553675442027,
        0.006219491765455901,
        0.02590870445304382,
        0.25990026141549316,
        0.07411617482180441
      ],
      [
        0.04145013280454187,
        0.0009522583275275895,
        0.9323436341806007,
        0.025073546101696726,
        0.00018042858563316677
      ],
      [
        0.012193796024605706,
        0.025119405813822368,
        0.0043620492177954715,
        0.9035703450630495,
        0.05475440388072704
      ],
      [
        0.01846715888682091,
        0.12553803889129955,
        0.0026514506224684436,
        0.8188906006105773,
        0.03445275098883387
      ],
      [
        0.008333575095144721,
        0.11986539571869076,
        0.13057826738496345,
        0.6135023021186912,
        0.1277204596825098
      ],
      [
        0.033176668795186985,
        0.046719384246224904,
        0.08893816413072413,
        0.7475657041872191,
        0.08360007864064492
      ],
      [
        0.09093297678908983,
        0.02791323748810795,
        0.7905787668996156,
        0.05511633806960375,
        0.035458680753582966
      ],
      [
        0.03026553304271776,
        0.3338788128529532,
        0.07707122937593397,
        0.49853236123611466,
        0.06025206349228053
      ],
      [
        0.004770842136335616,
        0.04933545592297889,
        0.003183835589895645,
        0.932584133823474,
        0.01012573252731576
      ],
      [
        0.004163384159481737,
        0.11137859096937157,
        0.0004260632644683754,
        0.03391616168685441,
        0.8501157999198239
      ],
      [
        0.026483554381937054,
        0.03909024455005971,
        0.08147002399805993,
        0.7941446772594868,
        0.05881149981045647
      ],
      [
        0.21864066192950427,
        0.004068789508051287,
        0.0008617723669079535,
        0.7502667622923713,
        0.026162013903165235
      ],
      [
        0.016724061753892384,
        0.15869388228748507,
        0.06617823882524136,
        0.16555419576547756,
        0.5928496213679036
      ],
      [
        0.4779186715956352,
        0.0007362992097685189,
        0.4156366790864125,
        0.09189573820558652,
        0.013812611902597333
      ],
      [
        0.0007243780942729786,
        0.004755513255005104,
        0.00041523721407110795,
        0.013384131747339411,
        0.9807207396893115
      ],
      [
        0.4879136494075463,
        0.005565419509845454,
        0.011445733535044864,
        0.2124950292240368,
        0.2825801683235267
      ],
      [
        0.14829102126751953,
        0.19743375888396944,
        0.06689003356595168,
        0.12850196840380798,
        0.45888321787875136
      ],
      [
        0.0028299920410162142,
        0.033089203595081454,
        0.0012537879970416807,
        0.0031998261009694154,
        0.9596271902658913
      ],
      [
        0.6010976301528489,
        0.01022160858637089,
        0.27582360205904466,
        0.0275616520255169,
        0.0852955071762187
      ],
      [
        0.010029284446505487,
        0.022407871695661608,
        0.0004766183509739322,
        0.20173069414131203,
        0.7653555313655469
      ],
      [
        0.4292874454245449,
        0.13711254511047574,
        0.0037744326240435563,
        0.3742115594577318,
        0.05561401738320397
      ],
      [
        0.001736163150057215,
        0.42218925107446403,
        0.01355672893633767,
        0.28829093459374683,
        0.27422692224539424
      ],
      [
        0.021270574281582064,
        0.8528235726914776,
        0.04716158755575682,
        0.014798834164125068,
        0.06394543130705842
      ],
      [
        0.14482796580848137,
        0.31926939882052235,
        0.01609924441892289,
        0.4825466889703337,
        0.037256701981739616
      ],
      [
        0.26654596155165455,
        0.007392476540478734,
        0.4154524272802829,
        0.2938476130339078,
        0.016761521593676165
      ],
      [
        0.11435843923583497,
        0.01900269570401173,
        0.0011153494140454996,
        0.6859406500578458,
        0.17958286558826209
      ],
      [
        0.00031839499205630874,
        0.10241087270721183,
        0.0032518503895157375,
        0.7654571074603564,
        0.12856177445085973
      ],
      [
        0.06237753717911115,
        0.030326782849863787,
        0.013426311450852447,
        0.7820598657392793,
        0.11180950278089334
      ],
      [
        0.02369853795139972,
        0.03488659765747117,
        0.34110946852905866,
        0.5942268066924481,
        0.006078589169622175
      ],
      [
        0.17353542388737378,
        0.026627683209971467,
        0.02728304306694672,
        0.006513607928291441,
        0.7660402419074166
      ],
      [
        0.012409390821135392,
        0.2606398670633297,
        0.015148737588187633,
        0.10559240888419943,
        0.6062095956431478
      ],
      [
        0.016334666665973274,
        0.15467645259346202,
        0.011692071169899029,
        0.5104809041858894,
        0.30681590538477627
      ],
      [
        0.11402894860076486,
        0.002430745883025529,
        0.7100961602129621,
        0.1690442900194281,
        0.004399855283819449
      ],
      [
        0.053590171968372895,
        0.035528971339173536,
        0.34250819553223494,
        0.4903840795897096,
        0.07798858157050911
      ],
      [
        0.2483060363177274,
        0.07459590666929675,
        0.6067153015759115,
        0.0476572280294976,
        0.022725527407566806
      ],
      [
        0.48610125087133227,
        0.017731955382565105,
        0.07255210141118143,
        0.2482446690346207,
        0.1753700233003004
      ],
      [
        0.0261975157944685,
        0.4632398026486278,
        0.023253443024047582,
        0.2250908019002001,
        0.262218436632656
      ],
      [
        0.003760328832421677,
        0.1037247815117529,
        0.00043065114297780754,
        0.02400774624297699,
        0.8680764922698706
      ],
      [
        0.006310591310582639,
        0.7635846328845156,
        0.17347120853867085,
        0.047437652211346264,
        0.009195915054884658
      ],
      [
        0.14607860696426445,
        0.4007681346877224,
        0.09509325339190403,
        0.12647599255861805,
        0.231584012397491
      ],
      [
        0.3650819066874482,
        0.07205962027931961,
        0.1806014075208457,
        0.10600843660773085,
        0.27624862890465557
      ]
    ],
    "predictions": [
      3,
      2,
      3,
      3,
      2,
      3,
      3,
      3,
      0,
      0,
      2,
      3,
      3,
      3,
      3,
      2,
      3,
      3,
      4,
      3,
      3,
      4,
      0,
      4,
      0,
      4,
      4,
      0,
      4,
      0,
      1,
      1,
      3,
      2,
      3,
      3,
      3,
      3,
      4,
      4,
      3,
      2,
      3,
      2,
      0,
      1,
      4,
      1,
      1,
      0
    ],
    "true_labels": [
      1,
      0,
      3,
      2,
      2,
      1,
      0,
      2,
      4,
      0,
      2,
      3,
      1,
      2,
      3,
      2,
      1,
      3,
      4,
      3,
      4,
      1,
      0,
      4,
      0,
      4,
      4,
      0,
      4,
      0,
      1,
      1,
      1,
      2,
      3,
      1,
      3,
      2,
      0,
      4,
      4,
      2,
      3,
      0,
      3,
      2,
      4,
      3,
      1,
      0
    ],
    "patient_ids": [
      "patient101",
      "patient102",
      "patient103",
      "patient104",
      "patient105",
      "patient106",
      "patient107",
      "patient108",
      "patient109",
      "patient110",
      "patient111",
      "patient112",
      "patient113",
      "patient114",
      "patient115",
      "patient116",
      "patient117",
      "patient118",
      "patient119",
      "patient120",
      "patient121",
      "patient122",
      "patient123",
      "patient124",
      "patient125",
      "patient126",
      "patient127",
      "patient128",
      "patient129",
      "patient130",
      "patient131",
      "patient132",
      "patient133",
      "patient134",
      "patient135",
      "patient136",
      "patient137",
      "patient138",
      "patient139",
      "patient140",
      "patient141",
      "patient142",
      "patient143",
      "patient144",
      "patient145",
      "patient146",
      "patient147",
      "patient148",
      "patient149",
      "patient150"
    ]
  },
  "roc_auc": {
    "macro_auc": 0.858,
    "per_class_auc": {
      "NOR": 0.8875,
      "DCM": 0.8925000000000001,
      "HCM": 0.8574999999999999,
      "MINF": 0.8300000000000001,
      "RV": 0.8225
    }
  },
  "binary": {
    "accuracy": 0.82,
    "f1": 0.896551724137931,
    "sensitivity": 0.975,
    "specificity": 0.2,
    "roc_auc": 0.8875,
    "binary_labels": [
      1,
      0,
      1,
      1,
      1,
      1,
      0,
      1,
      1,
      0,
      1,
      1,
      1,
      1,
      1,
      1,
      1,
      1,
      1,
      1,
      1,
      1,
      0,
      1,
      0,
      1,
      1,
      0,
      1,
      0,
      1,
      1,
      1,
      1,
      1,
      1,
      1,
      1,
      0,
      1,
      1,
      1,
      1,
      0,
      1,
      1,
      1,
      1,
      1,
      0
    ],
    "binary_probs": [
      0.7287559753648594,
      0.8675047373049669,
      0.8445639128657586,
      0.916522957240686,
      0.8015174311037565,
      0.8575434169178026,
      0.865980230903939,
      0.6415601660451276,
      0.06661896707953541,
      0.3661446324557973,
      0.9585498671954581,
      0.9878062039753943,
      0.9815328411131791,
      0.9916664249048552,
      0.966823331204813,
      0.9090670232109102,
      0.9697344669572823,
      0.9952291578636644,
      0.9958366158405183,
      0.9735164456180629,
      0.7813593380704957,
      0.9832759382461076,
      0.5220813284043648,
      0.999275621905727,
      0.5120863505924538,
      0.8517089787324805,
      0.9971700079589838,
      0.3989023698471511,
      0.9899707155534945,
      0.5707125545754551,
      0.9982638368499428,
      0.9787294257184179,
      0.8551720341915187,
      0.7334540384483454,
      0.885641560764165,
      0.9996816050079437,
      0.9376224628208889,
      0.9763014620486002,
      0.8264645761126262,
      0.9875906091788647,
      0.9836653333340267,
      0.8859710513992352,
      0.9464098280316271,
      0.7516939636822726,
      0.5138987491286677,
      0.9738024842055315,
      0.9962396711675783,
      0.9936894086894174,
      0.8539213930357356,
      0.6349180933125518
    ]
  }
}