{
  "config": {
    "dataset": "acdc",
    "backbone": "sam",
    "model_name": "sam_vit_huge",
    "eval_mode": "logreg",
    "pooling": "gap",
    "embed_dim": 1280,
    "best_hyperparam": 0.10000000149011612,
    "hyperparam_name": "C",
    "num_classes": 5,
    "class_names": [
      "NOR",
      "DCM",
      "HCM",
      "MINF",
      "RV"
    ]
  },
  "sweep_results": [
    {
      "param_value": 9.999999974752427e-07,
      "mean_cv_acc": 0.33,
      "std_cv_acc": 0.09
    },
    {
      "param_value": 1.7782793975129607e-06,
      "mean_cv_acc": 0.33,
      "std_cv_acc": 0.09
    },
    {
      "param_value": 3.1622776077711023e-06,
      "mean_cv_acc": 0.33,
      "std_cv_acc": 0.09
    },
    {
      "param_value": 5.6234130170196295e-06,
      "mean_cv_acc": 0.33,
      "std_cv_acc": 0.09
    },
    {
      "param_value": 9.999999747378752e-06,
      "mean_cv_acc": 0.32,
      "std_cv_acc": 0.08717797887081347
    },
    {
      "param_value": 1.778279329300858e-05,
      "mean_cv_acc": 0.31,
      "std_cv_acc": 0.09433981132056604
    },
    {
      "param_value": 3.162277789670043e-05,
      "mean_cv_acc": 0.31,
      "std_cv_acc": 0.09433981132056604
    },
    {
      "param_value": 5.62341338081751e-05,
      "mean_cv_acc": 0.31,
      "std_cv_acc": 0.09433981132056604
    },
    {
      "param_value": 9.999999747378752e-05,
      "mean_cv_acc": 0.33,
      "std_cv_acc": 0.1004987562112089
    },
    {
      "param_value": 0.00017782794020604342,
      "mean_cv_acc": 0.34,
      "std_cv_acc": 0.11135528725660045
    },
    {
      "param_value": 0.0003162277571391314,
      "mean_cv_acc": 0.33999999999999997,
      "std_cv_acc": 0.09165151389911681
    },
    {
      "param_value": 0.000562341301701963,
      "mean_cv_acc": 0.37,
      "std_cv_acc": 0.1345362404707371
    },
    {
      "param_value": 0.0010000000474974513,
      "mean_cv_acc": 0.38,
      "std_cv_acc": 0.16
    },
    {
      "param_value": 0.0017782794311642647,
      "mean_cv_acc": 0.39,
      "std_cv_acc": 0.17578395831246946
    },
    {
      "param_value": 0.003162277629598975,
      "mean_cv_acc": 0.4,
      "std_cv_acc": 0.18973665961010278
    },
    {
      "param_value": 0.005623413249850273,
      "mean_cv_acc": 0.4200000000000001,
      "std_cv_acc": 0.18330302779823363
    },
    {
      "param_value": 0.009999999776482582,
      "mean_cv_acc": 0.43,
      "std_cv_acc": 0.20024984394500786
    },
    {
      "param_value": 0.017782794311642647,
      "mean_cv_acc": 0.43,
      "std_cv_acc": 0.20024984394500786
    },
    {
      "param_value": 0.03162277489900589,
      "mean_cv_acc": 0.44000000000000006,
      "std_cv_acc": 0.21071307505705478
    },
    {
      "param_value": 0.05623413249850273,
      "mean_cv_acc": 0.45,
      "std_cv_acc": 0.20124611797498107
    },
    {
      "param_value": 0.10000000149011612,
      "mean_cv_acc": 0.45999999999999996,
      "std_cv_acc": 0.19595917942265426
    },
    {
      "param_value": 0.17782793939113617,
      "mean_cv_acc": 0.45,
      "std_cv_acc": 0.206155281280883
    },
    {
      "param_value": 0.3162277638912201,
      "mean_cv_acc": 0.44000000000000006,
      "std_cv_acc": 0.2009975124224178
    },
    {
      "param_value": 0.5623413324356079,
      "mean_cv_acc": 0.43000000000000005,
      "std_cv_acc": 0.21470910553583888
    },
    {
      "param_value": 1.0,
      "mean_cv_acc": 0.44000000000000006,
      "std_cv_acc": 0.2009975124224178
    },
    {
      "param_value": 1.778279423713684,
      "mean_cv_acc": 0.45,
      "std_cv_acc": 0.19104973174542797
    },
    {
      "param_value": 3.1622776985168457,
      "mean_cv_acc": 0.44000000000000006,
      "std_cv_acc": 0.21071307505705475
    },
    {
      "param_value": 5.6234130859375,
      "mean_cv_acc": 0.44000000000000006,
      "std_cv_acc": 0.21071307505705475
    },
    {
      "param_value": 10.0,
      "mean_cv_acc": 0.44000000000000006,
      "std_cv_acc": 0.21071307505705475
    },
    {
      "param_value": 17.782794952392578,
      "mean_cv_acc": 0.45,
      "std_cv_acc": 0.21095023109728986
    },
    {
      "param_value": 31.62277603149414,
      "mean_cv_acc": 0.45,
      "std_cv_acc": 0.21095023109728986
    },
    {
      "param_value": 56.234130859375,
      "mean_cv_acc": 0.45,
      "std_cv_acc": 0.21095023109728986
    },
    {
      "param_value": 100.0,
      "mean_cv_acc": 0.45,
      "std_cv_acc": 0.21095023109728986
    },
    {
      "param_value": 177.82794189453125,
      "mean_cv_acc": 0.45,
      "std_cv_acc": 0.21095023109728986
    },
    {
      "param_value": 316.2277526855469,
      "mean_cv_acc": 0.45,
      "std_cv_acc": 0.21095023109728986
    },
    {
      "param_value": 562.34130859375,
      "mean_cv_acc": 0.45,
      "std_cv_acc": 0.21095023109728986
    },
    {
      "param_value": 1000.0,
      "mean_cv_acc": 0.45,
      "std_cv_acc": 0.21095023109728986
    },
    {
      "param_value": 1778.2794189453125,
      "mean_cv_acc": 0.45,
      "std_cv_acc": 0.21095023109728986
    },
    {
      "param_value": 3162.277587890625,
      "mean_cv_acc": 0.45,
      "std_cv_acc": 0.21095023109728986
    },
    {
      "param_value": 5623.4130859375,
      "mean_cv_acc": 0.45,
      "std_cv_acc": 0.21095023109728986
    },
    {
      "param_value": 10000.0,
      "mean_cv_acc": 0.45,
      "std_cv_acc": 0.21095023109728986
    },
    {
      "param_value": 17782.794921875,
      "mean_cv_acc": 0.45999999999999996,
      "std_cv_acc": 0.21071307505705478
    },
    {
      "param_value": 31622.77734375,
      "mean_cv_acc": 0.45999999999999996,
      "std_cv_acc": 0.21071307505705478
    },
    {
      "param_value": 56234.1328125,
      "mean_cv_acc": 0.45999999999999996,
      "std_cv_acc": 0.21071307505705478
    },
    {
      "param_value": 100000.0,
      "mean_cv_acc": 0.45999999999999996,
      "std_cv_acc": 0.21071307505705478
    }
  ],
  "five_way": {
    "accuracy": 0.5,
    "macro_f1": 0.47807592002318167,
    "macro_sensitivity": 0.5,
    "macro_specificity": 0.875,
    "per_class_sensitivity": {
      "NOR": 0.3,
      "DCM": 0.2,
      "HCM": 0.6,
      "MINF": 0.8,
      "RV": 0.6
    },
    "per_class_specificity": {
      "NOR": 0.9,
      "DCM": 0.95,
      "HCM": 0.9,
      "MINF": 0.725,
      "RV": 0.9
    },
    "confusion_matrix": [
      [
        3,
        0,
        3,
        2,
        2
      ],
      [
        2,
        2,
        0,
        5,
        1
      ],
      [
        1,
        0,
        6,
        2,
        1
      ],
      [
        0,
        1,
        1,
        8,
        0
      ],
      [
        1,
        1,
        0,
        2,
        6
      ]
    ],
    "classification_report": {
      "NOR": {
        "precision": 0.42857142857142855,
        "recall": 0.3,
        "f1-score": 0.35294117647058826,
        "support": 10.0
      },
      "DCM": {
        "precision": 0.5,
        "recall": 0.2,
        "f1-score": 0.2857142857142857,
        "support": 10.0
      },
      "HCM": {
        "precision": 0.6,
        "recall": 0.6,
        "f1-score": 0.6,
        "support": 10.0
      },
      "MINF": {
        "precision": 0.42105263157894735,
        "recall": 0.8,
        "f1-score": 0.5517241379310345,
        "support": 10.0
      },
      "RV": {
        "precision": 0.6,
        "recall": 0.6,
        "f1-score": 0.6,
        "support": 10.0
      },
      "accuracy": 0.5,
      "macro avg": {
        "precision": 0.5099248120300752,
        "recall": 0.5,
        "f1-score": 0.47807592002318167,
        "support": 50.0
      },
      "weighted avg": {
        "precision": 0.5099248120300751,
        "recall": 0.5,
        "f1-score": 0.4780759200231817,
        "support": 50.0
      }
    },
    "probabilities": [
      [
        0.4892978926363122,
        0.14486053369388321,
        0.031417782562332144,
        0.3076186178388423,
        0.026805173268630057
      ],
      [
        0.1099929815320381,
        0.053553637659943754,
        0.6636124590925053,
        0.11202932842547769,
        0.06081159329003518
      ],
      [
        0.06467983950769308,
        0.016859969798313276,
        0.06551610882307601,
        0.8528291643658777,
        0.00011491750503976946
      ],
      [
        0.002809672988919757,
        0.0024134733245554287,
        0.6716315406663438,
        0.3179479949889713,
        0.005197318031209761
      ],
      [
        0.07414888783116932,
        0.10608842963576455,
        0.4215214066789429,
        0.20165183333188902,
        0.1965894425222343
      ],
      [
        0.06957202511150433,
        0.2522883126059463,
        0.22441227108484949,
        0.3418041179625277,
        0.11192327323517226
      ],
      [
        0.005644378694725322,
        0.021572200340706848,
        0.004261504779275369,
        0.025143575433537253,
        0.9433783407517552
      ],
      [
        0.803670142699778,
        0.0015774438485464928,
        0.007023424044041039,
        0.18552193606525658,
        0.0022070533423778488
      ],
      [
        0.9962530947446471,
        0.0002482639903180949,
        0.0002570885210676543,
        0.0017476408417509148,
        0.001493911902216124
      ],
      [
        0.26172865894655134,
        0.0037665596259922997,
        0.021873819187440382,
        0.6788897754097983,
        0.03374118683021763
      ],
      [
        0.005642859343524047,
        7.988321264157097e-05,
        0.9939922902199274,
        0.00028473265266044966,
        2.3457124641187513e-07
      ],
      [
        0.000777151853674321,
        0.0182201631754684,
        0.0008605723331023089,
        0.9735104862883237,
        0.0066316263494311375
      ],
      [
        0.00012669563117028993,
        0.10854255897554786,
        2.4080179204709204e-05,
        0.8873274393906728,
        0.0039792258234043806
      ],
      [
        3.097408366891498e-05,
        0.0024858741160024888,
        0.008015220107008923,
        0.9879712279582621,
        0.001496703735057576
      ],
      [
        0.29236606108797814,
        0.01771950075747996,
        0.014592280621182976,
        0.6657150879146548,
        0.009607069618704124
      ],
      [
        0.14726391574421357,
        0.02019843888923488,
        0.6510742164250541,
        0.16065787728054542,
        0.020805551660951986
      ],
      [
        0.01721732494153393,
        0.4276574758828406,
        0.06080745791486039,
        0.48598231109811907,
        0.008335430162645877
      ],
      [
        0.00012545122289239196,
        0.006707759411469757,
        1.0757910546660397e-05,
        0.9900085683581479,
        0.003147463096943337
      ],
      [
        0.00044305687844766205,
        0.05048336085456273,
        5.8771977941408744e-05,
        0.0016777391957728928,
        0.9473370710932753
      ],
      [
        0.0020373033337914297,
        0.003524454647794042,
        0.025892404294170706,
        0.9493047249738505,
        0.019241112750393276
      ],
      [
        0.3023225124325535,
        6.322785182502772e-05,
        3.3943543384932622e-06,
        0.6975253441757111,
        8.552118557189902e-05
      ],
      [
        0.0012217350920310647,
        0.056103257955554785,
        0.034231975787151335,
        0.037860674401605086,
        0.8705823567636578
      ],
      [
        0.30926525566829427,
        2.872440017592489e-05,
        0.6668626373631459,
        0.023350276909057957,
        0.0004931056593259936
      ],
      [
        5.1370178441107205e-05,
        0.0035056744466500406,
        0.00011159496210509793,
        0.034323047268497046,
        0.9620083131443067
      ],
      [
        0.38993043928200743,
        0.04014474470388609,
        0.0037644435735979444,
        0.37655835226024775,
        0.18960202018026076
      ],
      [
        0.257238906960229,
        0.03049313688929777,
        0.22342801885006847,
        0.03691562108413803,
        0.45192431621626666
      ],
      [
        0.0020922370238862105,
        0.0008614319737624099,
        0.00492133031419081,
        0.006076226233042716,
        0.9860487744551178
      ],
      [
        0.6165425344137511,
        0.011953299304787404,
        0.026892948736126965,
        0.039806241164577046,
        0.3048049763807575
      ],
      [
        0.0018242278280787567,
        0.0012315682763946794,
        1.5462183806274904e-05,
        0.19702819282228806,
        0.7999005488894322
      ],
      [
        0.20999319110510783,
        0.1917410124326192,
        0.00017946976819533663,
        0.5953238813653123,
        0.0027624453287653453
      ],
      [
        9.215727896728453e-05,
        0.952697047043003,
        0.00281200706762706,
        0.04271085194134124,
        0.0016879366690613453
      ],
      [
        0.0005899645561995606,
        0.8886975290992869,
        0.04161032990692187,
        0.032382997008806896,
        0.03671917942878497
      ],
      [
        0.020610472701389482,
        0.044720421876056085,
        0.005170457776029602,
        0.9284907683617503,
        0.0010078792847746363
      ],
      [
        0.10503243364516167,
        0.00567078979235467,
        0.6764211621990794,
        0.15422276902207813,
        0.05865284534132608
      ],
      [
        0.466613408449375,
        0.00042717050323025905,
        0.00020331400089659263,
        0.5169139994571762,
        0.015842107589321967
      ],
      [
        8.343296208061977e-06,
        0.12668827288015996,
        0.00011187528687634493,
        0.8679707656857962,
        0.00522074285095936
      ],
      [
        0.021784009081837127,
        0.01487091923510187,
        0.00506827124391081,
        0.9250890013082429,
        0.03318779913090722
      ],
      [
        0.008527579810080933,
        0.023535853366237036,
        0.20600790790018397,
        0.7617906312458016,
        0.0001380276776963727
      ],
      [
        0.012730888232290665,
        0.031094952686364936,
        0.15896023132709503,
        0.008664666246138583,
        0.7885492615081109
      ],
      [
        0.00024738972575367936,
        0.011430095259674951,
        0.0018463911241139047,
        0.004675320372698279,
        0.9818008035177593
      ],
      [
        0.001989159660857506,
        0.4080751802632546,
        0.00844912539358237,
        0.49924690412329054,
        0.08223963055901515
      ],
      [
        0.007635049544344274,
        0.0008309495450882914,
        0.9590862298255451,
        0.030439462022371685,
        0.0020083090626503604
      ],
      [
        0.045993412100127376,
        0.0024790460760638466,
        0.50150709073978,
        0.4484537260433394,
        0.001566725040689419
      ],
      [
        0.13962085513021036,
        0.36171163433157405,
        0.4770910627930744,
        0.01619436801763427,
        0.005382079727506827
      ],
      [
        0.07120028504852938,
        0.0030078060631359054,
        0.1678570863883706,
        0.7127537898097706,
        0.04518103269019339
      ],
      [
        0.0011644263023972037,
        0.17856031681740417,
        0.07457967563006371,
        0.2579912820041957,
        0.48770429924593917
      ],
      [
        0.055772038926228375,
        0.4851597463109295,
        0.0003068140009153447,
        0.04526843691305768,
        0.4134929638488691
      ],
      [
        0.00035921423041578287,
        0.8751004911316687,
        0.015079300362606454,
        0.040221246642772775,
        0.0692397476325363
      ],
      [
        0.5790336288332766,
        0.3728296460298721,
        0.02635221033190587,
        0.006474296030293963,
        0.015310218774651482
      ],
      [
        0.6343958072690106,
        0.046458712334741865,
        0.04452278841591423,
        0.037531182763924864,
        0.23709150921640845
      ]
    ],
    "predictions": [
      0,
      2,
      3,
      2,
      2,
      3,
      4,
      0,
      0,
      3,
      2,
      3,
      3,
      3,
      3,
      2,
      3,
      3,
      4,
      3,
      3,
      4,
      2,
      4,
      0,
      4,
      4,
      0,
      4,
      3,
      1,
      1,
      3,
      2,
      3,
      3,
      3,
      3,
      4,
      4,
      3,
      2,
      2,
      2,
      3,
      4,
      1,
      1,
      0,
      0
    ],
    "true_labels": [
      1,
      0,
      3,
      2,
      2,
      1,
      0,
      2,
      4,
      0,
      2,
      3,
      1,
      2,
      3,
      2,
      1,
      3,
      4,
      3,
      4,
      1,
      0,
      4,
      0,
      4,
      4,
      0,
      4,
      0,
      1,
      1,
      1,
      2,
      3,
      1,
      3,
      2,
      0,
      4,
      4,
      2,
      3,
      0,
      3,
      2,
      4,
      3,
      1,
      0
    ],
    "patient_ids": [
      "patient101",
      "patient102",
      "patient103",
      "patient104",
      "patient105",
      "patient106",
      "patient107",
      "patient108",
      "patient109",
      "patient110",
      "patient111",
      "patient112",
      "patient113",
      "patient114",
      "patient115",
      "patient116",
      "patient117",
      "patient118",
      "patient119",
      "patient120",
      "patient121",
      "patient122",
      "patient123",
      "patient124",
      "patient125",
      "patient126",
      "patient127",
      "patient128",
      "patient129",
      "patient130",
      "patient131",
      "patient132",
      "patient133",
      "patient134",
      "patient135",
      "patient136",
      "patient137",
      "patient138",
      "patient139",
      "patient140",
      "patient141",
      "patient142",
      "patient143",
      "patient144",
      "patient145",
      "patient146",
      "patient147",
      "patient148",
      "patient149",
      "patient150"
    ]
  },
  "roc_auc": {
    "macro_auc": 0.8265,
    "per_class_auc": {
      "NOR": 0.7825,
      "DCM": 0.89,
      "HCM": 0.845,
      "MINF": 0.8475,
      "RV": 0.7675000000000001
    }
  },
  "binary": {
    "accuracy": 0.78,
    "f1": 0.8705882352941177,
    "sensitivity": 0.925,
    "specificity": 0.2,
    "roc_auc": 0.7825,
    "binary_labels": [
      1,
      0,
      1,
      1,
      1,
      1,
      0,
      1,
      1,
      0,
      1,
      1,
      1,
      1,
      1,
      1,
      1,
      1,
      1,
      1,
      1,
      1,
      0,
      1,
      0,
      1,
      1,
      0,
      1,
      0,
      1,
      1,
      1,
      1,
      1,
      1,
      1,
      1,
      0,
      1,
      1,
      1,
      1,
      0,
      1,
      1,
      1,
      1,
      1,
      0
    ],
    "binary_probs": [
      0.5107021073636878,
      0.8900070184679619,
      0.9353201604923069,
      0.9971903270110802,
      0.9258511121688306,
      0.9304279748884957,
      0.9943556213052747,
      0.196329857300222,
      0.003746905255352928,
      0.7382713410534487,
      0.994357140656476,
      0.9992228481463257,
      0.9998733043688297,
      0.9999690259163311,
      0.7076339389120219,
      0.8527360842557864,
      0.9827826750584661,
      0.9998745487771076,
      0.9995569431215523,
      0.9979626966662085,
      0.6976774875674465,
      0.998778264907969,
      0.6907347443317058,
      0.9999486298215589,
      0.6100695607179926,
      0.742761093039771,
      0.9979077629761138,
      0.38345746558624894,
      0.9981757721719212,
      0.7900068088948922,
      0.9999078427210327,
      0.9994100354438005,
      0.9793895272986105,
      0.8949675663548383,
      0.5333865915506251,
      0.999991656703792,
      0.9782159909181629,
      0.9914724201899191,
      0.9872691117677094,
      0.9997526102742463,
      0.9980108403391424,
      0.9923649504556558,
      0.9540065878998726,
      0.8603791448697896,
      0.9287997149514706,
      0.9988355736976028,
      0.9442279610737716,
      0.9996407857695843,
      0.4209663711667234,
      0.36560419273098943
    ]
  }
}