{
  "config": {
    "backbone": "cinema",
    "model_name": "cinema_pretrained",
    "eval_mode": "logreg",
    "freeze_backbone": true,
    "pooling": "gap",
    "embed_dim": 768,
    "best_hyperparam": 0.3162277638912201,
    "hyperparam_name": "C"
  },
  "sweep_results": [
    {
      "param_value": 9.999999974752427e-07,
      "mean_cv_acc": 0.4,
      "std_cv_acc": 0.12649110640673517
    },
    {
      "param_value": 1.7782793975129607e-06,
      "mean_cv_acc": 0.4,
      "std_cv_acc": 0.12649110640673517
    },
    {
      "param_value": 3.1622776077711023e-06,
      "mean_cv_acc": 0.4,
      "std_cv_acc": 0.12649110640673517
    },
    {
      "param_value": 5.6234130170196295e-06,
      "mean_cv_acc": 0.39,
      "std_cv_acc": 0.11357816691600547
    },
    {
      "param_value": 9.999999747378752e-06,
      "mean_cv_acc": 0.39,
      "std_cv_acc": 0.11357816691600547
    },
    {
      "param_value": 1.778279329300858e-05,
      "mean_cv_acc": 0.39,
      "std_cv_acc": 0.11357816691600547
    },
    {
      "param_value": 3.162277789670043e-05,
      "mean_cv_acc": 0.39999999999999997,
      "std_cv_acc": 0.14832396974191325
    },
    {
      "param_value": 5.62341338081751e-05,
      "mean_cv_acc": 0.41999999999999993,
      "std_cv_acc": 0.14696938456699066
    },
    {
      "param_value": 9.999999747378752e-05,
      "mean_cv_acc": 0.43,
      "std_cv_acc": 0.1268857754044952
    },
    {
      "param_value": 0.00017782794020604342,
      "mean_cv_acc": 0.41999999999999993,
      "std_cv_acc": 0.132664991614216
    },
    {
      "param_value": 0.0003162277571391314,
      "mean_cv_acc": 0.43999999999999995,
      "std_cv_acc": 0.14966629547095764
    },
    {
      "param_value": 0.000562341301701963,
      "mean_cv_acc": 0.49000000000000005,
      "std_cv_acc": 0.20223748416156684
    },
    {
      "param_value": 0.0010000000474974513,
      "mean_cv_acc": 0.5399999999999999,
      "std_cv_acc": 0.21071307505705478
    },
    {
      "param_value": 0.0017782794311642647,
      "mean_cv_acc": 0.55,
      "std_cv_acc": 0.24596747752497686
    },
    {
      "param_value": 0.003162277629598975,
      "mean_cv_acc": 0.5599999999999999,
      "std_cv_acc": 0.24576411454889013
    },
    {
      "param_value": 0.005623413249850273,
      "mean_cv_acc": 0.56,
      "std_cv_acc": 0.23323807579381203
    },
    {
      "param_value": 0.009999999776482582,
      "mean_cv_acc": 0.59,
      "std_cv_acc": 0.20223748416156687
    },
    {
      "param_value": 0.017782794311642647,
      "mean_cv_acc": 0.58,
      "std_cv_acc": 0.198997487421324
    },
    {
      "param_value": 0.03162277489900589,
      "mean_cv_acc": 0.5700000000000001,
      "std_cv_acc": 0.2147091055358389
    },
    {
      "param_value": 0.05623413249850273,
      "mean_cv_acc": 0.58,
      "std_cv_acc": 0.2227105745132009
    },
    {
      "param_value": 0.10000000149011612,
      "mean_cv_acc": 0.58,
      "std_cv_acc": 0.2227105745132009
    },
    {
      "param_value": 0.17782793939113617,
      "mean_cv_acc": 0.58,
      "std_cv_acc": 0.2227105745132009
    },
    {
      "param_value": 0.3162277638912201,
      "mean_cv_acc": 0.6,
      "std_cv_acc": 0.20976176963403032
    },
    {
      "param_value": 0.5623413324356079,
      "mean_cv_acc": 0.6,
      "std_cv_acc": 0.20976176963403032
    },
    {
      "param_value": 1.0,
      "mean_cv_acc": 0.6,
      "std_cv_acc": 0.20976176963403032
    },
    {
      "param_value": 1.778279423713684,
      "mean_cv_acc": 0.59,
      "std_cv_acc": 0.21189620100417092
    },
    {
      "param_value": 3.1622776985168457,
      "mean_cv_acc": 0.59,
      "std_cv_acc": 0.21189620100417092
    },
    {
      "param_value": 5.6234130859375,
      "mean_cv_acc": 0.6,
      "std_cv_acc": 0.20976176963403032
    },
    {
      "param_value": 10.0,
      "mean_cv_acc": 0.6,
      "std_cv_acc": 0.20976176963403032
    },
    {
      "param_value": 17.782794952392578,
      "mean_cv_acc": 0.6,
      "std_cv_acc": 0.20976176963403032
    },
    {
      "param_value": 31.62277603149414,
      "mean_cv_acc": 0.6,
      "std_cv_acc": 0.20976176963403032
    },
    {
      "param_value": 56.234130859375,
      "mean_cv_acc": 0.6,
      "std_cv_acc": 0.20976176963403032
    },
    {
      "param_value": 100.0,
      "mean_cv_acc": 0.6,
      "std_cv_acc": 0.20976176963403032
    },
    {
      "param_value": 177.82794189453125,
      "mean_cv_acc": 0.6,
      "std_cv_acc": 0.20976176963403032
    },
    {
      "param_value": 316.2277526855469,
      "mean_cv_acc": 0.59,
      "std_cv_acc": 0.21189620100417092
    },
    {
      "param_value": 562.34130859375,
      "mean_cv_acc": 0.59,
      "std_cv_acc": 0.21189620100417092
    },
    {
      "param_value": 1000.0,
      "mean_cv_acc": 0.58,
      "std_cv_acc": 0.21354156504062627
    },
    {
      "param_value": 1778.2794189453125,
      "mean_cv_acc": 0.58,
      "std_cv_acc": 0.21354156504062627
    },
    {
      "param_value": 3162.277587890625,
      "mean_cv_acc": 0.58,
      "std_cv_acc": 0.21354156504062627
    },
    {
      "param_value": 5623.4130859375,
      "mean_cv_acc": 0.58,
      "std_cv_acc": 0.21354156504062627
    },
    {
      "param_value": 10000.0,
      "mean_cv_acc": 0.58,
      "std_cv_acc": 0.21354156504062627
    },
    {
      "param_value": 17782.794921875,
      "mean_cv_acc": 0.58,
      "std_cv_acc": 0.21354156504062627
    },
    {
      "param_value": 31622.77734375,
      "mean_cv_acc": 0.58,
      "std_cv_acc": 0.21354156504062627
    },
    {
      "param_value": 56234.1328125,
      "mean_cv_acc": 0.58,
      "std_cv_acc": 0.21354156504062627
    },
    {
      "param_value": 100000.0,
      "mean_cv_acc": 0.58,
      "std_cv_acc": 0.21354156504062627
    }
  ],
  "five_way": {
    "accuracy": 0.64,
    "macro_f1": 0.6392094317790912,
    "macro_sensitivity": 0.64,
    "macro_specificity": 0.9099999999999999,
    "per_class_sensitivity": {
      "NOR": 0.7,
      "DCM": 0.8,
      "HCM": 0.6,
      "MINF": 0.5,
      "RV": 0.6
    },
    "per_class_specificity": {
      "NOR": 0.875,
      "DCM": 0.85,
      "HCM": 0.925,
      "MINF": 0.925,
      "RV": 0.975
    },
    "confusion_matrix": [
      [
        7,
        1,
        1,
        0,
        1
      ],
      [
        1,
        8,
        1,
        0,
        0
      ],
      [
        2,
        0,
        6,
        2,
        0
      ],
      [
        0,
        4,
        1,
        5,
        0
      ],
      [
        2,
        1,
        0,
        1,
        6
      ]
    ],
    "classification_report": {
      "NOR": {
        "precision": 0.5833333333333334,
        "recall": 0.7,
        "f1-score": 0.6363636363636364,
        "support": 10.0
      },
      "DCM": {
        "precision": 0.5714285714285714,
        "recall": 0.8,
        "f1-score": 0.6666666666666666,
        "support": 10.0
      },
      "HCM": {
        "precision": 0.6666666666666666,
        "recall": 0.6,
        "f1-score": 0.631578947368421,
        "support": 10.0
      },
      "MINF": {
        "precision": 0.625,
        "recall": 0.5,
        "f1-score": 0.5555555555555556,
        "support": 10.0
      },
      "RV": {
        "precision": 0.8571428571428571,
        "recall": 0.6,
        "f1-score": 0.7058823529411765,
        "support": 10.0
      },
      "accuracy": 0.64,
      "macro avg": {
        "precision": 0.6607142857142857,
        "recall": 0.64,
        "f1-score": 0.6392094317790912,
        "support": 50.0
      },
      "weighted avg": {
        "precision": 0.6607142857142857,
        "recall": 0.64,
        "f1-score": 0.6392094317790912,
        "support": 50.0
      }
    },
    "probabilities": [
      [
        0.44592622304821716,
        0.33499688752067036,
        0.1846755905003973,
        0.013567649643355644,
        0.020833649287359698
      ],
      [
        0.7937428418462049,
        0.0066620006921363295,
        0.014602078423775054,
        0.1381782649429773,
        0.0468148140949064
      ],
      [
        0.025240583731058374,
        0.47706694459008375,
        0.1535992632058167,
        0.32063625195580725,
        0.02345695651723406
      ],
      [
        0.03362960892586926,
        0.018300861845169065,
        0.8625501775238201,
        0.08321824913052554,
        0.0023011025746158243
      ],
      [
        0.17473210785420942,
        0.17107896028034775,
        0.6371960685946212,
        0.014829546297143519,
        0.002163316973678066
      ],
      [
        0.0038338068031337448,
        0.43459059506168113,
        0.02230780039545266,
        0.130169511351281,
        0.4090982863884515
      ],
      [
        0.5813712532072633,
        0.0936593372484986,
        0.026191947188297926,
        0.18036896782950096,
        0.11840849452643924
      ],
      [
        0.007632194582001197,
        0.36557633460552774,
        0.5880185871392966,
        0.037498052763032315,
        0.001274830910142149
      ],
      [
        0.9690652398154332,
        2.5352164827828727e-05,
        0.0003273019410208772,
        0.026207010607171212,
        0.004375095471546748
      ],
      [
        0.9395123187604596,
        0.001258921254451093,
        0.01334392960466591,
        0.0277837675932967,
        0.018101062787126445
      ],
      [
        0.060821332983319376,
        0.0007433007641211253,
        0.05236184265269861,
        0.8859337075321065,
        0.00013981606775432664
      ],
      [
        0.00036253197548676724,
        0.1510338112653414,
        0.08919451745742019,
        0.7584998904567483,
        0.0009092488450034016
      ],
      [
        0.0029048048157229076,
        0.8910906834473392,
        0.001810381211404318,
        0.10410725834838168,
        8.687217715209499e-05
      ],
      [
        0.00013172028205431932,
        0.06511585040424606,
        0.7519730240119906,
        0.1823569712730135,
        0.0004224340286953771
      ],
      [
        0.01006027704779065,
        0.6314230361448893,
        0.180590642425918,
        0.08394029105401263,
        0.09398575332738936
      ],
      [
        0.05991381875180433,
        0.10257032270998272,
        0.7169431444774699,
        0.10315709971167891,
        0.01741561434906407
      ],
      [
        0.00040909491627964665,
        0.6172480615747736,
        0.018431442193112553,
        0.3633756915918135,
        0.000535709724020563
      ],
      [
        0.006277396093804592,
        0.008583023687075886,
        0.002513429291440684,
        0.9802027887628985,
        0.0024233621647805977
      ],
      [
        0.00149949453226365,
        0.0004834554301867746,
        0.0002053815940383991,
        0.0012640385057760483,
        0.996547629937735
      ],
      [
        0.004220053750382483,
        0.0007415969193404786,
        0.004112120487595849,
        0.9909158441475491,
        1.0384695132069418e-05
      ],
      [
        0.7774593002609527,
        0.0039674471956907,
        0.0004575449168084096,
        0.017924847081163788,
        0.20019086054538449
      ],
      [
        0.00014224005704360928,
        0.6379126746720608,
        0.009363221440529014,
        0.32773589539680104,
        0.02484596843356558
      ],
      [
        0.8010236225297489,
        0.0012242558847701352,
        0.01160072598756024,
        0.18202023945967719,
        0.004131156138243485
      ],
      [
        0.15007242447869742,
        0.20711501506361962,
        0.006907429093767175,
        0.5190793412912721,
        0.11682579007264364
      ],
      [
        0.8830512384227691,
        0.00016117386458516631,
        0.0009610072276530354,
        0.04631190396512999,
        0.06951467651986265
      ],
      [
        0.005478365886529337,
        1.708278219483695e-05,
        0.0009891811807615132,
        0.0036750994128109016,
        0.9898402707377033
      ],
      [
        0.004721102586331903,
        0.006430101520288117,
        0.01659576766373424,
        0.03287068833456266,
        0.9393823398950831
      ],
      [
        0.37336534899427,
        0.006591182299616903,
        0.5525850968942913,
        0.04175176922273235,
        0.025706602589089612
      ],
      [
        0.003645473659207243,
        0.00017394526967567107,
        3.4247182901812625e-05,
        0.0001264920220127491,
        0.9960198418662026
      ],
      [
        0.07988832054881655,
        0.7933943082730133,
        0.005555966357744658,
        0.11808503175902141,
        0.0030763730614041494
      ],
      [
        1.4581584274462401e-05,
        0.9924334602664481,
        0.0026288103087845796,
        0.0026439503801093437,
        0.0022791974603835335
      ],
      [
        2.1271882638161273e-05,
        0.9966982941278937,
        0.0012139406184322596,
        0.002058659404307505,
        7.833966728506767e-06
      ],
      [
        2.328336098443678e-05,
        0.7777382866262957,
        0.0008001746792255747,
        0.22130984879022805,
        0.00012840654326604369
      ],
      [
        0.5691131893940082,
        0.0698486791661439,
        0.3495675332607667,
        0.010330006703240403,
        0.0011405914758407258
      ],
      [
        0.003687191466052595,
        0.8373719363822616,
        0.0019524597946193106,
        0.15451279056844333,
        0.0024756217886231194
      ],
      [
        0.0001165206367580094,
        0.9502324596854321,
        0.0054394045012691955,
        0.044161516421105336,
        5.009875543520388e-05
      ],
      [
        0.04504768167113414,
        0.6550098433543691,
        0.15616865437665817,
        0.1016353308465616,
        0.04213848975127717
      ],
      [
        0.020607555659337185,
        0.061241279128437895,
        0.7315136663061536,
        0.18648051684775896,
        0.00015698205831249864
      ],
      [
        0.3067094543786413,
        3.3758243787801264e-05,
        0.0004991873720667534,
        0.0031845155106610297,
        0.6895730844948431
      ],
      [
        0.001785788400410892,
        0.14994463303971253,
        0.028639114026933244,
        0.003579445698483885,
        0.8160510188344595
      ],
      [
        1.7432338104149202e-05,
        0.9274466610319053,
        0.03715165098214766,
        0.009885911775327147,
        0.025498343872515712
      ],
      [
        0.5261504006979933,
        0.0015087263381543996,
        0.12528252879130142,
        0.24351672235306548,
        0.10354162181948541
      ],
      [
        0.008509240847501445,
        0.18126049505479894,
        0.14357570224194446,
        0.6647518863900891,
        0.0019026754656662212
      ],
      [
        0.5913625811433589,
        0.2055069009334076,
        0.16018398900684663,
        0.03609185356843165,
        0.006854675347955202
      ],
      [
        8.83373164232941e-05,
        0.11806448605998991,
        0.03110430320129307,
        0.8503029559473382,
        0.00043991747495561234
      ],
      [
        0.004646907964008054,
        0.08366728967957013,
        0.17840392017050186,
        0.7306804307917887,
        0.0026014513941311247
      ],
      [
        0.00185359785839277,
        0.0015599274049008338,
        0.000984733729238721,
        0.03594536066733576,
        0.9596563803401318
      ],
      [
        0.06591144135875053,
        0.005239121886268496,
        0.7575563889723319,
        0.170828675202518,
        0.0004643725801311154
      ],
      [
        0.005091873757635544,
        0.36172557319283366,
        0.45490719229377735,
        0.17618548930578987,
        0.0020898714499637313
      ],
      [
        0.8482420830678459,
        4.6686305115557846e-05,
        0.03886486329302122,
        0.0009609998815997997,
        0.11188536745241763
      ]
    ],
    "predictions": [
      0,
      0,
      1,
      2,
      2,
      1,
      0,
      2,
      0,
      0,
      3,
      3,
      1,
      2,
      1,
      2,
      1,
      3,
      4,
      3,
      0,
      1,
      0,
      3,
      0,
      4,
      4,
      2,
      4,
      1,
      1,
      1,
      1,
      0,
      1,
      1,
      1,
      2,
      4,
      4,
      1,
      0,
      3,
      0,
      3,
      3,
      4,
      2,
      2,
      0
    ],
    "true_labels": [
      1,
      0,
      3,
      2,
      2,
      1,
      0,
      2,
      4,
      0,
      2,
      3,
      1,
      2,
      3,
      2,
      1,
      3,
      4,
      3,
      4,
      1,
      0,
      4,
      0,
      4,
      4,
      0,
      4,
      0,
      1,
      1,
      1,
      2,
      3,
      1,
      3,
      2,
      0,
      4,
      4,
      2,
      3,
      0,
      3,
      2,
      4,
      3,
      1,
      0
    ],
    "patient_ids": [
      "patient101",
      "patient102",
      "patient103",
      "patient104",
      "patient105",
      "patient106",
      "patient107",
      "patient108",
      "patient109",
      "patient110",
      "patient111",
      "patient112",
      "patient113",
      "patient114",
      "patient115",
      "patient116",
      "patient117",
      "patient118",
      "patient119",
      "patient120",
      "patient121",
      "patient122",
      "patient123",
      "patient124",
      "patient125",
      "patient126",
      "patient127",
      "patient128",
      "patient129",
      "patient130",
      "patient131",
      "patient132",
      "patient133",
      "patient134",
      "patient135",
      "patient136",
      "patient137",
      "patient138",
      "patient139",
      "patient140",
      "patient141",
      "patient142",
      "patient143",
      "patient144",
      "patient145",
      "patient146",
      "patient147",
      "patient148",
      "patient149",
      "patient150"
    ]
  },
  "roc_auc": {
    "macro_auc": 0.9055,
    "per_class_auc": {
      "NOR": 0.9349999999999999,
      "DCM": 0.9175,
      "HCM": 0.92,
      "MINF": 0.8325,
      "RV": 0.9225
    }
  },
  "binary": {
    "accuracy": 0.86,
    "f1": 0.9113924050632911,
    "sensitivity": 0.9,
    "specificity": 0.7,
    "roc_auc": 0.935,
    "binary_labels": [
      1,
      0,
      1,
      1,
      1,
      1,
      0,
      1,
      1,
      0,
      1,
      1,
      1,
      1,
      1,
      1,
      1,
      1,
      1,
      1,
      1,
      1,
      0,
      1,
      0,
      1,
      1,
      0,
      1,
      0,
      1,
      1,
      1,
      1,
      1,
      1,
      1,
      1,
      0,
      1,
      1,
      1,
      1,
      0,
      1,
      1,
      1,
      1,
      1,
      0
    ],
    "binary_probs": [
      0.5540737769517828,
      0.20625715815379508,
      0.9747594162689416,
      0.9663703910741307,
      0.8252678921457905,
      0.9961661931968663,
      0.41862874679273665,
      0.9923678054179988,
      0.030934760184566756,
      0.0604876812395404,
      0.9391786670166806,
      0.9996374680245133,
      0.9970951951842771,
      0.9998682797179457,
      0.9899397229522093,
      0.9400861812481957,
      0.9995909050837204,
      0.9937226039061954,
      0.9985005054677364,
      0.9957799462496175,
      0.22254069973904733,
      0.9998577599429563,
      0.1989763774702511,
      0.8499275755213026,
      0.11694876157723089,
      0.9945216341134706,
      0.9952788974136682,
      0.62663465100573,
      0.9963545263407928,
      0.9201116794511834,
      0.9999854184157255,
      0.9999787281173619,
      0.9999767166390156,
      0.43088681060599177,
      0.9963128085339474,
      0.999883479363242,
      0.9549523183288658,
      0.9793924443406629,
      0.6932905456213587,
      0.9982142115995891,
      0.9999825676618959,
      0.47384959930200665,
      0.9914907591524985,
      0.40863741885664107,
      0.9999116626835767,
      0.995353092035992,
      0.9981464021416072,
      0.9340885586412495,
      0.9949081262423645,
      0.15175791693215412
    ]
  }
}
