{
  "config": {
    "dataset": "acdc",
    "backbone": "dinov3",
    "model_name": "dinov3_vits16",
    "eval_mode": "logreg",
    "freeze_backbone": true,
    "pooling": "cls",
    "embed_dim": 384,
    "best_hyperparam": 562.34130859375,
    "hyperparam_name": "C",
    "num_classes": 5,
    "class_names": [
      "NOR",
      "DCM",
      "HCM",
      "MINF",
      "RV"
    ]
  },
  "sweep_results": [
    {
      "param_value": 9.999999974752427e-07,
      "mean_cv_acc": 0.4,
      "std_cv_acc": 0.09999999999999999
    },
    {
      "param_value": 1.7782793975129607e-06,
      "mean_cv_acc": 0.4,
      "std_cv_acc": 0.09999999999999999
    },
    {
      "param_value": 3.1622776077711023e-06,
      "mean_cv_acc": 0.4,
      "std_cv_acc": 0.09999999999999999
    },
    {
      "param_value": 5.6234130170196295e-06,
      "mean_cv_acc": 0.4,
      "std_cv_acc": 0.09999999999999999
    },
    {
      "param_value": 9.999999747378752e-06,
      "mean_cv_acc": 0.4,
      "std_cv_acc": 0.09999999999999999
    },
    {
      "param_value": 1.778279329300858e-05,
      "mean_cv_acc": 0.4,
      "std_cv_acc": 0.09999999999999999
    },
    {
      "param_value": 3.162277789670043e-05,
      "mean_cv_acc": 0.41000000000000003,
      "std_cv_acc": 0.1044030650891055
    },
    {
      "param_value": 5.62341338081751e-05,
      "mean_cv_acc": 0.42000000000000004,
      "std_cv_acc": 0.10770329614269007
    },
    {
      "param_value": 9.999999747378752e-05,
      "mean_cv_acc": 0.41000000000000003,
      "std_cv_acc": 0.12206555615733701
    },
    {
      "param_value": 0.00017782794020604342,
      "mean_cv_acc": 0.42000000000000004,
      "std_cv_acc": 0.132664991614216
    },
    {
      "param_value": 0.0003162277571391314,
      "mean_cv_acc": 0.42000000000000004,
      "std_cv_acc": 0.132664991614216
    },
    {
      "param_value": 0.000562341301701963,
      "mean_cv_acc": 0.43,
      "std_cv_acc": 0.15524174696260024
    },
    {
      "param_value": 0.0010000000474974513,
      "mean_cv_acc": 0.4800000000000001,
      "std_cv_acc": 0.16613247725836147
    },
    {
      "param_value": 0.0017782794311642647,
      "mean_cv_acc": 0.5000000000000001,
      "std_cv_acc": 0.1673320053068151
    },
    {
      "param_value": 0.003162277629598975,
      "mean_cv_acc": 0.52,
      "std_cv_acc": 0.1661324772583615
    },
    {
      "param_value": 0.005623413249850273,
      "mean_cv_acc": 0.55,
      "std_cv_acc": 0.16881943016134132
    },
    {
      "param_value": 0.009999999776482582,
      "mean_cv_acc": 0.5399999999999999,
      "std_cv_acc": 0.2009975124224178
    },
    {
      "param_value": 0.017782794311642647,
      "mean_cv_acc": 0.5399999999999999,
      "std_cv_acc": 0.2009975124224178
    },
    {
      "param_value": 0.03162277489900589,
      "mean_cv_acc": 0.5599999999999999,
      "std_cv_acc": 0.1907878402833891
    },
    {
      "param_value": 0.05623413249850273,
      "mean_cv_acc": 0.5599999999999999,
      "std_cv_acc": 0.1907878402833891
    },
    {
      "param_value": 0.10000000149011612,
      "mean_cv_acc": 0.5700000000000001,
      "std_cv_acc": 0.19519221295943134
    },
    {
      "param_value": 0.17782793939113617,
      "mean_cv_acc": 0.5900000000000001,
      "std_cv_acc": 0.1972308292331602
    },
    {
      "param_value": 0.3162277638912201,
      "mean_cv_acc": 0.5900000000000001,
      "std_cv_acc": 0.1972308292331602
    },
    {
      "param_value": 0.5623413324356079,
      "mean_cv_acc": 0.58,
      "std_cv_acc": 0.2227105745132009
    },
    {
      "param_value": 1.0,
      "mean_cv_acc": 0.58,
      "std_cv_acc": 0.2227105745132009
    },
    {
      "param_value": 1.778279423713684,
      "mean_cv_acc": 0.5900000000000001,
      "std_cv_acc": 0.22561028345356957
    },
    {
      "param_value": 3.1622776985168457,
      "mean_cv_acc": 0.5900000000000001,
      "std_cv_acc": 0.22561028345356957
    },
    {
      "param_value": 5.6234130859375,
      "mean_cv_acc": 0.5900000000000001,
      "std_cv_acc": 0.22561028345356957
    },
    {
      "param_value": 10.0,
      "mean_cv_acc": 0.5900000000000001,
      "std_cv_acc": 0.22561028345356957
    },
    {
      "param_value": 17.782794952392578,
      "mean_cv_acc": 0.5900000000000001,
      "std_cv_acc": 0.22561028345356957
    },
    {
      "param_value": 31.62277603149414,
      "mean_cv_acc": 0.5900000000000001,
      "std_cv_acc": 0.22561028345356957
    },
    {
      "param_value": 56.234130859375,
      "mean_cv_acc": 0.5900000000000001,
      "std_cv_acc": 0.22561028345356957
    },
    {
      "param_value": 100.0,
      "mean_cv_acc": 0.5900000000000001,
      "std_cv_acc": 0.22561028345356957
    },
    {
      "param_value": 177.82794189453125,
      "mean_cv_acc": 0.5900000000000001,
      "std_cv_acc": 0.22561028345356957
    },
    {
      "param_value": 316.2277526855469,
      "mean_cv_acc": 0.5900000000000001,
      "std_cv_acc": 0.22561028345356957
    },
    {
      "param_value": 562.34130859375,
      "mean_cv_acc": 0.6,
      "std_cv_acc": 0.2
    },
    {
      "param_value": 1000.0,
      "mean_cv_acc": 0.6,
      "std_cv_acc": 0.2
    },
    {
      "param_value": 1778.2794189453125,
      "mean_cv_acc": 0.6,
      "std_cv_acc": 0.2
    },
    {
      "param_value": 3162.277587890625,
      "mean_cv_acc": 0.6,
      "std_cv_acc": 0.2
    },
    {
      "param_value": 5623.4130859375,
      "mean_cv_acc": 0.6,
      "std_cv_acc": 0.2
    },
    {
      "param_value": 10000.0,
      "mean_cv_acc": 0.6,
      "std_cv_acc": 0.2
    },
    {
      "param_value": 17782.794921875,
      "mean_cv_acc": 0.6,
      "std_cv_acc": 0.2
    },
    {
      "param_value": 31622.77734375,
      "mean_cv_acc": 0.6,
      "std_cv_acc": 0.2
    },
    {
      "param_value": 56234.1328125,
      "mean_cv_acc": 0.6,
      "std_cv_acc": 0.2
    },
    {
      "param_value": 100000.0,
      "mean_cv_acc": 0.6,
      "std_cv_acc": 0.2
    }
  ],
  "five_way": {
    "accuracy": 0.5,
    "macro_f1": 0.49757085020242914,
    "macro_sensitivity": 0.5,
    "macro_specificity": 0.875,
    "per_class_sensitivity": {
      "NOR": 0.3,
      "DCM": 0.5,
      "HCM": 0.4,
      "MINF": 0.6,
      "RV": 0.7
    },
    "per_class_specificity": {
      "NOR": 0.875,
      "DCM": 0.9,
      "HCM": 0.95,
      "MINF": 0.75,
      "RV": 0.9
    },
    "confusion_matrix": [
      [
        3,
        0,
        1,
        3,
        3
      ],
      [
        0,
        5,
        0,
        4,
        1
      ],
      [
        2,
        1,
        4,
        3,
        0
      ],
      [
        0,
        3,
        1,
        6,
        0
      ],
      [
        3,
        0,
        0,
        0,
        7
      ]
    ],
    "classification_report": {
      "NOR": {
        "precision": 0.375,
        "recall": 0.3,
        "f1-score": 0.3333333333333333,
        "support": 10.0
      },
      "DCM": {
        "precision": 0.5555555555555556,
        "recall": 0.5,
        "f1-score": 0.5263157894736842,
        "support": 10.0
      },
      "HCM": {
        "precision": 0.6666666666666666,
        "recall": 0.4,
        "f1-score": 0.5,
        "support": 10.0
      },
      "MINF": {
        "precision": 0.375,
        "recall": 0.6,
        "f1-score": 0.46153846153846156,
        "support": 10.0
      },
      "RV": {
        "precision": 0.6363636363636364,
        "recall": 0.7,
        "f1-score": 0.6666666666666666,
        "support": 10.0
      },
      "accuracy": 0.5,
      "macro avg": {
        "precision": 0.5217171717171717,
        "recall": 0.5,
        "f1-score": 0.49757085020242914,
        "support": 50.0
      },
      "weighted avg": {
        "precision": 0.5217171717171717,
        "recall": 0.5,
        "f1-score": 0.49757085020242914,
        "support": 50.0
      }
    },
    "probabilities": [
      [
        0.0001444093118406283,
        0.010254100265096447,
        2.457831064924131e-07,
        0.9896006655174603,
        5.791224962644208e-07
      ],
      [
        0.008168934769828974,
        0.004601341378345201,
        0.8870243404784129,
        0.0004057916666201237,
        0.09979959170679255
      ],
      [
        0.00026546744428821914,
        0.008779704295785593,
        0.0028388967200606795,
        0.988115741363495,
        1.9017637042708657e-07
      ],
      [
        0.030826049910717197,
        0.00020565795656995737,
        0.8012691807437752,
        0.00010448424493302576,
        0.16759462714400464
      ],
      [
        0.2462263811812898,
        0.012167653849295306,
        0.7004526347697585,
        0.0004961920801495936,
        0.04065713811950689
      ],
      [
        0.09916088369302954,
        0.3215587937782058,
        2.9733214259172775e-06,
        0.0006804055899898056,
        0.5785969436173489
      ],
      [
        0.41667454758310346,
        3.623514946666813e-05,
        1.6793439752073699e-06,
        0.5801882195203076,
        0.0030993184031469995
      ],
      [
        0.008819103257132645,
        0.03188438004728153,
        0.6572343425696989,
        0.3002857674165029,
        0.0017764067093839694
      ],
      [
        0.9999992022215575,
        1.3624713973554466e-07,
        1.1915571852328587e-11,
        6.531932754667828e-07,
        8.326111865922078e-09
      ],
      [
        0.16108222190324017,
        0.001255430417730951,
        4.249192123263652e-06,
        0.4347515654663662,
        0.4029065330205396
      ],
      [
        0.9652390050314493,
        7.387157313177624e-08,
        0.00021710728074246277,
        0.034543813063050266,
        7.531845202758474e-10
      ],
      [
        0.024049494367302485,
        0.007287622908677939,
        2.1174868728562693e-05,
        0.9684069885347732,
        0.00023471932051777518
      ],
      [
        1.253630824687966e-05,
        0.07408058424490059,
        4.3424703922207037e-08,
        0.9259066696117098,
        1.6641043882805927e-07
      ],
      [
        0.00760963112085424,
        0.001402940425918878,
        0.0032424195566492457,
        0.9767788892105143,
        0.010966119686063206
      ],
      [
        0.000270215287334386,
        0.4298864699288852,
        0.000535082160226832,
        0.28928335205293243,
        0.2800248805706211
      ],
      [
        9.888236943734135e-05,
        0.05674049931726282,
        0.22682402324797843,
        0.715207852260409,
        0.001128742804912455
      ],
      [
        1.5989920400619337e-07,
        1.251112498156008e-05,
        1.2244201997707343e-13,
        0.9999873118374615,
        1.7138230620777396e-08
      ],
      [
        1.2229945545043773e-05,
        9.431979276308764e-06,
        4.004776743645651e-06,
        0.9999629754752618,
        1.1357823173079137e-05
      ],
      [
        1.26404854951024e-07,
        1.3107476248768386e-05,
        4.144291703221704e-07,
        1.1987164386491315e-11,
        0.9999863516777387
      ],
      [
        0.34792188035860433,
        2.9215448797959154e-05,
        0.25770384316635564,
        0.37546202272408136,
        0.01888303830216066
      ],
      [
        0.9701246635148707,
        1.8725514071324439e-06,
        2.730453353054345e-08,
        0.029830948542431714,
        4.248808675672395e-05
      ],
      [
        1.4350335507753822e-07,
        0.9711481622952504,
        1.8793840993613134e-07,
        0.02828177397200396,
        0.0005697322909807095
      ],
      [
        0.13919928223672107,
        9.431442862182224e-07,
        1.0907379746390535e-05,
        0.8605496607687763,
        0.0002392064704700532
      ],
      [
        0.9464716935952165,
        5.168423112888694e-07,
        0.0009553128949927834,
        0.0003235058199592888,
        0.052248970847520206
      ],
      [
        0.1363909089214737,
        1.2820175798589188e-06,
        0.0006547166094118756,
        0.0012380542881535268,
        0.861715038163381
      ],
      [
        7.180611094719727e-12,
        7.790054808840878e-08,
        7.378244985387712e-07,
        6.9839264388209136e-06,
        0.999992200341334
      ],
      [
        2.2132165356904286e-06,
        0.0009235930435781485,
        0.0016538781305645088,
        1.528932393549939e-06,
        0.9974187866769281
      ],
      [
        0.9982146937494468,
        0.0002028876303116529,
        0.00015444779009988902,
        6.763472310250489e-05,
        0.001360336107039284
      ],
      [
        4.905730598393852e-12,
        1.3651698601522123e-08,
        7.674564729566847e-09,
        6.499138417710148e-10,
        0.999999978018917
      ],
      [
        0.94690927504142,
        0.0017450154350399415,
        6.061193142125007e-07,
        0.04369742158003282,
        0.007647681824193099
      ],
      [
        0.01471077940644949,
        0.9848488659403655,
        5.0112361001740026e-09,
        0.00042197023203329235,
        1.8379409915746754e-05
      ],
      [
        0.06141744152429973,
        0.9354558739387,
        1.8259855256724837e-06,
        0.003112942709006292,
        1.1915842468561754e-05
      ],
      [
        0.002179966767623883,
        0.9977180486974576,
        1.616171221142276e-08,
        9.162454236217388e-05,
        1.0343830844153524e-05
      ],
      [
        0.842716610856741,
        0.014438369968821167,
        0.11335205532680176,
        4.401219137743517e-06,
        0.02948856262849842
      ],
      [
        0.0002202279119261399,
        0.010229242617410874,
        2.6088270619432382e-06,
        0.988971820859374,
        0.0005760997842270885
      ],
      [
        6.008873844806492e-06,
        0.010500674726967063,
        2.7286372736034736e-09,
        0.9894932801596161,
        3.3510934813323445e-08
      ],
      [
        0.0007533274001657476,
        0.9565269152101902,
        0.0004257746331102563,
        0.03524121501876901,
        0.007052767737764789
      ],
      [
        9.68186353109361e-05,
        0.00017371539261691417,
        0.01115201963791398,
        0.9885770972533127,
        3.490808455905807e-07
      ],
      [
        0.0004437526767477111,
        0.009573342475929326,
        3.7384211263696424e-05,
        4.875682261389901e-05,
        0.9898967638134454
      ],
      [
        5.873085258301819e-10,
        0.0731099929703783,
        1.3261203727707162e-06,
        3.762515411491785e-09,
        0.9268886765594249
      ],
      [
        2.1189062635986726e-07,
        0.473350177524246,
        1.976758800851991e-06,
        1.4679855648988298e-05,
        0.5266329539706777
      ],
      [
        0.017722266180916026,
        0.00015392835093382189,
        0.9799638132778811,
        0.0021225075082294733,
        3.7484682039567106e-05
      ],
      [
        7.660439032385752e-08,
        4.997777857908042e-07,
        1.9673577722480415e-09,
        0.9999994126470527,
        9.003413365587085e-09
      ],
      [
        0.9995076980673423,
        1.1550328184369957e-06,
        0.0004867826388113339,
        5.970793729352529e-09,
        4.358290234136247e-06
      ],
      [
        0.0006103831764165402,
        0.003248507575083981,
        0.7250052296066151,
        0.24643043304625573,
        0.024705446595628774
      ],
      [
        8.81961859235224e-06,
        0.9885764944953842,
        0.0006219933564339719,
        0.00839010167881834,
        0.0024025908507712256
      ],
      [
        7.502542103002395e-06,
        0.00546878477841272,
        2.0926520214332018e-09,
        0.0006172469483986458,
        0.9939064636384336
      ],
      [
        0.0001364221181982565,
        0.8087702807402726,
        0.00010333713914276928,
        0.18590204692209422,
        0.005087913080292215
      ],
      [
        0.0020441889443418735,
        0.9969947709163868,
        3.36417420938573e-07,
        0.0006916429809092941,
        0.0002690607409412084
      ],
      [
        8.502257261568828e-08,
        2.455105468599722e-08,
        5.6086326571744105e-05,
        9.121985081578712e-09,
        0.9999437949778158
      ]
    ],
    "predictions": [
      3,
      2,
      3,
      2,
      2,
      4,
      3,
      2,
      0,
      3,
      0,
      3,
      3,
      3,
      1,
      3,
      3,
      3,
      4,
      3,
      0,
      1,
      3,
      0,
      4,
      4,
      4,
      0,
      4,
      0,
      1,
      1,
      1,
      0,
      3,
      3,
      1,
      3,
      4,
      4,
      4,
      2,
      3,
      0,
      2,
      1,
      4,
      1,
      1,
      4
    ],
    "true_labels": [
      1,
      0,
      3,
      2,
      2,
      1,
      0,
      2,
      4,
      0,
      2,
      3,
      1,
      2,
      3,
      2,
      1,
      3,
      4,
      3,
      4,
      1,
      0,
      4,
      0,
      4,
      4,
      0,
      4,
      0,
      1,
      1,
      1,
      2,
      3,
      1,
      3,
      2,
      0,
      4,
      4,
      2,
      3,
      0,
      3,
      2,
      4,
      3,
      1,
      0
    ],
    "patient_ids": [
      "patient101",
      "patient102",
      "patient103",
      "patient104",
      "patient105",
      "patient106",
      "patient107",
      "patient108",
      "patient109",
      "patient110",
      "patient111",
      "patient112",
      "patient113",
      "patient114",
      "patient115",
      "patient116",
      "patient117",
      "patient118",
      "patient119",
      "patient120",
      "patient121",
      "patient122",
      "patient123",
      "patient124",
      "patient125",
      "patient126",
      "patient127",
      "patient128",
      "patient129",
      "patient130",
      "patient131",
      "patient132",
      "patient133",
      "patient134",
      "patient135",
      "patient136",
      "patient137",
      "patient138",
      "patient139",
      "patient140",
      "patient141",
      "patient142",
      "patient143",
      "patient144",
      "patient145",
      "patient146",
      "patient147",
      "patient148",
      "patient149",
      "patient150"
    ]
  },
  "roc_auc": {
    "macro_auc": 0.8275,
    "per_class_auc": {
      "NOR": 0.75,
      "DCM": 0.845,
      "HCM": 0.915,
      "MINF": 0.8300000000000001,
      "RV": 0.7975
    }
  },
  "binary": {
    "accuracy": 0.76,
    "f1": 0.8536585365853658,
    "sensitivity": 0.875,
    "specificity": 0.3,
    "roc_auc": 0.75,
    "binary_labels": [
      1,
      0,
      1,
      1,
      1,
      1,
      0,
      1,
      1,
      0,
      1,
      1,
      1,
      1,
      1,
      1,
      1,
      1,
      1,
      1,
      1,
      1,
      0,
      1,
      0,
      1,
      1,
      0,
      1,
      0,
      1,
      1,
      1,
      1,
      1,
      1,
      1,
      1,
      0,
      1,
      1,
      1,
      1,
      0,
      1,
      1,
      1,
      1,
      1,
      0
    ],
    "binary_probs": [
      0.9998555906881593,
      0.9918310652301711,
      0.9997345325557118,
      0.9691739500892828,
      0.7537736188187102,
      0.9008391163069704,
      0.5833254524168965,
      0.9911808967428674,
      7.977784425294843e-07,
      0.8389177780967598,
      0.034760994968550674,
      0.9759505056326975,
      0.9999874636917532,
      0.9923903688791458,
      0.9997297847126656,
      0.9999011176305627,
      0.999999840100796,
      0.9999877700544549,
      0.9999998735951451,
      0.6520781196413956,
      0.0298753364851293,
      0.9999998564966449,
      0.8608007177632789,
      0.053528306404783454,
      0.8636090910785263,
      0.9999999999928194,
      0.9999977867834643,
      0.0017853062505531758,
      0.9999999999950943,
      0.05309072495858003,
      0.9852892205935505,
      0.9385825584757003,
      0.9978200332323761,
      0.157283389143259,
      0.9997797720880739,
      0.9999939911261552,
      0.9992466725998342,
      0.999903181364689,
      0.9995562473232523,
      0.9999999994126915,
      0.9999997881093736,
      0.982277733819084,
      0.9999999233956097,
      0.0004923019326577016,
      0.9993896168235834,
      0.9999911803814077,
      0.999992497457897,
      0.9998635778818017,
      0.9979558110556581,
      0.9999999149774274
    ]
  }
}
