{
  "config": {
    "dataset": "mnm2",
    "backbone": "dinov3",
    "model_name": "dinov3_vitl16",
    "eval_mode": "logreg",
    "freeze_backbone": true,
    "pooling": "gap",
    "embed_dim": 1024,
    "best_hyperparam": 1.0,
    "hyperparam_name": "C",
    "num_classes": 6,
    "class_names": [
      "NOR",
      "HCM",
      "ARR",
      "CIA",
      "FALL",
      "LV"
    ]
  },
  "sweep_results": [
    {
      "param_value": 9.999999974752427e-07,
      "mean_cv_acc": 0.17857142857142858,
      "std_cv_acc": 0.0
    },
    {
      "param_value": 1.7782793975129607e-06,
      "mean_cv_acc": 0.17857142857142858,
      "std_cv_acc": 0.0
    },
    {
      "param_value": 3.1622776077711023e-06,
      "mean_cv_acc": 0.17857142857142858,
      "std_cv_acc": 0.0
    },
    {
      "param_value": 5.6234130170196295e-06,
      "mean_cv_acc": 0.17857142857142858,
      "std_cv_acc": 0.0
    },
    {
      "param_value": 9.999999747378752e-06,
      "mean_cv_acc": 0.25,
      "std_cv_acc": 0.0
    },
    {
      "param_value": 1.778279329300858e-05,
      "mean_cv_acc": 0.2857142857142857,
      "std_cv_acc": 0.0
    },
    {
      "param_value": 3.162277789670043e-05,
      "mean_cv_acc": 0.2857142857142857,
      "std_cv_acc": 0.0
    },
    {
      "param_value": 5.62341338081751e-05,
      "mean_cv_acc": 0.2857142857142857,
      "std_cv_acc": 0.0
    },
    {
      "param_value": 9.999999747378752e-05,
      "mean_cv_acc": 0.32142857142857145,
      "std_cv_acc": 0.0
    },
    {
      "param_value": 0.00017782794020604342,
      "mean_cv_acc": 0.35714285714285715,
      "std_cv_acc": 0.0
    },
    {
      "param_value": 0.0003162277571391314,
      "mean_cv_acc": 0.32142857142857145,
      "std_cv_acc": 0.0
    },
    {
      "param_value": 0.000562341301701963,
      "mean_cv_acc": 0.42857142857142855,
      "std_cv_acc": 0.0
    },
    {
      "param_value": 0.0010000000474974513,
      "mean_cv_acc": 0.42857142857142855,
      "std_cv_acc": 0.0
    },
    {
      "param_value": 0.0017782794311642647,
      "mean_cv_acc": 0.42857142857142855,
      "std_cv_acc": 0.0
    },
    {
      "param_value": 0.003162277629598975,
      "mean_cv_acc": 0.39285714285714285,
      "std_cv_acc": 0.0
    },
    {
      "param_value": 0.005623413249850273,
      "mean_cv_acc": 0.4642857142857143,
      "std_cv_acc": 0.0
    },
    {
      "param_value": 0.009999999776482582,
      "mean_cv_acc": 0.5,
      "std_cv_acc": 0.0
    },
    {
      "param_value": 0.017782794311642647,
      "mean_cv_acc": 0.5,
      "std_cv_acc": 0.0
    },
    {
      "param_value": 0.03162277489900589,
      "mean_cv_acc": 0.5,
      "std_cv_acc": 0.0
    },
    {
      "param_value": 0.05623413249850273,
      "mean_cv_acc": 0.5,
      "std_cv_acc": 0.0
    },
    {
      "param_value": 0.10000000149011612,
      "mean_cv_acc": 0.5,
      "std_cv_acc": 0.0
    },
    {
      "param_value": 0.17782793939113617,
      "mean_cv_acc": 0.5,
      "std_cv_acc": 0.0
    },
    {
      "param_value": 0.3162277638912201,
      "mean_cv_acc": 0.5,
      "std_cv_acc": 0.0
    },
    {
      "param_value": 0.5623413324356079,
      "mean_cv_acc": 0.5,
      "std_cv_acc": 0.0
    },
    {
      "param_value": 1.0,
      "mean_cv_acc": 0.5357142857142857,
      "std_cv_acc": 0.0
    },
    {
      "param_value": 1.778279423713684,
      "mean_cv_acc": 0.5357142857142857,
      "std_cv_acc": 0.0
    },
    {
      "param_value": 3.1622776985168457,
      "mean_cv_acc": 0.5357142857142857,
      "std_cv_acc": 0.0
    },
    {
      "param_value": 5.6234130859375,
      "mean_cv_acc": 0.5357142857142857,
      "std_cv_acc": 0.0
    },
    {
      "param_value": 10.0,
      "mean_cv_acc": 0.5357142857142857,
      "std_cv_acc": 0.0
    },
    {
      "param_value": 17.782794952392578,
      "mean_cv_acc": 0.5357142857142857,
      "std_cv_acc": 0.0
    },
    {
      "param_value": 31.62277603149414,
      "mean_cv_acc": 0.5357142857142857,
      "std_cv_acc": 0.0
    },
    {
      "param_value": 56.234130859375,
      "mean_cv_acc": 0.5357142857142857,
      "std_cv_acc": 0.0
    },
    {
      "param_value": 100.0,
      "mean_cv_acc": 0.5357142857142857,
      "std_cv_acc": 0.0
    },
    {
      "param_value": 177.82794189453125,
      "mean_cv_acc": 0.5357142857142857,
      "std_cv_acc": 0.0
    },
    {
      "param_value": 316.2277526855469,
      "mean_cv_acc": 0.5357142857142857,
      "std_cv_acc": 0.0
    },
    {
      "param_value": 562.34130859375,
      "mean_cv_acc": 0.5357142857142857,
      "std_cv_acc": 0.0
    },
    {
      "param_value": 1000.0,
      "mean_cv_acc": 0.5357142857142857,
      "std_cv_acc": 0.0
    },
    {
      "param_value": 1778.2794189453125,
      "mean_cv_acc": 0.5357142857142857,
      "std_cv_acc": 0.0
    },
    {
      "param_value": 3162.277587890625,
      "mean_cv_acc": 0.5357142857142857,
      "std_cv_acc": 0.0
    },
    {
      "param_value": 5623.4130859375,
      "mean_cv_acc": 0.5357142857142857,
      "std_cv_acc": 0.0
    },
    {
      "param_value": 10000.0,
      "mean_cv_acc": 0.5357142857142857,
      "std_cv_acc": 0.0
    },
    {
      "param_value": 17782.794921875,
      "mean_cv_acc": 0.5357142857142857,
      "std_cv_acc": 0.0
    },
    {
      "param_value": 31622.77734375,
      "mean_cv_acc": 0.5357142857142857,
      "std_cv_acc": 0.0
    },
    {
      "param_value": 56234.1328125,
      "mean_cv_acc": 0.5357142857142857,
      "std_cv_acc": 0.0
    },
    {
      "param_value": 100000.0,
      "mean_cv_acc": 0.5357142857142857,
      "std_cv_acc": 0.0
    }
  ],
  "five_way": {
    "accuracy": 0.4444444444444444,
    "macro_f1": 0.411454798954799,
    "macro_sensitivity": 0.4385990338164251,
    "macro_specificity": 0.8840835809146025,
    "per_class_sensitivity": {
      "NOR": 0.23333333333333334,
      "HCM": 0.4782608695652174,
      "ARR": 0.0,
      "CIA": 0.3,
      "FALL": 0.9,
      "LV": 0.72
    },
    "per_class_specificity": {
      "NOR": 0.8589743589743589,
      "HCM": 0.9647058823529412,
      "ARR": 0.9489795918367347,
      "CIA": 0.8877551020408163,
      "FALL": 0.9693877551020408,
      "LV": 0.6746987951807228
    },
    "confusion_matrix": [
      [
        7,
        1,
        2,
        5,
        0,
        15
      ],
      [
        8,
        11,
        3,
        0,
        0,
        1
      ],
      [
        0,
        1,
        0,
        1,
        1,
        7
      ],
      [
        3,
        0,
        0,
        3,
        0,
        4
      ],
      [
        0,
        0,
        0,
        1,
        9,
        0
      ],
      [
        0,
        1,
        0,
        4,
        2,
        18
      ]
    ],
    "classification_report": {
      "NOR": {
        "precision": 0.3888888888888889,
        "recall": 0.23333333333333334,
        "f1-score": 0.2916666666666667,
        "support": 30.0
      },
      "HCM": {
        "precision": 0.7857142857142857,
        "recall": 0.4782608695652174,
        "f1-score": 0.5945945945945946,
        "support": 23.0
      },
      "ARR": {
        "precision": 0.0,
        "recall": 0.0,
        "f1-score": 0.0,
        "support": 10.0
      },
      "CIA": {
        "precision": 0.21428571428571427,
        "recall": 0.3,
        "f1-score": 0.25,
        "support": 10.0
      },
      "FALL": {
        "precision": 0.75,
        "recall": 0.9,
        "f1-score": 0.8181818181818182,
        "support": 10.0
      },
      "LV": {
        "precision": 0.4,
        "recall": 0.72,
        "f1-score": 0.5142857142857142,
        "support": 25.0
      },
      "accuracy": 0.4444444444444444,
      "macro avg": {
        "precision": 0.4231481481481481,
        "recall": 0.4385990338164252,
        "f1-score": 0.411454798954799,
        "support": 108.0
      },
      "weighted avg": {
        "precision": 0.45723104056437386,
        "recall": 0.4444444444444444,
        "f1-score": 0.42559848809848805,
        "support": 108.0
      }
    },
    "probabilities": [
      [
        0.00044322107549331916,
        0.002536268209685385,
        0.00011416766691296731,
        0.04479982622910593,
        0.00020102344627328348,
        0.9519054933725292
      ],
      [
        0.010958502000366833,
        0.04186324894100096,
        0.1719893116573972,
        0.0028516538915790003,
        0.02539673177233744,
        0.7469405517373185
      ],
      [
        0.9933292988615511,
        0.002141422692908328,
        0.0006176951775886811,
        0.0038982989453697466,
        8.745218332025716e-06,
        4.539104249918903e-06
      ],
      [
        0.9679382247305185,
        0.021363294072418097,
        0.009160400479664679,
        0.00139818456947541,
        0.0001082804219042058,
        3.161572601936876e-05
      ],
      [
        0.9588777227014323,
        5.3897444220334015e-05,
        5.486365827214986e-05,
        0.040575125597169456,
        0.00043728126013288494,
        1.109338772605558e-06
      ],
      [
        0.8650971764106901,
        0.00031858438036548267,
        0.02120815013832501,
        9.411379520809607e-05,
        3.999001917614578e-05,
        0.11324198525623541
      ],
      [
        0.06384253554196886,
        0.000515762116634585,
        0.9342565307360203,
        3.782070974484048e-05,
        4.135182607960441e-05,
        0.0013059990695517465
      ],
      [
        0.9972326301154713,
        0.00020345455290815746,
        0.00010608235697233675,
        1.5082611395699597e-05,
        3.61143316859609e-07,
        0.0024423892199356514
      ],
      [
        0.9993346805948078,
        2.1153646870479216e-07,
        0.0004453517654422821,
        2.3499980028613013e-06,
        0.00021572588713984945,
        1.6802181385334973e-06
      ],
      [
        0.9998294736507899,
        3.584960796198616e-06,
        0.00015696111090098043,
        6.870565133805435e-06,
        1.6835021669420852e-06,
        1.4262102123299668e-06
      ],
      [
        0.00014697048152156707,
        0.20259717879158617,
        0.0013311581553542614,
        0.00023899844219269628,
        0.199129336412478,
        0.5965563577168672
      ],
      [
        3.433413268880975e-05,
        0.01326802241200492,
        0.5804104791182486,
        0.00196113792558092,
        0.0006522061226333059,
        0.4036738202888434
      ],
      [
        7.415774041176596e-06,
        9.177798962786987e-05,
        0.0006625475764804205,
        0.25568872965284634,
        2.2269242201368284e-06,
        0.7435473020827841
      ],
      [
        4.30343588057189e-05,
        0.0017845917270622796,
        0.005464507371162997,
        0.17882429824798865,
        0.0032169848451852417,
        0.8106665834497951
      ],
      [
        7.332129240295555e-05,
        0.0006730010013060011,
        0.016218994002482286,
        0.9153101648964636,
        2.4760845305999453e-05,
        0.06769975796203942
      ],
      [
        0.00012570970734410747,
        0.0229773977228223,
        0.0019521932019219872,
        0.0024722853409719528,
        7.720250023067875e-06,
        0.9724646937769166
      ],
      [
        0.00022914219358951413,
        0.0006636444186200204,
        3.120419770543628e-05,
        0.001866089911947021,
        1.808935423666207e-05,
        0.9971918299239014
      ],
      [
        4.0901436408423105e-05,
        0.015090394240386981,
        0.1584108193911773,
        0.5973207784025584,
        0.0894762148246633,
        0.1396608917048057
      ],
      [
        5.1091179319236756e-05,
        0.0015206816209183728,
        0.004262171784215474,
        0.9911217518812535,
        2.0221297097857698e-06,
        0.003042281404583827
      ],
      [
        0.0005803156450455444,
        0.0018106481196693974,
        0.006681813051881368,
        0.21770014110915248,
        0.00013139680550802298,
        0.7730956852687432
      ],
      [
        0.003953283726755662,
        0.02787776364135077,
        0.05626389831469116,
        0.11999061920461654,
        0.0039992947137375175,
        0.7879151403988484
      ],
      [
        0.1902894410334716,
        0.0022315616360494206,
        0.00010443412640752806,
        0.7125536474590959,
        0.0005566189325651142,
        0.09426429681241022
      ],
      [
        1.923368705283596e-05,
        0.0047639242454126235,
        0.02762887017313187,
        0.004275447164889636,
        2.2286058439299017e-05,
        0.9632902386710738
      ],
      [
        3.1652213052608875e-05,
        0.5441490618269996,
        0.11307933887772127,
        0.18891188774274395,
        0.00015881545908961206,
        0.15366924388039307
      ],
      [
        0.00028257354967965644,
        0.08021920987346647,
        0.04336659507862623,
        0.07749803331299267,
        0.0007439180074766398,
        0.7978896701777582
      ],
      [
        1.4496551432302344e-06,
        0.00046015638805267363,
        0.001669250411270368,
        0.1732666634794935,
        7.264631787892247e-06,
        0.8245952154342524
      ],
      [
        0.0007874827922129087,
        0.015818367212235725,
        0.02940206781788093,
        0.24537632177398647,
        2.3154531570496136e-05,
        0.7085926058721134
      ],
      [
        0.0015221266164026392,
        0.00010698108723614726,
        0.0005656366413950537,
        0.0016254659792776726,
        9.949802657470688e-06,
        0.9961698398730311
      ],
      [
        0.03595873890735908,
        0.006340079948401995,
        0.03129651338405341,
        0.032849324805368514,
        0.0002521195325445968,
        0.8933032234222724
      ],
      [
        0.0017298531176625233,
        0.0336373758927038,
        0.022214262453258714,
        0.4990380599833976,
        0.0009488992346909222,
        0.44243154931828654
      ],
      [
        8.07823192190998e-07,
        0.06418903166322812,
        2.0159462617011103e-05,
        0.07561476733900285,
        2.3492321036895765e-05,
        0.860151741390923
      ],
      [
        6.567845046520882e-08,
        6.120154518592298e-05,
        0.0015613012860982074,
        7.742666259878622e-06,
        0.0011043997322345994,
        0.9972652890917709
      ],
      [
        1.0757407541210116e-07,
        0.1796836653203507,
        0.003396097933073278,
        3.073754454367852e-05,
        1.5033786378446467e-05,
        0.8168743578415785
      ],
      [
        1.4063882317203934e-05,
        0.001393554221824627,
        0.00036670864227332864,
        0.000147578919713784,
        8.592918591796563e-05,
        0.9979921651479532
      ],
      [
        2.8944916448512052e-05,
        0.1328055368469802,
        0.061205367348597474,
        0.09269564733071575,
        0.38350461363540583,
        0.3297598899218521
      ],
      [
        3.511213708898106e-05,
        0.001261066646001234,
        0.006544316137751379,
        0.8847327828755955,
        9.835884055719616e-05,
        0.1073283633630057
      ],
      [
        0.00025598429476915343,
        0.008633072792115958,
        0.004064754314085133,
        0.0036320140921882963,
        0.00023388023034556828,
        0.9831802942764959
      ],
      [
        3.4645432435943506e-06,
        0.0008102137897619262,
        0.00047206659571850164,
        6.150026157561555e-06,
        3.267461956011577e-05,
        0.9986754304255583
      ],
      [
        5.476277289350659e-05,
        0.0409275113409054,
        6.962783613885968e-05,
        0.3307056363014489,
        7.315699804224362e-05,
        0.628169304750571
      ],
      [
        1.0252885433739847e-05,
        0.9997390969745688,
        1.2022292059234828e-05,
        4.539908254648997e-05,
        4.526574848071997e-05,
        0.0001479630169109841
      ],
      [
        1.5981263164381124e-08,
        3.652479470676531e-05,
        0.0006350283990221284,
        1.797716868538814e-05,
        6.337276154485707e-07,
        0.9993098199287072
      ],
      [
        4.72048288324946e-08,
        0.0027853412903560684,
        0.0008211196850360812,
        0.00012361640519948608,
        0.0015412249830089686,
        0.9947286504315705
      ],
      [
        0.00010762312374242735,
        0.22643138794565829,
        0.1619527796837849,
        0.016607515479454688,
        0.0005887375849894527,
        0.5943119561823702
      ],
      [
        7.574493593409418e-06,
        0.029092824116138814,
        0.0019337827985377812,
        0.0002787538424231578,
        0.0048945569402670175,
        0.9637925078090398
      ],
      [
        1.5891102178461158e-09,
        0.0001857662897960048,
        1.4153975130092138e-05,
        1.0650298038622772e-06,
        1.9346776482810203e-05,
        0.9997796663396771
      ],
      [
        8.105027915411488e-06,
        0.0006429372512717299,
        0.000942372872361401,
        0.5903810101709559,
        0.02291734592660456,
        0.385108228750891
      ],
      [
        0.08062780792018155,
        0.001275332779116911,
        0.027109670371222652,
        0.0023669268566395315,
        0.8646780947495031,
        0.023942167323336365
      ],
      [
        6.102352533298744e-06,
        0.14754468363502332,
        0.22659238993048256,
        0.2345698887384045,
        0.0003840714648184238,
        0.3909028638787379
      ],
      [
        1.235444841655381e-07,
        0.006733460227627678,
        0.003104598359535995,
        0.0019352994990437424,
        8.660610413549556e-06,
        0.9882178577588948
      ],
      [
        2.0028065911200267e-05,
        0.022175875708836227,
        0.014812624874414686,
        0.0009666617963980504,
        2.663490201236019e-05,
        0.9619981746524275
      ],
      [
        6.016122546863547e-06,
        0.004301828355746865,
        0.12352468581058913,
        0.0034476144296385403,
        0.0012740944492418901,
        0.8674457608322368
      ],
      [
        0.009896706285919668,
        0.0008484825568871331,
        0.13918230923617977,
        0.46211890755469964,
        0.0969391337764645,
        0.29101446058984926
      ],
      [
        1.0341376587381185e-11,
        1.4456650017922314e-06,
        2.6549427391082895e-05,
        9.338252695223428e-07,
        1.3570530475563926e-05,
        0.9999575005415208
      ],
      [
        0.00015937787599283333,
        0.02126034326765685,
        0.00857780630100142,
        0.6282868135797549,
        0.2680184470162727,
        0.07369721195932126
      ],
      [
        8.268112970828038e-08,
        0.006959186822023404,
        0.0010189903227661493,
        5.403689558158533e-06,
        1.6795487236284513e-05,
        0.9919995409972864
      ],
      [
        0.8557759547364485,
        0.02394139745862455,
        0.01766539911841481,
        0.0012105847657370146,
        0.10118932829430492,
        0.0002173356264703863
      ],
      [
        0.00022771949624839227,
        0.5258837001535295,
        0.3353714949242961,
        0.09214479695989326,
        0.0012363716347795098,
        0.04513591683125322
      ],
      [
        0.9697100430337018,
        0.024461548481708877,
        0.004809765440024188,
        0.0009236555567919465,
        8.785486526179582e-05,
        7.132622511224688e-06
      ],
      [
        0.01364370587921989,
        0.9065810367846969,
        0.00034595265572093123,
        0.00022824641924156476,
        0.00028727048739812924,
        0.07891378777372272
      ],
      [
        0.22114994335889568,
        0.1398827542033885,
        0.638147494356933,
        0.00048535864779860883,
        0.0002119521754321809,
        0.00012249725755209792
      ],
      [
        0.9407410006977619,
        0.058663665341558396,
        0.00012819352197019704,
        0.00044208691042592823,
        1.9830894779328784e-05,
        5.222633504197008e-06
      ],
      [
        4.027898129698559e-05,
        0.1186214247011697,
        0.04002226363213957,
        0.00016493302293552056,
        0.0036734430419099306,
        0.8374776566205482
      ],
      [
        0.4502139439851906,
        0.42771041185776704,
        0.09238985101132996,
        0.029353677387690923,
        0.00012093386119101099,
        0.00021118189683034361
      ],
      [
        0.9968218615346209,
        0.0021221233637138135,
        0.00041074938457310233,
        2.7224674039922875e-06,
        0.0006416379586350083,
        9.052910532995763e-07
      ],
      [
        3.7964303386299946e-06,
        0.9557043009196527,
        0.002595861606572038,
        0.00025414008139685446,
        5.567105455511339e-05,
        0.0413862299074845
      ],
      [
        0.0029880954426411855,
        0.7206813398507318,
        0.0011777627069061427,
        0.0001249927692367254,
        0.00032476121374544264,
        0.27470304801673856
      ],
      [
        0.13489216234481916,
        0.8247536621825915,
        0.01641447511872572,
        0.019209446380649125,
        3.212381253027307e-05,
        0.004698130160684292
      ],
      [
        0.9815371192812822,
        0.001677858818018895,
        0.008650861881615264,
        8.259572732411189e-05,
        0.008032227662443457,
        1.933662931602939e-05
      ],
      [
        1.8016211026795767e-08,
        0.999064390593498,
        8.824281988294948e-08,
        7.835532555249193e-06,
        3.0815934175588816e-05,
        0.0008968516807400699
      ],
      [
        0.05916837936146681,
        0.9400739117607663,
        0.000612746093115552,
        0.00010000805119163528,
        4.454414258789328e-05,
        4.105908718066762e-07
      ],
      [
        0.3261235199174524,
        0.05440143613435477,
        0.6129784988838519,
        0.006143879366454603,
        0.00013815932494079444,
        0.00021450637294556242
      ],
      [
        0.5774921851508653,
        0.002230705933675957,
        0.41301939860593995,
        0.0038068872466635057,
        0.0034141478697661135,
        3.667519308918208e-05
      ],
      [
        0.08038648644986131,
        0.8698739974337953,
        0.04938076634936707,
        0.00028132215695345693,
        3.63132235033521e-05,
        4.1114386519586716e-05
      ],
      [
        0.011573601187727364,
        0.9686506116378768,
        0.008660144060231977,
        0.010074329570525889,
        8.139680915274993e-05,
        0.0009599167344852564
      ],
      [
        0.19314695019358852,
        0.0805394981273536,
        0.7132098367718946,
        0.007416924559702085,
        0.005681032264676871,
        5.758082784221576e-06
      ],
      [
        0.0008922115893048999,
        0.9301095502223307,
        0.0035950767140813873,
        0.00042986619581980904,
        0.00315594887534929,
        0.061817346403113954
      ],
      [
        0.00018665871624709584,
        0.9900475813552064,
        0.008353969112724027,
        3.44856696856046e-07,
        0.000128783629970906,
        0.0012826623291545148
      ],
      [
        0.4934935662487151,
        0.33672848404440825,
        0.16956065547178428,
        3.858568670176703e-05,
        6.376672128618417e-05,
        0.00011494182710454492
      ],
      [
        0.00010340314650118107,
        0.050433581771033485,
        0.009157073540601638,
        0.08618783418073975,
        0.006565553528679936,
        0.847552553832444
      ],
      [
        0.00032266888424194753,
        4.058147173505835e-05,
        0.014552618733221718,
        0.3113575007139552,
        0.6677618232584789,
        0.005964806938367203
      ],
      [
        6.285925416515049e-05,
        0.9597459259920732,
        0.016522029396214905,
        0.0006696645928462111,
        1.2287166102190736e-05,
        0.022987233598598198
      ],
      [
        0.0001808426598960869,
        0.0005504930665481374,
        0.0012108683360599875,
        0.30653550586958067,
        0.3137808748016968,
        0.3777414152662183
      ],
      [
        1.7461577523540857e-07,
        0.00018185078008447713,
        0.0006930287988155307,
        0.00019135071600621752,
        5.398322413349692e-09,
        0.998933589690996
      ],
      [
        1.306198228166992e-06,
        0.00024817063000570096,
        2.3466541771625048e-05,
        0.2599479065779874,
        2.8874292457213613e-05,
        0.73975027575955
      ],
      [
        0.0005405233227781011,
        0.0801398003137318,
        0.0074337741081121015,
        0.306450315079965,
        5.0041854509268273e-05,
        0.6053855453209037
      ],
      [
        1.0923091152689489e-07,
        0.0055296177961823125,
        0.0036699295455330048,
        0.0004678442059556557,
        0.0002520342585685345,
        0.9900804649628488
      ],
      [
        0.0008935794234405219,
        0.04357397688650066,
        0.30789162746792137,
        0.6474825289715179,
        5.692890319402994e-05,
        0.00010135834742537287
      ],
      [
        3.2148122050111117e-07,
        0.03431033466738412,
        0.15833401604788283,
        0.24387506336511602,
        1.6085729344875414e-05,
        0.5634641787090516
      ],
      [
        2.769350561742949e-06,
        3.0008747395536087e-08,
        6.324016508754589e-05,
        0.004803556310250138,
        0.9951286411370756,
        1.7630282778420357e-06
      ],
      [
        0.0017987052523193278,
        0.005317087597438681,
        0.004622645464926655,
        0.0193852444607305,
        0.9673616104055592,
        0.00151470681902565
      ],
      [
        3.6370106346511793e-06,
        4.88438362640543e-07,
        0.00043205772838318863,
        0.006686509770478305,
        0.9925854590071043,
        0.0002918480450368703
      ],
      [
        0.0017218955097452122,
        1.5029105161197553e-05,
        2.4438029017670972e-06,
        0.9944695443632553,
        0.0036332156062383546,
        0.0001578716126983724
      ],
      [
        7.461529643977306e-08,
        0.0005264850165537644,
        0.00534522532736159,
        0.011113193293062519,
        0.9828029436913265,
        0.00021207805639902668
      ],
      [
        2.7606448659077558e-06,
        0.00019784578841708798,
        0.0009533580771254924,
        0.04440015931716131,
        0.9541929232354388,
        0.00025295293699157854
      ],
      [
        0.0018902867021093732,
        0.08377819557499959,
        0.014049646015595175,
        0.07675007470530809,
        0.8187589553191791,
        0.0047728416828086515
      ],
      [
        2.13500523212901e-06,
        0.0006444519874609282,
        0.001452751879411548,
        0.015315402425713456,
        0.9823781087568773,
        0.0002071499453046058
      ],
      [
        8.463929987171703e-07,
        0.00031430313546534314,
        0.0015320449860644503,
        0.011658921566045016,
        0.9824707706603086,
        0.004023113259117835
      ],
      [
        0.00040259764733583086,
        6.18624608817788e-05,
        1.196311034168693e-06,
        0.0003318499172552868,
        0.9642789251471272,
        0.03492356851636569
      ],
      [
        4.9715681929931815e-06,
        0.014814203315945918,
        0.00021435769573144019,
        0.9604684935222926,
        8.342845037065879e-05,
        0.024414545447466438
      ],
      [
        0.9019377487493703,
        0.011644148285196975,
        0.0010662262482515534,
        0.08529875697163788,
        3.614520648155242e-05,
        1.697453906157647e-05
      ],
      [
        0.8162029690431928,
        0.00014304587961461952,
        2.109247797226707e-05,
        0.11064394389287863,
        0.07076428502535773,
        0.002224663680984097
      ],
      [
        0.9785336360948237,
        2.271611553312367e-05,
        3.3106532952552736e-07,
        0.00903673662391599,
        0.012406279485509443,
        3.006148881155921e-07
      ],
      [
        5.784123361444173e-05,
        0.19937604264585257,
        0.023931329170150655,
        0.039912146294646955,
        0.10238129639624005,
        0.6343413442594953
      ],
      [
        8.840861398658335e-06,
        0.00016421290989252754,
        0.007895169148201209,
        0.9880636392953653,
        0.0005370433223645763,
        0.0033310944627777386
      ],
      [
        8.962951750760947e-06,
        0.0002075653441151177,
        0.00966597881063802,
        0.0023200939753178556,
        6.082424999958711e-06,
        0.9877913164931782
      ],
      [
        8.166165637137276e-06,
        2.8340458027429372e-05,
        2.363024485581718e-05,
        0.08888768404480765,
        0.008089476101516047,
        0.9029627029851559
      ],
      [
        3.209625239270652e-07,
        0.00012252861137265324,
        0.00015427523469021954,
        0.6218651883276464,
        0.3695708250029808,
        0.00828686186078609
      ],
      [
        0.24045852865070777,
        0.004212702626956566,
        0.0003381175033904058,
        0.0085857018685914,
        0.22398100097755697,
        0.5224239483727968
      ]
    ],
    "predictions": [
      5,
      5,
      0,
      0,
      0,
      0,
      2,
      0,
      0,
      0,
      5,
      2,
      5,
      5,
      3,
      5,
      5,
      3,
      3,
      5,
      5,
      3,
      5,
      1,
      5,
      5,
      5,
      5,
      5,
      3,
      5,
      5,
      5,
      5,
      4,
      3,
      5,
      5,
      5,
      1,
      5,
      5,
      5,
      5,
      5,
      3,
      4,
      5,
      5,
      5,
      5,
      3,
      5,
      3,
      5,
      0,
      1,
      0,
      1,
      2,
      0,
      5,
      0,
      0,
      1,
      1,
      1,
      0,
      1,
      1,
      2,
      0,
      1,
      1,
      2,
      1,
      1,
      0,
      5,
      4,
      1,
      5,
      5,
      5,
      5,
      5,
      3,
      5,
      4,
      4,
      4,
      3,
      4,
      4,
      4,
      4,
      4,
      4,
      3,
      0,
      0,
      0,
      5,
      3,
      5,
      5,
      3,
      5
    ],
    "true_labels": [
      0,
      0,
      0,
      0,
      0,
      0,
      0,
      0,
      0,
      0,
      0,
      0,
      0,
      0,
      0,
      0,
      0,
      0,
      0,
      0,
      0,
      0,
      0,
      0,
      0,
      0,
      0,
      0,
      0,
      0,
      5,
      5,
      5,
      5,
      5,
      5,
      5,
      5,
      5,
      5,
      5,
      5,
      5,
      5,
      5,
      5,
      5,
      5,
      5,
      5,
      5,
      5,
      5,
      5,
      5,
      1,
      1,
      1,
      1,
      1,
      1,
      1,
      1,
      1,
      1,
      1,
      1,
      1,
      1,
      1,
      1,
      1,
      1,
      1,
      1,
      1,
      1,
      1,
      2,
      2,
      2,
      2,
      2,
      2,
      2,
      2,
      2,
      2,
      4,
      4,
      4,
      4,
      4,
      4,
      4,
      4,
      4,
      4,
      3,
      3,
      3,
      3,
      3,
      3,
      3,
      3,
      3,
      3
    ],
    "patient_ids": [
      "201",
      "202",
      "203",
      "204",
      "205",
      "206",
      "207",
      "208",
      "209",
      "210",
      "211",
      "212",
      "213",
      "214",
      "215",
      "216",
      "217",
      "218",
      "219",
      "220",
      "221",
      "222",
      "223",
      "224",
      "225",
      "226",
      "227",
      "228",
      "229",
      "230",
      "231",
      "232",
      "233",
      "234",
      "235",
      "236",
      "237",
      "238",
      "239",
      "240",
      "241",
      "242",
      "243",
      "244",
      "245",
      "246",
      "247",
      "248",
      "249",
      "250",
      "251",
      "252",
      "253",
      "254",
      "255",
      "256",
      "257",
      "258",
      "259",
      "260",
      "261",
      "262",
      "264",
      "265",
      "266",
      "267",
      "269",
      "270",
      "271",
      "272",
      "273",
      "274",
      "275",
      "276",
      "277",
      "278",
      "279",
      "280",
      "281",
      "282",
      "283",
      "284",
      "285",
      "286",
      "287",
      "288",
      "289",
      "290",
      "291",
      "292",
      "293",
      "294",
      "295",
      "296",
      "297",
      "298",
      "299",
      "300",
      "301",
      "302",
      "303",
      "304",
      "305",
      "306",
      "307",
      "308",
      "309",
      "310"
    ]
  },
  "roc_auc": {
    "macro_auc": 0.7704933241110173,
    "per_class_auc": {
      "NOR": 0.6641025641025641,
      "HCM": 0.871611253196931,
      "ARR": 0.5744897959183674,
      "CIA": 0.7285714285714286,
      "FALL": 0.9755102040816326,
      "LV": 0.8086746987951807
    }
  },
  "binary": {
    "accuracy": 0.7037037037037037,
    "f1": 0.8117647058823529,
    "sensitivity": 0.8846153846153846,
    "specificity": 0.23333333333333334,
    "roc_auc": 0.6641025641025641,
    "binary_labels": [
      0,
      0,
      0,
      0,
      0,
      0,
      0,
      0,
      0,
      0,
      0,
      0,
      0,
      0,
      0,
      0,
      0,
      0,
      0,
      0,
      0,
      0,
      0,
      0,
      0,
      0,
      0,
      0,
      0,
      0,
      1,
      1,
      1,
      1,
      1,
      1,
      1,
      1,
      1,
      1,
      1,
      1,
      1,
      1,
      1,
      1,
      1,
      1,
      1,
      1,
      1,
      1,
      1,
      1,
      1,
      1,
      1,
      1,
      1,
      1,
      1,
      1,
      1,
      1,
      1,
      1,
      1,
      1,
      1,
      1,
      1,
      1,
      1,
      1,
      1,
      1,
      1,
      1,
      1,
      1,
      1,
      1,
      1,
      1,
      1,
      1,
      1,
      1,
      1,
      1,
      1,
      1,
      1,
      1,
      1,
      1,
      1,
      1,
      1,
      1,
      1,
      1,
      1,
      1,
      1,
      1,
      1,
      1
    ],
    "binary_probs": [
      0.9995567789245067,
      0.9890414979996331,
      0.00667070113844892,
      0.03206177526948151,
      0.041122277298567655,
      0.13490282358930994,
      0.9361574644580312,
      0.0027673698845287475,
      0.0006653194051922107,
      0.00017052634921010945,
      0.9998530295184784,
      0.9999656658673112,
      0.9999925842259588,
      0.9999569656411943,
      0.999926678707597,
      0.9998742902926558,
      0.9997708578064105,
      0.9999590985635916,
      0.9999489088206808,
      0.9994196843549544,
      0.9960467162732444,
      0.8097105589665284,
      0.9999807663129472,
      0.9999683477869474,
      0.9997174264503204,
      0.9999985503448567,
      0.9992125172077871,
      0.9984778733835974,
      0.9640412610926409,
      0.9982701468823375,
      0.9999991921768078,
      0.9999999343215495,
      0.9999998924259246,
      0.9999859361176828,
      0.9999710550835514,
      0.999964887862911,
      0.9997440157052309,
      0.9999965354567564,
      0.9999452372271065,
      0.9999897471145662,
      0.9999999840187368,
      0.9999999527951712,
      0.9998923768762575,
      0.9999924255064065,
      0.9999999984108898,
      0.9999918949720846,
      0.9193721920798185,
      0.9999938976474667,
      0.9999998764555158,
      0.9999799719340888,
      0.9999939838774531,
      0.9901032937140803,
      0.9999999999896586,
      0.9998406221240072,
      0.9999999173188703,
      0.14422404526355148,
      0.9997722805037516,
      0.030289956966298215,
      0.9863562941207801,
      0.7788500566411043,
      0.0592589993022381,
      0.999959721018703,
      0.5497860560148093,
      0.0031781384653790656,
      0.9999962035696613,
      0.9970119045573588,
      0.8651078376551808,
      0.018462880718717822,
      0.9999999819837889,
      0.9408316206385332,
      0.6738764800825476,
      0.4225078148491347,
      0.9196135135501387,
      0.9884263988122727,
      0.8068530498064115,
      0.9991077884106951,
      0.9998133412837529,
      0.5065064337512849,
      0.9998965968534989,
      0.9996773311157581,
      0.9999371407458348,
      0.999819157340104,
      0.9999998253842247,
      0.9999986938017719,
      0.9994594766772219,
      0.9999998907690885,
      0.9991064205765595,
      0.9999996785187795,
      0.9999972306494382,
      0.9982012947476807,
      0.9999963629893653,
      0.9982781044902548,
      0.9999999253847036,
      0.9999972393551341,
      0.9981097132978907,
      0.9999978649947678,
      0.9999991536070013,
      0.9995974023526641,
      0.999995028431807,
      0.09806225125062973,
      0.18379703095680722,
      0.02146636390517631,
      0.9999421587663856,
      0.9999911591386014,
      0.9999910370482492,
      0.9999918338343629,
      0.9999996790374761,
      0.7595414713492923
    ]
  }
}
