{
  "config": {
    "dataset": "mnm2",
    "backbone": "dinov3",
    "model_name": "dinov3_vitb16",
    "eval_mode": "logreg",
    "freeze_backbone": true,
    "pooling": "gap",
    "embed_dim": 768,
    "best_hyperparam": 0.017782794311642647,
    "hyperparam_name": "C",
    "num_classes": 6,
    "class_names": [
      "NOR",
      "HCM",
      "ARR",
      "CIA",
      "FALL",
      "LV"
    ]
  },
  "sweep_results": [
    {
      "param_value": 9.999999974752427e-07,
      "mean_cv_acc": 0.17857142857142858,
      "std_cv_acc": 0.0
    },
    {
      "param_value": 1.7782793975129607e-06,
      "mean_cv_acc": 0.17857142857142858,
      "std_cv_acc": 0.0
    },
    {
      "param_value": 3.1622776077711023e-06,
      "mean_cv_acc": 0.17857142857142858,
      "std_cv_acc": 0.0
    },
    {
      "param_value": 5.6234130170196295e-06,
      "mean_cv_acc": 0.17857142857142858,
      "std_cv_acc": 0.0
    },
    {
      "param_value": 9.999999747378752e-06,
      "mean_cv_acc": 0.17857142857142858,
      "std_cv_acc": 0.0
    },
    {
      "param_value": 1.778279329300858e-05,
      "mean_cv_acc": 0.17857142857142858,
      "std_cv_acc": 0.0
    },
    {
      "param_value": 3.162277789670043e-05,
      "mean_cv_acc": 0.21428571428571427,
      "std_cv_acc": 0.0
    },
    {
      "param_value": 5.62341338081751e-05,
      "mean_cv_acc": 0.2857142857142857,
      "std_cv_acc": 0.0
    },
    {
      "param_value": 9.999999747378752e-05,
      "mean_cv_acc": 0.2857142857142857,
      "std_cv_acc": 0.0
    },
    {
      "param_value": 0.00017782794020604342,
      "mean_cv_acc": 0.39285714285714285,
      "std_cv_acc": 0.0
    },
    {
      "param_value": 0.0003162277571391314,
      "mean_cv_acc": 0.4642857142857143,
      "std_cv_acc": 0.0
    },
    {
      "param_value": 0.000562341301701963,
      "mean_cv_acc": 0.4642857142857143,
      "std_cv_acc": 0.0
    },
    {
      "param_value": 0.0010000000474974513,
      "mean_cv_acc": 0.4642857142857143,
      "std_cv_acc": 0.0
    },
    {
      "param_value": 0.0017782794311642647,
      "mean_cv_acc": 0.42857142857142855,
      "std_cv_acc": 0.0
    },
    {
      "param_value": 0.003162277629598975,
      "mean_cv_acc": 0.4642857142857143,
      "std_cv_acc": 0.0
    },
    {
      "param_value": 0.005623413249850273,
      "mean_cv_acc": 0.4642857142857143,
      "std_cv_acc": 0.0
    },
    {
      "param_value": 0.009999999776482582,
      "mean_cv_acc": 0.5,
      "std_cv_acc": 0.0
    },
    {
      "param_value": 0.017782794311642647,
      "mean_cv_acc": 0.5357142857142857,
      "std_cv_acc": 0.0
    },
    {
      "param_value": 0.03162277489900589,
      "mean_cv_acc": 0.5357142857142857,
      "std_cv_acc": 0.0
    },
    {
      "param_value": 0.05623413249850273,
      "mean_cv_acc": 0.5357142857142857,
      "std_cv_acc": 0.0
    },
    {
      "param_value": 0.10000000149011612,
      "mean_cv_acc": 0.5357142857142857,
      "std_cv_acc": 0.0
    },
    {
      "param_value": 0.17782793939113617,
      "mean_cv_acc": 0.5357142857142857,
      "std_cv_acc": 0.0
    },
    {
      "param_value": 0.3162277638912201,
      "mean_cv_acc": 0.5357142857142857,
      "std_cv_acc": 0.0
    },
    {
      "param_value": 0.5623413324356079,
      "mean_cv_acc": 0.5357142857142857,
      "std_cv_acc": 0.0
    },
    {
      "param_value": 1.0,
      "mean_cv_acc": 0.5,
      "std_cv_acc": 0.0
    },
    {
      "param_value": 1.778279423713684,
      "mean_cv_acc": 0.5,
      "std_cv_acc": 0.0
    },
    {
      "param_value": 3.1622776985168457,
      "mean_cv_acc": 0.5,
      "std_cv_acc": 0.0
    },
    {
      "param_value": 5.6234130859375,
      "mean_cv_acc": 0.5,
      "std_cv_acc": 0.0
    },
    {
      "param_value": 10.0,
      "mean_cv_acc": 0.5,
      "std_cv_acc": 0.0
    },
    {
      "param_value": 17.782794952392578,
      "mean_cv_acc": 0.5,
      "std_cv_acc": 0.0
    },
    {
      "param_value": 31.62277603149414,
      "mean_cv_acc": 0.5,
      "std_cv_acc": 0.0
    },
    {
      "param_value": 56.234130859375,
      "mean_cv_acc": 0.5,
      "std_cv_acc": 0.0
    },
    {
      "param_value": 100.0,
      "mean_cv_acc": 0.5,
      "std_cv_acc": 0.0
    },
    {
      "param_value": 177.82794189453125,
      "mean_cv_acc": 0.5,
      "std_cv_acc": 0.0
    },
    {
      "param_value": 316.2277526855469,
      "mean_cv_acc": 0.5,
      "std_cv_acc": 0.0
    },
    {
      "param_value": 562.34130859375,
      "mean_cv_acc": 0.5,
      "std_cv_acc": 0.0
    },
    {
      "param_value": 1000.0,
      "mean_cv_acc": 0.5,
      "std_cv_acc": 0.0
    },
    {
      "param_value": 1778.2794189453125,
      "mean_cv_acc": 0.5,
      "std_cv_acc": 0.0
    },
    {
      "param_value": 3162.277587890625,
      "mean_cv_acc": 0.5,
      "std_cv_acc": 0.0
    },
    {
      "param_value": 5623.4130859375,
      "mean_cv_acc": 0.5,
      "std_cv_acc": 0.0
    },
    {
      "param_value": 10000.0,
      "mean_cv_acc": 0.5,
      "std_cv_acc": 0.0
    },
    {
      "param_value": 17782.794921875,
      "mean_cv_acc": 0.5,
      "std_cv_acc": 0.0
    },
    {
      "param_value": 31622.77734375,
      "mean_cv_acc": 0.5,
      "std_cv_acc": 0.0
    },
    {
      "param_value": 56234.1328125,
      "mean_cv_acc": 0.5,
      "std_cv_acc": 0.0
    },
    {
      "param_value": 100000.0,
      "mean_cv_acc": 0.5,
      "std_cv_acc": 0.0
    }
  ],
  "five_way": {
    "accuracy": 0.39814814814814814,
    "macro_f1": 0.3533862970475547,
    "macro_sensitivity": 0.3917874396135266,
    "macro_specificity": 0.873870116474146,
    "per_class_sensitivity": {
      "NOR": 0.23333333333333334,
      "HCM": 0.21739130434782608,
      "ARR": 0.1,
      "CIA": 0.1,
      "FALL": 0.9,
      "LV": 0.8
    },
    "per_class_specificity": {
      "NOR": 0.8205128205128205,
      "HCM": 0.9882352941176471,
      "ARR": 0.9387755102040817,
      "CIA": 0.9081632653061225,
      "FALL": 0.9489795918367347,
      "LV": 0.6385542168674698
    },
    "confusion_matrix": [
      [
        7,
        0,
        2,
        5,
        0,
        16
      ],
      [
        11,
        5,
        4,
        0,
        0,
        3
      ],
      [
        0,
        0,
        1,
        1,
        0,
        8
      ],
      [
        3,
        0,
        0,
        1,
        3,
        3
      ],
      [
        0,
        0,
        0,
        1,
        9,
        0
      ],
      [
        0,
        1,
        0,
        2,
        2,
        20
      ]
    ],
    "classification_report": {
      "NOR": {
        "precision": 0.3333333333333333,
        "recall": 0.23333333333333334,
        "f1-score": 0.27450980392156865,
        "support": 30.0
      },
      "HCM": {
        "precision": 0.8333333333333334,
        "recall": 0.21739130434782608,
        "f1-score": 0.3448275862068966,
        "support": 23.0
      },
      "ARR": {
        "precision": 0.14285714285714285,
        "recall": 0.1,
        "f1-score": 0.11764705882352941,
        "support": 10.0
      },
      "CIA": {
        "precision": 0.1,
        "recall": 0.1,
        "f1-score": 0.1,
        "support": 10.0
      },
      "FALL": {
        "precision": 0.6428571428571429,
        "recall": 0.9,
        "f1-score": 0.75,
        "support": 10.0
      },
      "LV": {
        "precision": 0.4,
        "recall": 0.8,
        "f1-score": 0.5333333333333333,
        "support": 25.0
      },
      "accuracy": 0.39814814814814814,
      "macro avg": {
        "precision": 0.4087301587301588,
        "recall": 0.3917874396135266,
        "f1-score": 0.3533862970475547,
        "support": 108.0
      },
      "weighted avg": {
        "precision": 0.44466490299823636,
        "recall": 0.39814814814814814,
        "f1-score": 0.36274196779605844,
        "support": 108.0
      }
    },
    "probabilities": [
      [
        0.007021340940516388,
        0.012074757966253106,
        0.004887842143915736,
        0.04834561736215974,
        0.003042174639211704,
        0.9246282669479432
      ],
      [
        0.01495312699435281,
        0.06398736233753113,
        0.09731836603313815,
        0.04956161515984421,
        0.04511761823753479,
        0.7290619112375989
      ],
      [
        0.9279528699814441,
        0.04565504779803684,
        0.0008592551128663348,
        0.023044324477614262,
        0.001276227015100265,
        0.0012122756149381977
      ],
      [
        0.5423961564609402,
        0.36283451732457694,
        0.031052216541657757,
        0.047204065008066225,
        0.011313037407335053,
        0.005200007257423823
      ],
      [
        0.9328978409669623,
        0.0029221234424883316,
        0.0011951380627855974,
        0.060897674818684994,
        0.001502703140032959,
        0.0005845195690455402
      ],
      [
        0.8904153187493279,
        0.008664162158011909,
        0.03857583299531513,
        0.01702173314754375,
        0.0015491470030045069,
        0.04377380594679674
      ],
      [
        0.39361312874452065,
        0.017566714819495705,
        0.567012236437964,
        0.011095932935176838,
        0.00025746404672109504,
        0.010454523016121715
      ],
      [
        0.8451351527120866,
        0.001743670368827488,
        0.1132640080549729,
        0.03056433741187065,
        0.0002586352374869032,
        0.009034196214755548
      ],
      [
        0.9416946522168672,
        0.0019804002041369563,
        0.05255116633803427,
        0.001202730381068636,
        0.0009955320064888493,
        0.0015755188534039575
      ],
      [
        0.8772772055393607,
        0.0006695640921367322,
        0.06716206927458956,
        0.054121826316548174,
        0.00011994049312084171,
        0.0006493942842439901
      ],
      [
        0.00962037477861541,
        0.05667032952265552,
        0.21065183848736066,
        0.012635920100876247,
        0.20223252598012598,
        0.5081890111303662
      ],
      [
        0.006563998349922234,
        0.02230586709125311,
        0.8607877081251213,
        0.012267141034138682,
        0.005524354101080086,
        0.09255093129848453
      ],
      [
        0.008169762081170071,
        0.004397808964344923,
        0.000788465949901981,
        0.5319057984213706,
        0.002121218019281381,
        0.4526169465639309
      ],
      [
        0.017694839520421373,
        0.008516239178019698,
        0.017550277824457616,
        0.13067304013646142,
        0.06345355317683786,
        0.762112050163802
      ],
      [
        0.013302238910990161,
        0.01522228355694906,
        0.0031228687006633472,
        0.6871713669855454,
        0.0024234411183664674,
        0.2787578007274855
      ],
      [
        0.015178186335651822,
        0.08093555932645843,
        0.13436909230383912,
        0.019829473809357536,
        0.004857209747170719,
        0.7448304784775224
      ],
      [
        0.024847852041558097,
        0.012572693572891135,
        0.008843558446997772,
        0.0917869890575653,
        0.011760401628376842,
        0.8501885052526108
      ],
      [
        0.005047941162288584,
        0.023068982359819086,
        0.006047783524486778,
        0.037746431700251444,
        0.029627879786368647,
        0.8984609814667855
      ],
      [
        0.010126008753116342,
        0.015576051540325838,
        0.006677157251057778,
        0.6382602472754291,
        0.001978905239218982,
        0.32738162994085196
      ],
      [
        0.013768570118016073,
        0.03673058287582118,
        0.029043146813070787,
        0.26572630868552227,
        0.03230468296159097,
        0.6224267085459788
      ],
      [
        0.03876642163872015,
        0.043095648672211745,
        0.18137985242213736,
        0.07393769765917782,
        0.02544377887839767,
        0.6373766007293552
      ],
      [
        0.022115189478239743,
        0.0083041717289687,
        0.013362400237210898,
        0.754306998336205,
        0.012202679232280845,
        0.18970856098709493
      ],
      [
        0.00326222549276513,
        0.028195641682499214,
        0.06089189525864207,
        0.002790553978005801,
        0.005068808958302832,
        0.8997908746297849
      ],
      [
        0.012978220973170498,
        0.017328069833602616,
        0.01009520200067112,
        0.10315404967909933,
        0.004271466030598086,
        0.8521729914828583
      ],
      [
        0.017750272124879573,
        0.08186081232872189,
        0.05102665781571876,
        0.17786664291463952,
        0.035064643122253165,
        0.636430971693787
      ],
      [
        0.0012697608945550214,
        0.014381332297087926,
        0.0011553748972207302,
        0.20119864068872123,
        0.0030161089074115886,
        0.7789787823150035
      ],
      [
        0.0479222711839107,
        0.03370456397420856,
        0.06658265766332623,
        0.1679738270429003,
        0.022748363347677936,
        0.6610683167879764
      ],
      [
        0.004200206132704446,
        0.009345384817183179,
        0.008503095061706782,
        0.21288612286810607,
        0.0043339488482696175,
        0.7607312422720299
      ],
      [
        0.09049590115370432,
        0.05588385865928444,
        0.04441474303097934,
        0.1954351481121707,
        0.006025199181910039,
        0.6077451498619512
      ],
      [
        0.06210085693422419,
        0.16942891148284422,
        0.05674737151674593,
        0.47023987126052674,
        0.04099785057549482,
        0.2004851382301641
      ],
      [
        0.005203511975368861,
        0.012659371475048956,
        0.0062514730710432,
        0.03198940990264967,
        0.012372014330226284,
        0.931524219245663
      ],
      [
        0.00034446972252367877,
        0.012707129555085286,
        0.045770318503534746,
        0.0014530984816221032,
        0.02396571599358763,
        0.9157592677436465
      ],
      [
        0.0002985099537102644,
        0.12592187236021865,
        0.09024797208792362,
        0.005485236519603604,
        0.02346766584367176,
        0.7545787432348721
      ],
      [
        0.007681663187723687,
        0.07657776565053184,
        0.1035494988674692,
        0.01852271839579153,
        0.02415394269916575,
        0.769514411199318
      ],
      [
        0.004543266657723609,
        0.06769372109167301,
        0.14845463477363305,
        0.057886691417274844,
        0.15141945459651324,
        0.5700022314631822
      ],
      [
        0.007393163253632005,
        0.01408973690646846,
        0.08534533521463503,
        0.06317593443975476,
        0.005737882296591472,
        0.8242579478889183
      ],
      [
        0.0051255472932704065,
        0.3308162691819695,
        0.08212127904222262,
        0.2281510088676622,
        0.014568284792500693,
        0.3392176108223746
      ],
      [
        0.0035698658734857193,
        0.01777683645304567,
        0.09513446671689253,
        0.0017643078896902678,
        0.011248678440191815,
        0.8705058446266941
      ],
      [
        0.002676563216651124,
        0.11043068174424445,
        0.004124217654427862,
        0.05833548031817882,
        0.008485149272243217,
        0.8159479077942544
      ],
      [
        0.0275225441178277,
        0.8035184906297991,
        0.024428029335003442,
        0.02864648686832525,
        0.040413946674328224,
        0.07547050237471611
      ],
      [
        0.0007448088289605326,
        0.012912182906625104,
        0.054321844724001325,
        0.01804473515514018,
        0.013494778455248099,
        0.9004816499300247
      ],
      [
        0.000892856637504559,
        0.19826194074138412,
        0.02824762828970509,
        0.014782631307838969,
        0.013230142085725564,
        0.7445848009378417
      ],
      [
        0.009346451113722183,
        0.020592335138241324,
        0.06610850421864996,
        0.007234921465664917,
        0.0038968416267840416,
        0.8928209464369375
      ],
      [
        0.0011622150808961178,
        0.058018682166393595,
        0.11780530564249421,
        0.013658774271042248,
        0.07054481182521048,
        0.7388102110139633
      ],
      [
        0.00022468236083398387,
        0.015030063394257286,
        0.00694434866214532,
        0.0007046294817271338,
        0.011569682843540811,
        0.9655265932574953
      ],
      [
        0.0024562452303784755,
        0.037207658719904224,
        0.001108185355757692,
        0.44147281559134144,
        0.20093797410390551,
        0.3168171209987126
      ],
      [
        0.009188929667567356,
        0.025211767436623882,
        0.014888715923997414,
        0.06074129360164633,
        0.813355138093692,
        0.07661415527647292
      ],
      [
        0.010245587530496284,
        0.06094029553879441,
        0.2278735445069421,
        0.042130162617354104,
        0.008114450167910363,
        0.6506959596385027
      ],
      [
        0.0012521338228157978,
        0.14700865574372127,
        0.04666103560772233,
        0.03061647494031992,
        0.005123071271079188,
        0.7693386286143414
      ],
      [
        0.005963770144169915,
        0.0172128855917831,
        0.0358444108413399,
        0.00558488201712204,
        0.0028555904585991676,
        0.9325384609469858
      ],
      [
        0.004332658660076472,
        0.025701283491176445,
        0.11662033340340942,
        0.016247329723681616,
        0.027544022738992115,
        0.809554371982664
      ],
      [
        0.008883002328930328,
        0.010031303535036023,
        0.003347411950566245,
        0.2433160886748609,
        0.6230929920788936,
        0.11132920143171288
      ],
      [
        0.00010913390809999357,
        0.0033963429849087627,
        0.005814248855926207,
        0.003485591297214531,
        0.04458561107508576,
        0.9426090718787649
      ],
      [
        0.0008200777977161141,
        0.07346580045504449,
        0.006242085928745687,
        0.5432049402272657,
        0.3332450546484418,
        0.043022040942786256
      ],
      [
        0.0015495308169697609,
        0.008766210681617299,
        0.020876220716975084,
        0.0004599851136106406,
        0.005236334124304606,
        0.9631117185465226
      ],
      [
        0.8665741495309468,
        0.008240394051424496,
        0.10585577203999835,
        0.0006676429413465329,
        0.016481176932006937,
        0.0021808645042770383
      ],
      [
        0.017705914613463346,
        0.19393279302623545,
        0.348808214677048,
        0.027647308327594065,
        0.06792051849367432,
        0.34398525086198484
      ],
      [
        0.7846232769758333,
        0.10943460741845291,
        0.08665181267191933,
        0.016373486134521296,
        0.0019948910195189368,
        0.0009219257797542761
      ],
      [
        0.17780558542471034,
        0.228689200584601,
        0.03302926720340424,
        0.011124857019045017,
        0.02270355462370415,
        0.5266475351445353
      ],
      [
        0.23289915263971256,
        0.07152600727175205,
        0.6719270463238417,
        0.011170370316566553,
        0.0058248758485934735,
        0.006652547599533558
      ],
      [
        0.841443167995998,
        0.09621677907163428,
        0.04063983016808122,
        0.019604076696867805,
        0.0014137484391801255,
        0.0006823976282385608
      ],
      [
        0.002723365157276561,
        0.14187153373978306,
        0.01940302687122074,
        0.004085399678744363,
        0.011182100767880966,
        0.8207345737850943
      ],
      [
        0.41857189571694775,
        0.17538150525239363,
        0.39036155283656515,
        0.013113785594725862,
        0.0009281536947017977,
        0.0016431069046657404
      ],
      [
        0.8622844862502631,
        0.12664973642845678,
        0.0021483496119807073,
        0.0025706355241214385,
        0.005332269031222546,
        0.0010145231539551809
      ],
      [
        0.0008641290783821944,
        0.11013271559857611,
        0.03408113465990979,
        0.014504796664169305,
        0.009988007802063794,
        0.8304292161968989
      ],
      [
        0.010341325401886514,
        0.53399261828165,
        0.02114698831799702,
        0.01855263514977686,
        0.02813234578833356,
        0.38783408706035605
      ],
      [
        0.5047022652387754,
        0.418961342316692,
        0.045571164768788884,
        0.022703979184280562,
        0.0008599015683031795,
        0.007201346923159918
      ],
      [
        0.9003428563134042,
        0.020282648010772734,
        0.06900181222435696,
        0.002932390177542873,
        0.0038687484836843825,
        0.003571544790238736
      ],
      [
        0.004312846974556369,
        0.6056417591762425,
        0.001643149982674039,
        0.0012926629677878464,
        0.03837139787918504,
        0.34873818301955406
      ],
      [
        0.22151572772730588,
        0.7611440824669835,
        0.009988287421227253,
        0.0037672564775650254,
        0.0029188338946824757,
        0.0006658120122360073
      ],
      [
        0.14566331935958254,
        0.10761732347988935,
        0.6705696853653971,
        0.038116235650799385,
        0.0023523449120029603,
        0.03568109123232867
      ],
      [
        0.6742471529728861,
        0.10883676360360775,
        0.19951383273625645,
        0.006514398911460192,
        0.006820607780144296,
        0.004067243995645067
      ],
      [
        0.5744101736892459,
        0.263584049149748,
        0.15255232496555235,
        0.0059707132676565175,
        0.0010751304317876025,
        0.0024076084960096256
      ],
      [
        0.0039406756108384755,
        0.9503368595919612,
        0.008740507468986221,
        0.03288335070384847,
        0.0006722805172076303,
        0.0034263261071580207
      ],
      [
        0.8127826727126196,
        0.07132895406435673,
        0.10638258545909127,
        0.004622004632589634,
        0.004395594672671204,
        0.0004881884586718498
      ],
      [
        0.005457664328822472,
        0.4760413661966642,
        0.03958394431216528,
        0.011350811670094088,
        0.017488257626671905,
        0.45007795586558197
      ],
      [
        0.08630463290351642,
        0.41374828892471466,
        0.44027674476646134,
        0.0007639412339437037,
        0.008121297042493501,
        0.050785095128870444
      ],
      [
        0.51050691095808,
        0.2660710214086086,
        0.21832216660535841,
        0.002377723880217601,
        0.0006411664543212358,
        0.0020810106934140552
      ],
      [
        0.0098928658896788,
        0.04976488872514337,
        0.015195718111520422,
        0.07940866865182944,
        0.01229440843452875,
        0.8334434501872993
      ],
      [
        0.04940588027875863,
        0.008366235385049135,
        0.031206096411789765,
        0.45250508934206457,
        0.38255069331702246,
        0.07596600526531538
      ],
      [
        0.01521191450808611,
        0.3382246487007853,
        0.008545537397014618,
        0.021421100430124965,
        0.009723308592082407,
        0.6068734903719066
      ],
      [
        0.010418602416673115,
        0.024655098639103937,
        0.014767241128416677,
        0.22656883474604203,
        0.2849254499663664,
        0.4386647731033979
      ],
      [
        0.005920819651523158,
        0.004804260410660326,
        0.019234402841533264,
        0.037352954864307036,
        0.0023596611948487564,
        0.9303279010371276
      ],
      [
        0.0023719184087372873,
        0.027116379760613683,
        0.007065950259538298,
        0.06721679383540394,
        0.01739480670699085,
        0.878834151028716
      ],
      [
        0.005313574388046288,
        0.041438544780289896,
        0.0045320192943563925,
        0.023437731236355792,
        0.0013866282237752824,
        0.9238915020771764
      ],
      [
        0.0009513146236787232,
        0.02917864526582815,
        0.016394304699310785,
        0.012282823820986557,
        0.011499671254685682,
        0.92969324033551
      ],
      [
        0.04151472379292791,
        0.3476372486697952,
        0.567498463484123,
        0.02179576384552855,
        0.015030084183095229,
        0.006523716024530004
      ],
      [
        0.0018876623148705981,
        0.11516007865135021,
        0.009735663181769992,
        0.13417206925275088,
        0.01897613143465199,
        0.7200683951646063
      ],
      [
        0.002234434021110525,
        0.007656617920914729,
        0.000991391390763224,
        0.06362335578810523,
        0.9210376833824487,
        0.004456517496657497
      ],
      [
        0.013699342629239412,
        0.03796307629774812,
        0.0017196523058659666,
        0.14627270949356097,
        0.785706940446403,
        0.014638278827182362
      ],
      [
        0.0032618888293627795,
        0.0016617832205489895,
        0.0046966708347209035,
        0.06404807280604223,
        0.8190309507502809,
        0.10730063355904425
      ],
      [
        0.04674448758485766,
        0.00583887838066484,
        0.000637665888622255,
        0.7941423983081531,
        0.12229107959927296,
        0.030345490238429106
      ],
      [
        0.00018304478618410514,
        0.029924949011769585,
        0.003393076101192567,
        0.17182303754603523,
        0.7854126238404694,
        0.009263268714349229
      ],
      [
        0.002852542353797412,
        0.013819391267673602,
        0.03465146076694698,
        0.2858618050111696,
        0.644213848525594,
        0.01860095207481856
      ],
      [
        0.005542843162336707,
        0.06007501490168634,
        0.01612255481091221,
        0.33783451903669726,
        0.47266235996571115,
        0.10776270812265645
      ],
      [
        0.005459183579475092,
        0.04542535680815661,
        0.008788207085867784,
        0.12224751125613224,
        0.806127192855406,
        0.011952548414962334
      ],
      [
        0.0003358198172006143,
        0.0348299727502431,
        0.005629291893779404,
        0.09063813695356253,
        0.8066932629580171,
        0.0618735156271971
      ],
      [
        0.013591258146845354,
        0.062490118200160434,
        0.0021219000884779367,
        0.049037610332104103,
        0.5315935097560017,
        0.34116560347641045
      ],
      [
        0.019795007422455733,
        0.03184998418030644,
        0.13460409565716597,
        0.30794150139633875,
        0.01759155232122456,
        0.4882178590225086
      ],
      [
        0.834332747936498,
        0.09465753762626655,
        0.0025463921780672894,
        0.06562020998422202,
        0.0013469244630705173,
        0.00149618781187563
      ],
      [
        0.8035366461459975,
        0.0019926068614062927,
        0.0007298211147172865,
        0.12243432685541081,
        0.060915473306286494,
        0.010391125716181705
      ],
      [
        0.4522698382665386,
        0.015053098284369956,
        0.001526142640277932,
        0.3833336264032924,
        0.14652634171729678,
        0.0012909526882243297
      ],
      [
        0.014536605753979618,
        0.08804577546606142,
        0.004756381514034299,
        0.12848730845799405,
        0.4736590774124947,
        0.290514851395436
      ],
      [
        0.012101695548102134,
        0.016089708571242492,
        0.028396967567012165,
        0.6345163724035819,
        0.02457225689824943,
        0.2843229990118117
      ],
      [
        0.019388518390495157,
        0.020789586861110147,
        0.019805560988610128,
        0.209088244777497,
        0.007001197966406562,
        0.723926891015881
      ],
      [
        0.00167242653678321,
        0.006756667998872175,
        0.009117924810997878,
        0.28028063853490603,
        0.05733549263491044,
        0.6448368494835303
      ],
      [
        0.00034260838546878124,
        0.0056143992787074624,
        0.0021580915361742066,
        0.09142781714027066,
        0.8430919773075084,
        0.0573651063518706
      ],
      [
        0.09944172722599498,
        0.03532740813799755,
        0.017263467626521384,
        0.3096859148791592,
        0.3499781916688655,
        0.18830329046146133
      ]
    ],
    "predictions": [
      5,
      5,
      0,
      0,
      0,
      0,
      2,
      0,
      0,
      0,
      5,
      2,
      3,
      5,
      3,
      5,
      5,
      5,
      3,
      5,
      5,
      3,
      5,
      5,
      5,
      5,
      5,
      5,
      5,
      3,
      5,
      5,
      5,
      5,
      5,
      5,
      5,
      5,
      5,
      1,
      5,
      5,
      5,
      5,
      5,
      3,
      4,
      5,
      5,
      5,
      5,
      4,
      5,
      3,
      5,
      0,
      2,
      0,
      5,
      2,
      0,
      5,
      0,
      0,
      5,
      1,
      0,
      0,
      1,
      1,
      2,
      0,
      0,
      1,
      0,
      1,
      2,
      0,
      5,
      3,
      5,
      5,
      5,
      5,
      5,
      5,
      2,
      5,
      4,
      4,
      4,
      3,
      4,
      4,
      4,
      4,
      4,
      4,
      5,
      0,
      0,
      0,
      4,
      3,
      5,
      5,
      4,
      4
    ],
    "true_labels": [
      0,
      0,
      0,
      0,
      0,
      0,
      0,
      0,
      0,
      0,
      0,
      0,
      0,
      0,
      0,
      0,
      0,
      0,
      0,
      0,
      0,
      0,
      0,
      0,
      0,
      0,
      0,
      0,
      0,
      0,
      5,
      5,
      5,
      5,
      5,
      5,
      5,
      5,
      5,
      5,
      5,
      5,
      5,
      5,
      5,
      5,
      5,
      5,
      5,
      5,
      5,
      5,
      5,
      5,
      5,
      1,
      1,
      1,
      1,
      1,
      1,
      1,
      1,
      1,
      1,
      1,
      1,
      1,
      1,
      1,
      1,
      1,
      1,
      1,
      1,
      1,
      1,
      1,
      2,
      2,
      2,
      2,
      2,
      2,
      2,
      2,
      2,
      2,
      4,
      4,
      4,
      4,
      4,
      4,
      4,
      4,
      4,
      4,
      3,
      3,
      3,
      3,
      3,
      3,
      3,
      3,
      3,
      3
    ],
    "patient_ids": [
      "201",
      "202",
      "203",
      "204",
      "205",
      "206",
      "207",
      "208",
      "209",
      "210",
      "211",
      "212",
      "213",
      "214",
      "215",
      "216",
      "217",
      "218",
      "219",
      "220",
      "221",
      "222",
      "223",
      "224",
      "225",
      "226",
      "227",
      "228",
      "229",
      "230",
      "231",
      "232",
      "233",
      "234",
      "235",
      "236",
      "237",
      "238",
      "239",
      "240",
      "241",
      "242",
      "243",
      "244",
      "245",
      "246",
      "247",
      "248",
      "249",
      "250",
      "251",
      "252",
      "253",
      "254",
      "255",
      "256",
      "257",
      "258",
      "259",
      "260",
      "261",
      "262",
      "264",
      "265",
      "266",
      "267",
      "269",
      "270",
      "271",
      "272",
      "273",
      "274",
      "275",
      "276",
      "277",
      "278",
      "279",
      "280",
      "281",
      "282",
      "283",
      "284",
      "285",
      "286",
      "287",
      "288",
      "289",
      "290",
      "291",
      "292",
      "293",
      "294",
      "295",
      "296",
      "297",
      "298",
      "299",
      "300",
      "301",
      "302",
      "303",
      "304",
      "305",
      "306",
      "307",
      "308",
      "309",
      "310"
    ]
  },
  "roc_auc": {
    "macro_auc": 0.7582188533497239,
    "per_class_auc": {
      "NOR": 0.6705128205128206,
      "HCM": 0.8680306905370844,
      "ARR": 0.42040816326530617,
      "CIA": 0.8306122448979592,
      "FALL": 0.9693877551020408,
      "LV": 0.7903614457831325
    }
  },
  "binary": {
    "accuracy": 0.6759259259259259,
    "f1": 0.7904191616766467,
    "sensitivity": 0.8461538461538461,
    "specificity": 0.23333333333333334,
    "roc_auc": 0.6705128205128206,
    "binary_labels": [
      0,
      0,
      0,
      0,
      0,
      0,
      0,
      0,
      0,
      0,
      0,
      0,
      0,
      0,
      0,
      0,
      0,
      0,
      0,
      0,
      0,
      0,
      0,
      0,
      0,
      0,
      0,
      0,
      0,
      0,
      1,
      1,
      1,
      1,
      1,
      1,
      1,
      1,
      1,
      1,
      1,
      1,
      1,
      1,
      1,
      1,
      1,
      1,
      1,
      1,
      1,
      1,
      1,
      1,
      1,
      1,
      1,
      1,
      1,
      1,
      1,
      1,
      1,
      1,
      1,
      1,
      1,
      1,
      1,
      1,
      1,
      1,
      1,
      1,
      1,
      1,
      1,
      1,
      1,
      1,
      1,
      1,
      1,
      1,
      1,
      1,
      1,
      1,
      1,
      1,
      1,
      1,
      1,
      1,
      1,
      1,
      1,
      1,
      1,
      1,
      1,
      1,
      1,
      1,
      1,
      1,
      1,
      1
    ],
    "binary_probs": [
      0.9929786590594836,
      0.9850468730056472,
      0.0720471300185559,
      0.4576038435390598,
      0.06710215903303773,
      0.10958468125067211,
      0.6063868712554794,
      0.1548648472879134,
      0.05830534778313279,
      0.12272279446063927,
      0.9903796252213846,
      0.9934360016500777,
      0.99183023791883,
      0.9823051604795786,
      0.9866977610890099,
      0.9848218136643482,
      0.9751521479584419,
      0.9949520588377114,
      0.9898739912468837,
      0.986231429881984,
      0.9612335783612799,
      0.9778848105217602,
      0.9967377745072349,
      0.9870217790268295,
      0.9822497278751204,
      0.998730239105445,
      0.9520777288160893,
      0.9957997938672956,
      0.9095040988462957,
      0.9378991430657758,
      0.9947964880246312,
      0.9996555302774763,
      0.9997014900462897,
      0.9923183368122763,
      0.9954567333422764,
      0.992606836746368,
      0.9948744527067296,
      0.9964301341265143,
      0.9973234367833489,
      0.9724774558821723,
      0.9992551911710394,
      0.9991071433624954,
      0.9906535488862778,
      0.9988377849191039,
      0.999775317639166,
      0.9975437547696215,
      0.9908110703324327,
      0.9897544124695037,
      0.9987478661771843,
      0.9940362298558301,
      0.9956673413399235,
      0.9911169976710696,
      0.9998908660919,
      0.9991799222022839,
      0.9984504691830303,
      0.1334258504690532,
      0.9822940853865366,
      0.21537672302416666,
      0.8221944145752896,
      0.7671008473602874,
      0.15855683200400195,
      0.9972766348427234,
      0.5814281042830522,
      0.1377155137497369,
      0.9991358709216178,
      0.9896586745981135,
      0.49529773476122463,
      0.09965714368659584,
      0.9956871530254436,
      0.7784842722726941,
      0.8543366806404175,
      0.32575284702711393,
      0.42558982631075415,
      0.9960593243891616,
      0.1872173272873804,
      0.9945423356711776,
      0.9136953670964836,
      0.48949308904192,
      0.9901071341103213,
      0.9505941197212414,
      0.9847880854919139,
      0.9895813975833269,
      0.9940791803484769,
      0.9976280815912627,
      0.9946864256119538,
      0.9990486853763213,
      0.9584852762070721,
      0.9981123376851294,
      0.9977655659788894,
      0.9863006573707606,
      0.9967381111706373,
      0.9532555124151424,
      0.9998169552138159,
      0.9971474576462026,
      0.9944571568376633,
      0.9945408164205249,
      0.9996641801827993,
      0.9864087418531546,
      0.9802049925775442,
      0.16566725206350197,
      0.1964633538540025,
      0.5477301617334613,
      0.9854633942460204,
      0.9878983044518979,
      0.9806114816095048,
      0.9983275734632168,
      0.9996573916145313,
      0.900558272774005
    ]
  }
}
