{
  "config": {
    "dataset": "mnm2",
    "backbone": "dinov3",
    "model_name": "dinov3_vitb16",
    "eval_mode": "logreg",
    "freeze_backbone": true,
    "pooling": "cls",
    "embed_dim": 768,
    "best_hyperparam": 0.03162277489900589,
    "hyperparam_name": "C",
    "num_classes": 6,
    "class_names": [
      "NOR",
      "HCM",
      "ARR",
      "CIA",
      "FALL",
      "LV"
    ]
  },
  "sweep_results": [
    {
      "param_value": 9.999999974752427e-07,
      "mean_cv_acc": 0.17857142857142858,
      "std_cv_acc": 0.0
    },
    {
      "param_value": 1.7782793975129607e-06,
      "mean_cv_acc": 0.17857142857142858,
      "std_cv_acc": 0.0
    },
    {
      "param_value": 3.1622776077711023e-06,
      "mean_cv_acc": 0.17857142857142858,
      "std_cv_acc": 0.0
    },
    {
      "param_value": 5.6234130170196295e-06,
      "mean_cv_acc": 0.17857142857142858,
      "std_cv_acc": 0.0
    },
    {
      "param_value": 9.999999747378752e-06,
      "mean_cv_acc": 0.17857142857142858,
      "std_cv_acc": 0.0
    },
    {
      "param_value": 1.778279329300858e-05,
      "mean_cv_acc": 0.21428571428571427,
      "std_cv_acc": 0.0
    },
    {
      "param_value": 3.162277789670043e-05,
      "mean_cv_acc": 0.2857142857142857,
      "std_cv_acc": 0.0
    },
    {
      "param_value": 5.62341338081751e-05,
      "mean_cv_acc": 0.2857142857142857,
      "std_cv_acc": 0.0
    },
    {
      "param_value": 9.999999747378752e-05,
      "mean_cv_acc": 0.32142857142857145,
      "std_cv_acc": 0.0
    },
    {
      "param_value": 0.00017782794020604342,
      "mean_cv_acc": 0.39285714285714285,
      "std_cv_acc": 0.0
    },
    {
      "param_value": 0.0003162277571391314,
      "mean_cv_acc": 0.42857142857142855,
      "std_cv_acc": 0.0
    },
    {
      "param_value": 0.000562341301701963,
      "mean_cv_acc": 0.5,
      "std_cv_acc": 0.0
    },
    {
      "param_value": 0.0010000000474974513,
      "mean_cv_acc": 0.5,
      "std_cv_acc": 0.0
    },
    {
      "param_value": 0.0017782794311642647,
      "mean_cv_acc": 0.5,
      "std_cv_acc": 0.0
    },
    {
      "param_value": 0.003162277629598975,
      "mean_cv_acc": 0.5357142857142857,
      "std_cv_acc": 0.0
    },
    {
      "param_value": 0.005623413249850273,
      "mean_cv_acc": 0.5357142857142857,
      "std_cv_acc": 0.0
    },
    {
      "param_value": 0.009999999776482582,
      "mean_cv_acc": 0.5357142857142857,
      "std_cv_acc": 0.0
    },
    {
      "param_value": 0.017782794311642647,
      "mean_cv_acc": 0.5357142857142857,
      "std_cv_acc": 0.0
    },
    {
      "param_value": 0.03162277489900589,
      "mean_cv_acc": 0.5714285714285714,
      "std_cv_acc": 0.0
    },
    {
      "param_value": 0.05623413249850273,
      "mean_cv_acc": 0.5714285714285714,
      "std_cv_acc": 0.0
    },
    {
      "param_value": 0.10000000149011612,
      "mean_cv_acc": 0.5714285714285714,
      "std_cv_acc": 0.0
    },
    {
      "param_value": 0.17782793939113617,
      "mean_cv_acc": 0.5714285714285714,
      "std_cv_acc": 0.0
    },
    {
      "param_value": 0.3162277638912201,
      "mean_cv_acc": 0.5357142857142857,
      "std_cv_acc": 0.0
    },
    {
      "param_value": 0.5623413324356079,
      "mean_cv_acc": 0.5357142857142857,
      "std_cv_acc": 0.0
    },
    {
      "param_value": 1.0,
      "mean_cv_acc": 0.5357142857142857,
      "std_cv_acc": 0.0
    },
    {
      "param_value": 1.778279423713684,
      "mean_cv_acc": 0.5357142857142857,
      "std_cv_acc": 0.0
    },
    {
      "param_value": 3.1622776985168457,
      "mean_cv_acc": 0.5357142857142857,
      "std_cv_acc": 0.0
    },
    {
      "param_value": 5.6234130859375,
      "mean_cv_acc": 0.5357142857142857,
      "std_cv_acc": 0.0
    },
    {
      "param_value": 10.0,
      "mean_cv_acc": 0.5357142857142857,
      "std_cv_acc": 0.0
    },
    {
      "param_value": 17.782794952392578,
      "mean_cv_acc": 0.5357142857142857,
      "std_cv_acc": 0.0
    },
    {
      "param_value": 31.62277603149414,
      "mean_cv_acc": 0.5357142857142857,
      "std_cv_acc": 0.0
    },
    {
      "param_value": 56.234130859375,
      "mean_cv_acc": 0.5357142857142857,
      "std_cv_acc": 0.0
    },
    {
      "param_value": 100.0,
      "mean_cv_acc": 0.5357142857142857,
      "std_cv_acc": 0.0
    },
    {
      "param_value": 177.82794189453125,
      "mean_cv_acc": 0.5357142857142857,
      "std_cv_acc": 0.0
    },
    {
      "param_value": 316.2277526855469,
      "mean_cv_acc": 0.5714285714285714,
      "std_cv_acc": 0.0
    },
    {
      "param_value": 562.34130859375,
      "mean_cv_acc": 0.5714285714285714,
      "std_cv_acc": 0.0
    },
    {
      "param_value": 1000.0,
      "mean_cv_acc": 0.5714285714285714,
      "std_cv_acc": 0.0
    },
    {
      "param_value": 1778.2794189453125,
      "mean_cv_acc": 0.5714285714285714,
      "std_cv_acc": 0.0
    },
    {
      "param_value": 3162.277587890625,
      "mean_cv_acc": 0.5714285714285714,
      "std_cv_acc": 0.0
    },
    {
      "param_value": 5623.4130859375,
      "mean_cv_acc": 0.5714285714285714,
      "std_cv_acc": 0.0
    },
    {
      "param_value": 10000.0,
      "mean_cv_acc": 0.5714285714285714,
      "std_cv_acc": 0.0
    },
    {
      "param_value": 17782.794921875,
      "mean_cv_acc": 0.5714285714285714,
      "std_cv_acc": 0.0
    },
    {
      "param_value": 31622.77734375,
      "mean_cv_acc": 0.5714285714285714,
      "std_cv_acc": 0.0
    },
    {
      "param_value": 56234.1328125,
      "mean_cv_acc": 0.5714285714285714,
      "std_cv_acc": 0.0
    },
    {
      "param_value": 100000.0,
      "mean_cv_acc": 0.5714285714285714,
      "std_cv_acc": 0.0
    }
  ],
  "five_way": {
    "accuracy": 0.4351851851851852,
    "macro_f1": 0.41405122655122656,
    "macro_sensitivity": 0.4290821256038648,
    "macro_specificity": 0.8812349654103223,
    "per_class_sensitivity": {
      "NOR": 0.26666666666666666,
      "HCM": 0.34782608695652173,
      "ARR": 0.1,
      "CIA": 0.3,
      "FALL": 0.8,
      "LV": 0.76
    },
    "per_class_specificity": {
      "NOR": 0.8717948717948718,
      "HCM": 0.9764705882352941,
      "ARR": 0.9489795918367347,
      "CIA": 0.9183673469387755,
      "FALL": 0.9693877551020408,
      "LV": 0.6024096385542169
    },
    "confusion_matrix": [
      [
        8,
        0,
        1,
        3,
        0,
        18
      ],
      [
        8,
        8,
        4,
        0,
        0,
        3
      ],
      [
        0,
        1,
        1,
        1,
        0,
        7
      ],
      [
        2,
        0,
        0,
        3,
        1,
        4
      ],
      [
        0,
        0,
        0,
        1,
        8,
        1
      ],
      [
        0,
        1,
        0,
        3,
        2,
        19
      ]
    ],
    "classification_report": {
      "NOR": {
        "precision": 0.4444444444444444,
        "recall": 0.26666666666666666,
        "f1-score": 0.3333333333333333,
        "support": 30.0
      },
      "HCM": {
        "precision": 0.8,
        "recall": 0.34782608695652173,
        "f1-score": 0.48484848484848486,
        "support": 23.0
      },
      "ARR": {
        "precision": 0.16666666666666666,
        "recall": 0.1,
        "f1-score": 0.125,
        "support": 10.0
      },
      "CIA": {
        "precision": 0.2727272727272727,
        "recall": 0.3,
        "f1-score": 0.2857142857142857,
        "support": 10.0
      },
      "FALL": {
        "precision": 0.7272727272727273,
        "recall": 0.8,
        "f1-score": 0.7619047619047619,
        "support": 10.0
      },
      "LV": {
        "precision": 0.36538461538461536,
        "recall": 0.76,
        "f1-score": 0.4935064935064935,
        "support": 25.0
      },
      "accuracy": 0.4351851851851852,
      "macro avg": {
        "precision": 0.4627492877492878,
        "recall": 0.42908212560386466,
        "f1-score": 0.41405122655122656,
        "support": 108.0
      },
      "weighted avg": {
        "precision": 0.48643162393162387,
        "recall": 0.4351851851851852,
        "f1-score": 0.4186608144941478,
        "support": 108.0
      }
    },
    "probabilities": [
      [
        0.005523274071674181,
        0.002890441814852018,
        0.0009972196435771557,
        0.026553887670957326,
        0.0009731225256484273,
        0.9630620542732908
      ],
      [
        0.005939796383777307,
        0.02114219917952371,
        0.10163755638031462,
        0.023800438470013563,
        0.033511625584567585,
        0.8139683840018033
      ],
      [
        0.9464634889239626,
        0.04551914750423374,
        0.0002029196142392956,
        0.006819787594714225,
        0.0006705493953229994,
        0.0003241069675269443
      ],
      [
        0.7287253119366446,
        0.19776963681767445,
        0.024825869684829586,
        0.0423333182905904,
        0.003914734393217147,
        0.0024311288770436073
      ],
      [
        0.9704000406453349,
        0.0010969366986335167,
        0.0008536230132697487,
        0.02635344928698611,
        0.001016988874621416,
        0.00027896148115430784
      ],
      [
        0.8964444528897754,
        0.003365141736041547,
        0.03794783066574506,
        0.0235655009823133,
        0.0013610648709716175,
        0.03731600885515307
      ],
      [
        0.7142478441879134,
        0.007792329016291203,
        0.2642078566610124,
        0.004249445697489627,
        0.0002738989531372163,
        0.009228625484156323
      ],
      [
        0.8622271458743282,
        0.000848083440650483,
        0.06958450281032176,
        0.035701505715114115,
        0.0006574669669841467,
        0.03098129519260117
      ],
      [
        0.960937554258964,
        0.0003060476485459884,
        0.03605944501543012,
        0.0005091141881355029,
        0.0012705818231477154,
        0.0009172570657767675
      ],
      [
        0.9548542763049122,
        0.00017347395328299326,
        0.028001516109775706,
        0.01665520327721021,
        0.0001483381327525675,
        0.00016719222206615494
      ],
      [
        0.004440417930305205,
        0.10123033004858042,
        0.15374574750562375,
        0.015798638232803024,
        0.23378720381083312,
        0.4909976624718544
      ],
      [
        0.009197098495901496,
        0.02025648158751471,
        0.867390728795029,
        0.012639768991611464,
        0.005874392273129167,
        0.08464152985681431
      ],
      [
        0.013364265470540893,
        0.001943549729993415,
        0.0005825407820778472,
        0.5494900842993259,
        0.0014172217185462017,
        0.4332023379995159
      ],
      [
        0.007427619797553576,
        0.005019331997407172,
        0.02066862607615352,
        0.05606596546868199,
        0.030530721620804304,
        0.8802877350393993
      ],
      [
        0.009741623771147328,
        0.012363302718075583,
        0.003359736725826585,
        0.5895470785810831,
        0.0016659709919739523,
        0.3833222872118935
      ],
      [
        0.007513653097189818,
        0.04568920362570432,
        0.04919041254702132,
        0.00859676617022568,
        0.0025181742982840274,
        0.8864917902615748
      ],
      [
        0.016927022582571366,
        0.004458073183873811,
        0.007018945079808545,
        0.035613589557710705,
        0.005434061306534768,
        0.9305483082895009
      ],
      [
        0.0061704424730071195,
        0.04097469430141512,
        0.0032639974055714786,
        0.03986895465898977,
        0.020047963929282885,
        0.8896739472317335
      ],
      [
        0.006342075866999152,
        0.006078668959053468,
        0.0022578815994740327,
        0.4674035515834744,
        0.0017150600469568347,
        0.5162027619440421
      ],
      [
        0.004154514468007198,
        0.009188428899752712,
        0.021406172688006396,
        0.14624943125672768,
        0.013435156656659624,
        0.8055662960308464
      ],
      [
        0.03600262818216949,
        0.04500312082471804,
        0.13809049314774963,
        0.0781590889993764,
        0.03148860829892256,
        0.6712560605470638
      ],
      [
        0.020795494150385244,
        0.01085678681859698,
        0.014121618835905342,
        0.4482142603006403,
        0.019449074704458835,
        0.4865627651900133
      ],
      [
        0.0016960839139635486,
        0.043747943490858136,
        0.05980783821427238,
        0.0018105853766775231,
        0.006857170708982645,
        0.8860803782952458
      ],
      [
        0.006060152451452824,
        0.005643907133438944,
        0.003520287122428455,
        0.03724251072944648,
        0.0024186021380786776,
        0.9451145404251545
      ],
      [
        0.009027743538860404,
        0.08821016760648473,
        0.08146078068283114,
        0.10732333557576834,
        0.02900319951521905,
        0.6849747730808363
      ],
      [
        0.0036589676790579877,
        0.01404120175328568,
        0.0005425218290260258,
        0.37391582228286663,
        0.0014109112445996295,
        0.6064305752111641
      ],
      [
        0.0566752656508121,
        0.05262637568420491,
        0.037997287119755876,
        0.22872982772607667,
        0.01431367246546701,
        0.6096575713536834
      ],
      [
        0.0013098944803277728,
        0.0013661543094785043,
        0.0017121871980603919,
        0.11611538605141371,
        0.001252888541819356,
        0.8782434894189002
      ],
      [
        0.09227791271658368,
        0.056816661727468507,
        0.014216105128081595,
        0.19032312563184184,
        0.0034655362579776245,
        0.6429006585380468
      ],
      [
        0.07599693238704984,
        0.1826383238406651,
        0.0538537236396612,
        0.49202284706986926,
        0.03857333925453269,
        0.15691483380822197
      ],
      [
        0.001247780961667692,
        0.007707929484060087,
        0.0010180754503047772,
        0.018836135816271613,
        0.0042447625792660084,
        0.9669453157084299
      ],
      [
        0.00022237431321290834,
        0.0061043936108937545,
        0.019369209345660925,
        0.002809766285045789,
        0.02021334448756816,
        0.9512809119576184
      ],
      [
        3.132122173888754e-05,
        0.22164088091342846,
        0.04087939284734629,
        0.010498960815421964,
        0.009086864714302768,
        0.7178625794877616
      ],
      [
        0.0049649901464169695,
        0.056457164750771775,
        0.0818911657193481,
        0.011246170284305424,
        0.021846605034715385,
        0.8235939040644424
      ],
      [
        0.002449470047122118,
        0.0958524334416652,
        0.3163528327952611,
        0.08627072115805087,
        0.14456537074411016,
        0.3545091718137906
      ],
      [
        0.003106777008996493,
        0.0170136867356848,
        0.033543075301326046,
        0.09351100548087549,
        0.006771062134414979,
        0.8460543933387022
      ],
      [
        0.007548222829190725,
        0.18711265050397838,
        0.09327041401100165,
        0.4435265232520911,
        0.017017635515656684,
        0.25152455388808137
      ],
      [
        0.00299943675753881,
        0.01111556886414919,
        0.07893971240623723,
        0.002375233512833371,
        0.011625264855534794,
        0.8929447836037065
      ],
      [
        0.0011382084896723928,
        0.16002682187054146,
        0.0014435731633622253,
        0.02866925952903872,
        0.0032296735595958794,
        0.8054924633877893
      ],
      [
        0.05265271647123626,
        0.7538851561023775,
        0.020230523535434974,
        0.06013671552937086,
        0.015312589521475682,
        0.09778229884010473
      ],
      [
        0.00018668237318573774,
        0.023351379616643637,
        0.0677211272015584,
        0.016240901991070512,
        0.009272475857317497,
        0.8832274329602242
      ],
      [
        0.0002464969013006166,
        0.20219492089045513,
        0.022246846913561383,
        0.011181503696005353,
        0.018723878141019834,
        0.7454063534576576
      ],
      [
        0.004896541933417059,
        0.02385263781945738,
        0.050546298888882256,
        0.007745808271706825,
        0.0037748588684840987,
        0.9091838542180524
      ],
      [
        0.00035215460412856415,
        0.15880163466249006,
        0.047019666613590534,
        0.025103457187580478,
        0.03478201217814353,
        0.7339410747540668
      ],
      [
        2.404222670410323e-05,
        0.011908769224067738,
        0.0021011000397398835,
        0.0002508124451551576,
        0.005659628051849438,
        0.9800556480124838
      ],
      [
        0.0022445675768294174,
        0.016343424218386284,
        0.0021904278103202376,
        0.6472843746712358,
        0.18166340310437498,
        0.15027380261885329
      ],
      [
        0.005589027778051128,
        0.004918207583775879,
        0.031078422009198876,
        0.09045382224469856,
        0.8199638293878044,
        0.04799669099647107
      ],
      [
        0.016254506161819927,
        0.0346613243543943,
        0.24930921259560837,
        0.07619597230964392,
        0.008113092068958046,
        0.6154658925095754
      ],
      [
        0.00032783782574680436,
        0.08170987045450037,
        0.023273460253265446,
        0.015571974142361406,
        0.0034049457602274426,
        0.8757119115638985
      ],
      [
        0.0015093053571031438,
        0.0032561557486933124,
        0.021195703085713974,
        0.0053005343806543075,
        0.0015844559710799526,
        0.9671538454567553
      ],
      [
        0.0008206988392631588,
        0.007843492202983486,
        0.030594038159493575,
        0.0035937964934463222,
        0.01836384551643277,
        0.9387841287883807
      ],
      [
        0.01004945991592085,
        0.007205854122205608,
        0.017549250023661356,
        0.31215687091810324,
        0.4814570709862932,
        0.1715814940338158
      ],
      [
        1.1760978283826395e-05,
        0.0016766198396598623,
        0.005157633766049027,
        0.0012341981379860787,
        0.015862792489757298,
        0.976056994788264
      ],
      [
        0.0003735366741902104,
        0.049576392719062966,
        0.006276606046360471,
        0.7563296668045099,
        0.17200847871921307,
        0.01543531903666358
      ],
      [
        0.00022228132396199572,
        0.004203794431324966,
        0.007625164786305642,
        0.00014706848663602378,
        0.0032473337446711718,
        0.9845543572271002
      ],
      [
        0.7848675085487166,
        0.006409232842604938,
        0.19360080660411683,
        0.00024075306091865783,
        0.013605037255296536,
        0.0012766616883463893
      ],
      [
        0.008688059132982174,
        0.6131184130283166,
        0.0907865826465298,
        0.015625556703205198,
        0.04774585501271053,
        0.22403553347625565
      ],
      [
        0.6860911380345555,
        0.21845963901578688,
        0.06926029137657512,
        0.023040000294757255,
        0.002795566873536963,
        0.00035336440478832027
      ],
      [
        0.13175254745361495,
        0.3985830435573404,
        0.0705927673504329,
        0.03669029485606888,
        0.026287174674400164,
        0.3360941721081427
      ],
      [
        0.24035162041648583,
        0.06498145440530144,
        0.6783071939132804,
        0.010957067962384074,
        0.0033824734346502732,
        0.002020189867897899
      ],
      [
        0.8314987014557649,
        0.07309974717127465,
        0.06923288444943247,
        0.024891388909975446,
        0.0009509409615289408,
        0.00032633705202343423
      ],
      [
        0.0018226928168348193,
        0.05982402979256924,
        0.007110945681538782,
        0.0027623653485454526,
        0.009247307714069704,
        0.919232658646442
      ],
      [
        0.37947613782534045,
        0.11165654220429261,
        0.4938537708119013,
        0.013815209068139534,
        0.0007821534037666542,
        0.00041618668655938137
      ],
      [
        0.7019362014554154,
        0.2889760516476565,
        0.0035486475030213735,
        0.002483819183279236,
        0.0021640949260881294,
        0.0008911852845395439
      ],
      [
        0.0002945710723159418,
        0.06539472670573807,
        0.07498971968617893,
        0.009483564298575366,
        0.005595442848561441,
        0.8442419753886302
      ],
      [
        0.004546871385390054,
        0.558863571746272,
        0.004609229786487792,
        0.009229650782839063,
        0.02705726122623673,
        0.39569341507277445
      ],
      [
        0.3487236456176751,
        0.5697497432284232,
        0.058870076790107126,
        0.01763998741023487,
        0.0006357275193157266,
        0.00438081943424397
      ],
      [
        0.9014137211801776,
        0.0037562745545660246,
        0.08992114583002582,
        0.001400683755336873,
        0.0019435831717710282,
        0.0015645915081226255
      ],
      [
        0.0013417338753429486,
        0.7241131829252309,
        0.00021949814645940566,
        0.0005746097472962501,
        0.009620413419830054,
        0.26413056188584044
      ],
      [
        0.2001755342588333,
        0.7813545450573661,
        0.012893059532431651,
        0.0038132738890350043,
        0.001467485664866779,
        0.00029610159746710303
      ],
      [
        0.13607609589756245,
        0.0973843895738004,
        0.7042416147517789,
        0.0446320553506823,
        0.0016073540791700534,
        0.01605849034700572
      ],
      [
        0.6615209974033744,
        0.07630977720954,
        0.24881426826122535,
        0.009438196547488351,
        0.002858757545192881,
        0.0010580030331790824
      ],
      [
        0.39631440552092684,
        0.370058214973877,
        0.22394568531329356,
        0.0074975646028203795,
        0.0007178443377296351,
        0.001466285251352638
      ],
      [
        0.004771029423098614,
        0.9686136255025475,
        0.004486385688402102,
        0.0212131449301334,
        0.00029939715891996624,
        0.0006164172968984438
      ],
      [
        0.8344686553651184,
        0.06566334377771521,
        0.09385154419495183,
        0.0035674086382714216,
        0.002151902476420554,
        0.0002971455475226318
      ],
      [
        0.0036253278306562194,
        0.4113107371399809,
        0.04172877929652959,
        0.011732025483109589,
        0.018764064330378735,
        0.5128390659193449
      ],
      [
        0.23973987560164742,
        0.1446032047723652,
        0.5758447063256515,
        0.0008528198050081026,
        0.005692626438424271,
        0.03326676705690342
      ],
      [
        0.25122069184325535,
        0.6594587353386059,
        0.08530621960444258,
        0.0022032454442511085,
        0.0006787997043626446,
        0.0011323080650823905
      ],
      [
        0.005322128499754216,
        0.02036489037258327,
        0.003655536702637464,
        0.026837184145231084,
        0.0044185137657017605,
        0.9394017465140923
      ],
      [
        0.07769763305106851,
        0.005350475949492488,
        0.029607204553697534,
        0.5241028349799743,
        0.2953453210839732,
        0.06789653038179387
      ],
      [
        0.04129609792490334,
        0.5654932398123357,
        0.0022566873041717323,
        0.018077921969407676,
        0.004725342299566375,
        0.3681507106896152
      ],
      [
        0.007289164617922595,
        0.029236103877464694,
        0.026653098873418903,
        0.31490177330874203,
        0.21187919758400514,
        0.4100406617384466
      ],
      [
        0.005727745721620587,
        0.003400709591803402,
        0.010112363766877073,
        0.029761210329075714,
        0.000661638771692041,
        0.9503363318189313
      ],
      [
        0.0007218736755156608,
        0.015052134882210494,
        0.002946516135812791,
        0.03381476623622346,
        0.006690684956805678,
        0.9407740241134318
      ],
      [
        0.006812560715941087,
        0.13654383787039306,
        0.003159462528099893,
        0.02169040542966068,
        0.002491236977698107,
        0.8293024964782071
      ],
      [
        0.0003065160171351905,
        0.01403354120088914,
        0.012858500256222708,
        0.007810738283206827,
        0.009943355111815025,
        0.955047349130731
      ],
      [
        0.019749720581528026,
        0.2999243083938027,
        0.6245170863103642,
        0.04063231125733794,
        0.011880957784335778,
        0.003295615672631461
      ],
      [
        0.0017337130936291023,
        0.1564818895117236,
        0.018021390283874127,
        0.2378805556726984,
        0.014459010629750031,
        0.5714234408083247
      ],
      [
        0.0031408769079371082,
        0.006089957081305329,
        0.0007078946148922271,
        0.053108439684813914,
        0.9350799381093557,
        0.0018728936016957083
      ],
      [
        0.012306000875506524,
        0.012596894233760994,
        0.004165203607937785,
        0.20608071762721222,
        0.7511610004519086,
        0.013690183203673944
      ],
      [
        0.004523647141126171,
        0.00046855218683913613,
        0.008060736074219041,
        0.04737449854738101,
        0.841975413638116,
        0.09759715241231876
      ],
      [
        0.06648588713737294,
        0.002392985416598062,
        0.0009419711294754349,
        0.6786071371465554,
        0.2248176348516989,
        0.026754384318299206
      ],
      [
        0.00012601897297675818,
        0.021205014849315362,
        0.010121870511663982,
        0.33161544248570807,
        0.6300385491678108,
        0.006893104012525035
      ],
      [
        0.0015565758480822504,
        0.0040129632315042746,
        0.022499809614424195,
        0.3736135229113713,
        0.5916914271720953,
        0.006625701222522576
      ],
      [
        0.00731525193932603,
        0.022433771826570328,
        0.01560262006455331,
        0.4073336957493682,
        0.4514218968761503,
        0.09589276354403174
      ],
      [
        0.004757033104820164,
        0.039321098286852645,
        0.012382142736783947,
        0.2319225216575046,
        0.707433340199482,
        0.004183864014556699
      ],
      [
        0.00045881071153431994,
        0.0238981114409807,
        0.003648668758405344,
        0.15432619265917313,
        0.7782211757399573,
        0.03944704068994903
      ],
      [
        0.008639442471066778,
        0.10873192768475107,
        0.0005008616814173404,
        0.08813800100722752,
        0.2232862008013868,
        0.5707035663541504
      ],
      [
        0.010506810585069585,
        0.02377909616177226,
        0.03469398479077,
        0.4706245777834176,
        0.021898918587162728,
        0.4384966120918079
      ],
      [
        0.8558492889792664,
        0.039263527352984405,
        0.004041417873216601,
        0.0973697443192242,
        0.001414655280166721,
        0.002061366195141613
      ],
      [
        0.4495584393154457,
        0.0002684183390335648,
        0.0017236434924954099,
        0.38244335407762925,
        0.16159446254063461,
        0.004411682234761483
      ],
      [
        0.21885909950976673,
        0.005939330691736248,
        0.001108424213706359,
        0.6171877913199103,
        0.15638335570718304,
        0.0005219985576972796
      ],
      [
        0.015992763251477932,
        0.06149550805621731,
        0.007157738265132037,
        0.13609752990773755,
        0.3497375089975993,
        0.4295189515218359
      ],
      [
        0.007261328677457053,
        0.0029207303855549017,
        0.046101781981902776,
        0.6852485551563844,
        0.03942810205636695,
        0.21903950174233386
      ],
      [
        0.01870770386784014,
        0.007937392711110918,
        0.003555265169599183,
        0.10293854079029585,
        0.003291285004942669,
        0.8635698124562111
      ],
      [
        0.0005151738034538661,
        0.0031175895602891,
        0.0028963819137268992,
        0.2138295302427544,
        0.06523865666335021,
        0.7144026678164255
      ],
      [
        0.00012113627075486518,
        0.0011557589288978896,
        0.0026274030336901344,
        0.11637241695161608,
        0.8390555641513803,
        0.04066772066366072
      ],
      [
        0.032530108875705524,
        0.005148519088967888,
        0.021329318244385494,
        0.31752205157970015,
        0.2547451260993249,
        0.368724876111916
      ]
    ],
    "predictions": [
      5,
      5,
      0,
      0,
      0,
      0,
      0,
      0,
      0,
      0,
      5,
      2,
      3,
      5,
      3,
      5,
      5,
      5,
      5,
      5,
      5,
      5,
      5,
      5,
      5,
      5,
      5,
      5,
      5,
      3,
      5,
      5,
      5,
      5,
      5,
      5,
      3,
      5,
      5,
      1,
      5,
      5,
      5,
      5,
      5,
      3,
      4,
      5,
      5,
      5,
      5,
      4,
      5,
      3,
      5,
      0,
      1,
      0,
      1,
      2,
      0,
      5,
      2,
      0,
      5,
      1,
      1,
      0,
      1,
      1,
      2,
      0,
      0,
      1,
      0,
      5,
      2,
      1,
      5,
      3,
      1,
      5,
      5,
      5,
      5,
      5,
      2,
      5,
      4,
      4,
      4,
      3,
      4,
      4,
      4,
      4,
      4,
      5,
      3,
      0,
      0,
      3,
      5,
      3,
      5,
      5,
      4,
      5
    ],
    "true_labels": [
      0,
      0,
      0,
      0,
      0,
      0,
      0,
      0,
      0,
      0,
      0,
      0,
      0,
      0,
      0,
      0,
      0,
      0,
      0,
      0,
      0,
      0,
      0,
      0,
      0,
      0,
      0,
      0,
      0,
      0,
      5,
      5,
      5,
      5,
      5,
      5,
      5,
      5,
      5,
      5,
      5,
      5,
      5,
      5,
      5,
      5,
      5,
      5,
      5,
      5,
      5,
      5,
      5,
      5,
      5,
      1,
      1,
      1,
      1,
      1,
      1,
      1,
      1,
      1,
      1,
      1,
      1,
      1,
      1,
      1,
      1,
      1,
      1,
      1,
      1,
      1,
      1,
      1,
      2,
      2,
      2,
      2,
      2,
      2,
      2,
      2,
      2,
      2,
      4,
      4,
      4,
      4,
      4,
      4,
      4,
      4,
      4,
      4,
      3,
      3,
      3,
      3,
      3,
      3,
      3,
      3,
      3,
      3
    ],
    "patient_ids": [
      "201",
      "202",
      "203",
      "204",
      "205",
      "206",
      "207",
      "208",
      "209",
      "210",
      "211",
      "212",
      "213",
      "214",
      "215",
      "216",
      "217",
      "218",
      "219",
      "220",
      "221",
      "222",
      "223",
      "224",
      "225",
      "226",
      "227",
      "228",
      "229",
      "230",
      "231",
      "232",
      "233",
      "234",
      "235",
      "236",
      "237",
      "238",
      "239",
      "240",
      "241",
      "242",
      "243",
      "244",
      "245",
      "246",
      "247",
      "248",
      "249",
      "250",
      "251",
      "252",
      "253",
      "254",
      "255",
      "256",
      "257",
      "258",
      "259",
      "260",
      "261",
      "262",
      "264",
      "265",
      "266",
      "267",
      "269",
      "270",
      "271",
      "272",
      "273",
      "274",
      "275",
      "276",
      "277",
      "278",
      "279",
      "280",
      "281",
      "282",
      "283",
      "284",
      "285",
      "286",
      "287",
      "288",
      "289",
      "290",
      "291",
      "292",
      "293",
      "294",
      "295",
      "296",
      "297",
      "298",
      "299",
      "300",
      "301",
      "302",
      "303",
      "304",
      "305",
      "306",
      "307",
      "308",
      "309",
      "310"
    ]
  },
  "roc_auc": {
    "macro_auc": 0.7525926759738294,
    "per_class_auc": {
      "NOR": 0.6666666666666667,
      "HCM": 0.8552429667519181,
      "ARR": 0.4061224489795918,
      "CIA": 0.8459183673469388,
      "FALL": 0.9724489795918367,
      "LV": 0.7691566265060241
    }
  },
  "binary": {
    "accuracy": 0.7222222222222222,
    "f1": 0.8235294117647058,
    "sensitivity": 0.8974358974358975,
    "specificity": 0.26666666666666666,
    "roc_auc": 0.6666666666666667,
    "binary_labels": [
      0,
      0,
      0,
      0,
      0,
      0,
      0,
      0,
      0,
      0,
      0,
      0,
      0,
      0,
      0,
      0,
      0,
      0,
      0,
      0,
      0,
      0,
      0,
      0,
      0,
      0,
      0,
      0,
      0,
      0,
      1,
      1,
      1,
      1,
      1,
      1,
      1,
      1,
      1,
      1,
      1,
      1,
      1,
      1,
      1,
      1,
      1,
      1,
      1,
      1,
      1,
      1,
      1,
      1,
      1,
      1,
      1,
      1,
      1,
      1,
      1,
      1,
      1,
      1,
      1,
      1,
      1,
      1,
      1,
      1,
      1,
      1,
      1,
      1,
      1,
      1,
      1,
      1,
      1,
      1,
      1,
      1,
      1,
      1,
      1,
      1,
      1,
      1,
      1,
      1,
      1,
      1,
      1,
      1,
      1,
      1,
      1,
      1,
      1,
      1,
      1,
      1,
      1,
      1,
      1,
      1,
      1,
      1
    ],
    "binary_probs": [
      0.9944767259283258,
      0.9940602036162227,
      0.05353651107603741,
      0.2712746880633554,
      0.029599959354665084,
      0.10355554711022463,
      0.2857521558120866,
      0.13777285412567175,
      0.03906244574103601,
      0.04514572369508785,
      0.9955595820696947,
      0.9908029015040986,
      0.9866357345294591,
      0.9925723802024464,
      0.9902583762288527,
      0.9924863469028102,
      0.9830729774174286,
      0.9938295575269929,
      0.9936579241330008,
      0.9958454855319928,
      0.9639973718178305,
      0.9792045058496147,
      0.9983039160860364,
      0.9939398475485471,
      0.9909722564611396,
      0.9963410323209421,
      0.943324734349188,
      0.9986901055196722,
      0.9077220872834163,
      0.9240030676129501,
      0.9987522190383323,
      0.9997776256867871,
      0.9999686787782611,
      0.9950350098535831,
      0.9975505299528779,
      0.9968932229910035,
      0.9924517771708092,
      0.9970005632424612,
      0.9988617915103276,
      0.9473472835287637,
      0.9998133176268142,
      0.9997535030986994,
      0.995103458066583,
      0.9996478453958715,
      0.9999759577732958,
      0.9977554324231706,
      0.9944109722219489,
      0.9837454938381801,
      0.9996721621742531,
      0.9984906946428969,
      0.9991793011607368,
      0.9899505400840791,
      0.9999882390217162,
      0.9996264633258098,
      0.999777718676038,
      0.21513249145128344,
      0.9913119408670178,
      0.31390886196544454,
      0.868247452546385,
      0.7596483795835142,
      0.16850129854423512,
      0.9981773071831652,
      0.6205238621746596,
      0.29806379854458465,
      0.9997054289276841,
      0.99545312861461,
      0.6512763543823249,
      0.0985862788198224,
      0.998658266124657,
      0.7998244657411667,
      0.8639239041024376,
      0.33847900259662556,
      0.6036855944790731,
      0.9952289705769014,
      0.16553134463488162,
      0.9963746721693438,
      0.7602601243983526,
      0.7487793081567446,
      0.9946778715002458,
      0.9223023669489315,
      0.9587039020750967,
      0.9927108353820774,
      0.9942722542783794,
      0.9992781263244843,
      0.993187439284059,
      0.9996934839828648,
      0.980250279418472,
      0.9982662869063709,
      0.9968591230920629,
      0.9876939991244935,
      0.9954763528588738,
      0.9335141128626271,
      0.9998739810270233,
      0.9984434241519178,
      0.992684748060674,
      0.9952429668951799,
      0.9995411892884657,
      0.9913605575289333,
      0.9894931894149304,
      0.14415071102073362,
      0.5504415606845543,
      0.7811409004902332,
      0.9840072367485221,
      0.9927386713225429,
      0.9812922961321598,
      0.9994848261965461,
      0.9998788637292452,
      0.9674698911242945
    ]
  }
}
