{
  "config": {
    "dataset": "mnm2",
    "backbone": "sam",
    "model_name": "sam_vit_base",
    "eval_mode": "logreg",
    "freeze_backbone": true,
    "pooling": "gap",
    "embed_dim": 768,
    "best_hyperparam": 0.000562341301701963,
    "hyperparam_name": "C",
    "num_classes": 6,
    "class_names": [
      "NOR",
      "HCM",
      "ARR",
      "CIA",
      "FALL",
      "LV"
    ]
  },
  "sweep_results": [
    {
      "param_value": 9.999999974752427e-07,
      "mean_cv_acc": 0.17857142857142858,
      "std_cv_acc": 0.0
    },
    {
      "param_value": 1.7782793975129607e-06,
      "mean_cv_acc": 0.17857142857142858,
      "std_cv_acc": 0.0
    },
    {
      "param_value": 3.1622776077711023e-06,
      "mean_cv_acc": 0.17857142857142858,
      "std_cv_acc": 0.0
    },
    {
      "param_value": 5.6234130170196295e-06,
      "mean_cv_acc": 0.17857142857142858,
      "std_cv_acc": 0.0
    },
    {
      "param_value": 9.999999747378752e-06,
      "mean_cv_acc": 0.25,
      "std_cv_acc": 0.0
    },
    {
      "param_value": 1.778279329300858e-05,
      "mean_cv_acc": 0.25,
      "std_cv_acc": 0.0
    },
    {
      "param_value": 3.162277789670043e-05,
      "mean_cv_acc": 0.2857142857142857,
      "std_cv_acc": 0.0
    },
    {
      "param_value": 5.62341338081751e-05,
      "mean_cv_acc": 0.2857142857142857,
      "std_cv_acc": 0.0
    },
    {
      "param_value": 9.999999747378752e-05,
      "mean_cv_acc": 0.42857142857142855,
      "std_cv_acc": 0.0
    },
    {
      "param_value": 0.00017782794020604342,
      "mean_cv_acc": 0.42857142857142855,
      "std_cv_acc": 0.0
    },
    {
      "param_value": 0.0003162277571391314,
      "mean_cv_acc": 0.42857142857142855,
      "std_cv_acc": 0.0
    },
    {
      "param_value": 0.000562341301701963,
      "mean_cv_acc": 0.4642857142857143,
      "std_cv_acc": 0.0
    },
    {
      "param_value": 0.0010000000474974513,
      "mean_cv_acc": 0.4642857142857143,
      "std_cv_acc": 0.0
    },
    {
      "param_value": 0.0017782794311642647,
      "mean_cv_acc": 0.42857142857142855,
      "std_cv_acc": 0.0
    },
    {
      "param_value": 0.003162277629598975,
      "mean_cv_acc": 0.42857142857142855,
      "std_cv_acc": 0.0
    },
    {
      "param_value": 0.005623413249850273,
      "mean_cv_acc": 0.39285714285714285,
      "std_cv_acc": 0.0
    },
    {
      "param_value": 0.009999999776482582,
      "mean_cv_acc": 0.39285714285714285,
      "std_cv_acc": 0.0
    },
    {
      "param_value": 0.017782794311642647,
      "mean_cv_acc": 0.39285714285714285,
      "std_cv_acc": 0.0
    },
    {
      "param_value": 0.03162277489900589,
      "mean_cv_acc": 0.42857142857142855,
      "std_cv_acc": 0.0
    },
    {
      "param_value": 0.05623413249850273,
      "mean_cv_acc": 0.42857142857142855,
      "std_cv_acc": 0.0
    },
    {
      "param_value": 0.10000000149011612,
      "mean_cv_acc": 0.42857142857142855,
      "std_cv_acc": 0.0
    },
    {
      "param_value": 0.17782793939113617,
      "mean_cv_acc": 0.42857142857142855,
      "std_cv_acc": 0.0
    },
    {
      "param_value": 0.3162277638912201,
      "mean_cv_acc": 0.42857142857142855,
      "std_cv_acc": 0.0
    },
    {
      "param_value": 0.5623413324356079,
      "mean_cv_acc": 0.42857142857142855,
      "std_cv_acc": 0.0
    },
    {
      "param_value": 1.0,
      "mean_cv_acc": 0.42857142857142855,
      "std_cv_acc": 0.0
    },
    {
      "param_value": 1.778279423713684,
      "mean_cv_acc": 0.42857142857142855,
      "std_cv_acc": 0.0
    },
    {
      "param_value": 3.1622776985168457,
      "mean_cv_acc": 0.39285714285714285,
      "std_cv_acc": 0.0
    },
    {
      "param_value": 5.6234130859375,
      "mean_cv_acc": 0.39285714285714285,
      "std_cv_acc": 0.0
    },
    {
      "param_value": 10.0,
      "mean_cv_acc": 0.39285714285714285,
      "std_cv_acc": 0.0
    },
    {
      "param_value": 17.782794952392578,
      "mean_cv_acc": 0.39285714285714285,
      "std_cv_acc": 0.0
    },
    {
      "param_value": 31.62277603149414,
      "mean_cv_acc": 0.39285714285714285,
      "std_cv_acc": 0.0
    },
    {
      "param_value": 56.234130859375,
      "mean_cv_acc": 0.39285714285714285,
      "std_cv_acc": 0.0
    },
    {
      "param_value": 100.0,
      "mean_cv_acc": 0.39285714285714285,
      "std_cv_acc": 0.0
    },
    {
      "param_value": 177.82794189453125,
      "mean_cv_acc": 0.39285714285714285,
      "std_cv_acc": 0.0
    },
    {
      "param_value": 316.2277526855469,
      "mean_cv_acc": 0.39285714285714285,
      "std_cv_acc": 0.0
    },
    {
      "param_value": 562.34130859375,
      "mean_cv_acc": 0.39285714285714285,
      "std_cv_acc": 0.0
    },
    {
      "param_value": 1000.0,
      "mean_cv_acc": 0.39285714285714285,
      "std_cv_acc": 0.0
    },
    {
      "param_value": 1778.2794189453125,
      "mean_cv_acc": 0.39285714285714285,
      "std_cv_acc": 0.0
    },
    {
      "param_value": 3162.277587890625,
      "mean_cv_acc": 0.39285714285714285,
      "std_cv_acc": 0.0
    },
    {
      "param_value": 5623.4130859375,
      "mean_cv_acc": 0.39285714285714285,
      "std_cv_acc": 0.0
    },
    {
      "param_value": 10000.0,
      "mean_cv_acc": 0.39285714285714285,
      "std_cv_acc": 0.0
    },
    {
      "param_value": 17782.794921875,
      "mean_cv_acc": 0.39285714285714285,
      "std_cv_acc": 0.0
    },
    {
      "param_value": 31622.77734375,
      "mean_cv_acc": 0.39285714285714285,
      "std_cv_acc": 0.0
    },
    {
      "param_value": 56234.1328125,
      "mean_cv_acc": 0.39285714285714285,
      "std_cv_acc": 0.0
    },
    {
      "param_value": 100000.0,
      "mean_cv_acc": 0.39285714285714285,
      "std_cv_acc": 0.0
    }
  ],
  "five_way": {
    "accuracy": 0.39814814814814814,
    "macro_f1": 0.3261183261183261,
    "macro_sensitivity": 0.36183574879227054,
    "macro_specificity": 0.8709909172195291,
    "per_class_sensitivity": {
      "NOR": 0.26666666666666666,
      "HCM": 0.30434782608695654,
      "ARR": 0.0,
      "CIA": 0.0,
      "FALL": 0.8,
      "LV": 0.8
    },
    "per_class_specificity": {
      "NOR": 0.7692307692307693,
      "HCM": 0.9647058823529412,
      "ARR": 0.9897959183673469,
      "CIA": 0.9285714285714286,
      "FALL": 0.9591836734693877,
      "LV": 0.6144578313253012
    },
    "confusion_matrix": [
      [
        8,
        0,
        0,
        3,
        0,
        19
      ],
      [
        12,
        7,
        0,
        0,
        0,
        4
      ],
      [
        2,
        2,
        0,
        1,
        0,
        5
      ],
      [
        3,
        0,
        0,
        0,
        3,
        4
      ],
      [
        0,
        0,
        0,
        2,
        8,
        0
      ],
      [
        1,
        1,
        1,
        1,
        1,
        20
      ]
    ],
    "classification_report": {
      "NOR": {
        "precision": 0.3076923076923077,
        "recall": 0.26666666666666666,
        "f1-score": 0.2857142857142857,
        "support": 30.0
      },
      "HCM": {
        "precision": 0.7,
        "recall": 0.30434782608695654,
        "f1-score": 0.42424242424242425,
        "support": 23.0
      },
      "ARR": {
        "precision": 0.0,
        "recall": 0.0,
        "f1-score": 0.0,
        "support": 10.0
      },
      "CIA": {
        "precision": 0.0,
        "recall": 0.0,
        "f1-score": 0.0,
        "support": 10.0
      },
      "FALL": {
        "precision": 0.6666666666666666,
        "recall": 0.8,
        "f1-score": 0.7272727272727273,
        "support": 10.0
      },
      "LV": {
        "precision": 0.38461538461538464,
        "recall": 0.8,
        "f1-score": 0.5194805194805194,
        "support": 25.0
      },
      "accuracy": 0.39814814814814814,
      "macro avg": {
        "precision": 0.3431623931623931,
        "recall": 0.36183574879227054,
        "f1-score": 0.3261183261183261,
        "support": 108.0
      },
      "weighted avg": {
        "precision": 0.3853038936372269,
        "recall": 0.39814814814814814,
        "f1-score": 0.357303190636524,
        "support": 108.0
      }
    },
    "probabilities": [
      [
        0.13586182454253237,
        0.14636167529271252,
        0.10973942102285004,
        0.2550239758277837,
        0.057428394766186865,
        0.2955847085479346
      ],
      [
        0.08967651417164793,
        0.15110750038517942,
        0.12762838409532132,
        0.04795219586853837,
        0.11204129219088334,
        0.47159411328842965
      ],
      [
        0.6815221219766239,
        0.1412207736678502,
        0.08051917653595654,
        0.06145701231939538,
        0.008724613597558677,
        0.026556301902615386
      ],
      [
        0.5355535470629692,
        0.22792380599917378,
        0.08645785123334143,
        0.09353374409959894,
        0.023294097386427588,
        0.033236954218489
      ],
      [
        0.5931462071688123,
        0.08488202037845143,
        0.06048501413659698,
        0.14877145945881862,
        0.08869167634239729,
        0.024023622514923272
      ],
      [
        0.4655829347957952,
        0.09378556392478259,
        0.07568812019609314,
        0.16046505574686729,
        0.03334050003352876,
        0.17113782530293317
      ],
      [
        0.482182830831721,
        0.12436671612583945,
        0.19631381207010037,
        0.10225005656132052,
        0.023658409881955413,
        0.07122817452906324
      ],
      [
        0.36333591108888286,
        0.1888522519066939,
        0.18665486530936073,
        0.09262085670215307,
        0.02846885578748347,
        0.14006725920542598
      ],
      [
        0.5942225173462211,
        0.05987610311716133,
        0.07113102887454045,
        0.19756651194736743,
        0.03260555789429343,
        0.04459828082041614
      ],
      [
        0.42103875269725854,
        0.1806841770513104,
        0.22233727377570756,
        0.09661248908037054,
        0.020953191086582588,
        0.058374116308770284
      ],
      [
        0.04512866296138766,
        0.07088033197901819,
        0.07497005134924292,
        0.05204470836399228,
        0.11280182070516187,
        0.644174424641197
      ],
      [
        0.1398548948990664,
        0.16694183030894533,
        0.22143002319546584,
        0.0844734978528423,
        0.09476154678232637,
        0.29253820696135363
      ],
      [
        0.11082343332871757,
        0.12875268800402523,
        0.10256357273976376,
        0.21043864124802206,
        0.04352427929516648,
        0.403897385384305
      ],
      [
        0.0655686730364508,
        0.0855704219208857,
        0.07150222470543634,
        0.07339755902244388,
        0.0833437297074352,
        0.6206173916073481
      ],
      [
        0.06295782765503166,
        0.08563185947955083,
        0.07286063205533844,
        0.14704567799938054,
        0.03134759850088145,
        0.600156404309817
      ],
      [
        0.04026315265386801,
        0.06783373056737406,
        0.054736201726554294,
        0.059681188624640925,
        0.08057416924542125,
        0.6969115571821414
      ],
      [
        0.14519573336690955,
        0.10848849188821204,
        0.09229999813349665,
        0.20182426018701632,
        0.15821653570635869,
        0.29397498071800676
      ],
      [
        0.16163385796461305,
        0.1619363485248571,
        0.11584071344897331,
        0.20570682890487843,
        0.030097049155844366,
        0.32478520200083383
      ],
      [
        0.10142099206919086,
        0.07384701481889608,
        0.09786201547589639,
        0.1269791736471372,
        0.02858590755791681,
        0.5713048964309626
      ],
      [
        0.07785529749027802,
        0.03397354465696746,
        0.03973316275763437,
        0.1483089193777464,
        0.03218189394734976,
        0.667947181770024
      ],
      [
        0.11031104266199145,
        0.09577341824040835,
        0.08317143512017186,
        0.10621734298957543,
        0.11196551170887421,
        0.4925612492789789
      ],
      [
        0.19732299173118684,
        0.06633578445577051,
        0.046256168496208186,
        0.27600212589946355,
        0.12834242446487204,
        0.285740504952499
      ],
      [
        0.03763050595846088,
        0.08182798369332664,
        0.10298653158456621,
        0.047969980887455146,
        0.08628153466196824,
        0.6433034632142229
      ],
      [
        0.0709607511730342,
        0.04555117498351158,
        0.04718713332525198,
        0.0873700869480044,
        0.01832224525617334,
        0.7306086083140245
      ],
      [
        0.07513206529639652,
        0.08676329805129346,
        0.0806440031248432,
        0.06161299721563987,
        0.059937714460684646,
        0.6359099218511424
      ],
      [
        0.12539121011456153,
        0.13234137795060186,
        0.08596138828697887,
        0.24286837578171763,
        0.046317654711198,
        0.3671199931549421
      ],
      [
        0.23694083563282053,
        0.11818324371834986,
        0.05893945869648875,
        0.3246581568720302,
        0.09857547666774238,
        0.16270282841256836
      ],
      [
        0.09832344150526326,
        0.0828190729097257,
        0.09263971565155316,
        0.12732250868298134,
        0.030043451676675385,
        0.5688518095738012
      ],
      [
        0.19462189658791543,
        0.17250151464080826,
        0.10300243676258228,
        0.2628497276999334,
        0.0350195817423112,
        0.23200484256644952
      ],
      [
        0.15695436057644674,
        0.19895521358528334,
        0.11003444041262753,
        0.23257576124287588,
        0.1036634669487971,
        0.19781675723396952
      ],
      [
        0.06691509506302915,
        0.18226100460424277,
        0.06536786892341799,
        0.25786064909792034,
        0.08707979647299649,
        0.3405155858383933
      ],
      [
        0.04988557277056751,
        0.11697022927337743,
        0.09023286107867282,
        0.04867827473175913,
        0.07422900713949569,
        0.6200040550061274
      ],
      [
        0.05510778736584277,
        0.11354567296217345,
        0.08411132768177576,
        0.0713954437068403,
        0.05953804081191295,
        0.6163017274714547
      ],
      [
        0.02890003445629072,
        0.05421860732719057,
        0.04894350937745027,
        0.06662125338039775,
        0.10739330214111675,
        0.693923293317554
      ],
      [
        0.191044841705982,
        0.0670091341978035,
        0.09595478585188767,
        0.18466138877220076,
        0.0744870934952177,
        0.3868427559769085
      ],
      [
        0.024346201071786564,
        0.05601006541326593,
        0.05001008933869609,
        0.07545528661862119,
        0.07220220505235414,
        0.721976152505276
      ],
      [
        0.08092099551902314,
        0.16454898889528116,
        0.11615098592405271,
        0.10007052445272784,
        0.05851150795571807,
        0.4797969972531972
      ],
      [
        0.018180613941964137,
        0.05035039103393696,
        0.034357010571819856,
        0.04640967611418119,
        0.15443306183845468,
        0.6962692464996433
      ],
      [
        0.021159801652376825,
        0.061890068145826406,
        0.02474425404147475,
        0.07335207374283256,
        0.028765768132575812,
        0.7900880342849137
      ],
      [
        0.07993423107571972,
        0.3825031155849366,
        0.13627894754403905,
        0.21559223315694612,
        0.05421264552483421,
        0.13147882711352435
      ],
      [
        0.04239267110227101,
        0.09176818403297986,
        0.0797501090551006,
        0.0597765645359835,
        0.0754186889420724,
        0.6508937823315926
      ],
      [
        0.018289660137337203,
        0.08374352469484111,
        0.06231420136013299,
        0.08546537291266468,
        0.12230640301075504,
        0.627880837884269
      ],
      [
        0.11476745714038589,
        0.14001958202870002,
        0.10237721251208907,
        0.11810946493890756,
        0.10533589400704602,
        0.4193903893728715
      ],
      [
        0.022956765315625172,
        0.0700680748128358,
        0.09632796351598709,
        0.07269972546348094,
        0.06566349645969966,
        0.6722839744323713
      ],
      [
        0.0051649702909652324,
        0.02635923106003963,
        0.012346805685068631,
        0.04142341852969503,
        0.05003176316104815,
        0.8646738112731833
      ],
      [
        0.07654872523664034,
        0.1467655145929823,
        0.16441639522741228,
        0.25260310329348784,
        0.2087572900186004,
        0.15090897163087694
      ],
      [
        0.055097526872801374,
        0.03211254712190814,
        0.05142435126707947,
        0.16691190300741518,
        0.6616970539490479,
        0.032756617781747994
      ],
      [
        0.0910182310573521,
        0.09236437255141733,
        0.09987265912113205,
        0.09827126399551661,
        0.05207717722976869,
        0.5663962960448131
      ],
      [
        0.01090906612490819,
        0.04281488066260811,
        0.03155104966239404,
        0.023542400205045652,
        0.040669060210949404,
        0.8505135431340946
      ],
      [
        0.06872909401942365,
        0.06919773826546788,
        0.08024667286606532,
        0.0693058752126653,
        0.08947979722308827,
        0.6230408224132895
      ],
      [
        0.08667988520426789,
        0.11735632866757656,
        0.08682398342224157,
        0.07566203868614603,
        0.09521022609325323,
        0.5382675379265148
      ],
      [
        0.26781984423105554,
        0.08476991368002604,
        0.08299185285504271,
        0.2276147901542942,
        0.25010064381247704,
        0.08670295526710459
      ],
      [
        0.007033973455722417,
        0.021201700640138262,
        0.012551672345308552,
        0.02634120430250067,
        0.06977425073620129,
        0.8630971985201288
      ],
      [
        0.10798378287101298,
        0.17311993550014523,
        0.22190971323473438,
        0.20444550113652527,
        0.1814519094123283,
        0.1110891578452538
      ],
      [
        0.019992184149060035,
        0.03696288985193037,
        0.03165806751317501,
        0.025169273013211424,
        0.1223058720510158,
        0.7639117134216072
      ],
      [
        0.5632841540104645,
        0.16167781593619648,
        0.12504779859208917,
        0.07167544043393133,
        0.047080974937665304,
        0.031233816089653168
      ],
      [
        0.11521625113050098,
        0.1532238887836061,
        0.11551866119576921,
        0.1180869439594051,
        0.24460817753127267,
        0.2533460773994459
      ],
      [
        0.35310204948385765,
        0.26368773892097347,
        0.18642003823096817,
        0.09607969848488158,
        0.06056781614154839,
        0.040142658737770696
      ],
      [
        0.14785642979428137,
        0.4422060408348362,
        0.13338854857534296,
        0.1257799658899905,
        0.048290365722999065,
        0.10247864918254995
      ],
      [
        0.509919568444872,
        0.24118116991107447,
        0.14753949646130554,
        0.05433814649332682,
        0.02376375126119384,
        0.023257867428227268
      ],
      [
        0.585985798686484,
        0.18282612174829643,
        0.07475723182577676,
        0.10271221336076179,
        0.035149064761558706,
        0.01856956961712249
      ],
      [
        0.04855709707390798,
        0.1308980708587558,
        0.057236821092122525,
        0.091123001151926,
        0.04491525756675149,
        0.6272697522565363
      ],
      [
        0.3455030952637484,
        0.296944736497809,
        0.20008757830660834,
        0.0700050892163743,
        0.05686818411543738,
        0.030591316600022622
      ],
      [
        0.4631979691628598,
        0.2649458396900891,
        0.09215402228775577,
        0.08328552104955825,
        0.08303766247775107,
        0.013378985331986039
      ],
      [
        0.06040803438289745,
        0.33986235177988755,
        0.12722732972633813,
        0.25102752127370614,
        0.05131675196359119,
        0.17015801087357954
      ],
      [
        0.09065301954554819,
        0.2672605235211833,
        0.10542782089030568,
        0.10601531128130803,
        0.03209763546823652,
        0.3985456892934182
      ],
      [
        0.2960743482347888,
        0.28336934129163677,
        0.26211734163771194,
        0.06587415359727404,
        0.05881972649397373,
        0.03374508874461471
      ],
      [
        0.4386877564108249,
        0.16350809985211795,
        0.15527994815875357,
        0.10459879780949805,
        0.09320675395971335,
        0.044718643809092413
      ],
      [
        0.03422162430191395,
        0.2022215912362859,
        0.04169805542321314,
        0.0787091801421042,
        0.08789303270552931,
        0.5552565161909535
      ],
      [
        0.3469466107376933,
        0.3722479980454044,
        0.1516537605463855,
        0.0798033388484615,
        0.036023707787125665,
        0.013324584034929551
      ],
      [
        0.21300246408675497,
        0.3944186526588242,
        0.21488580115881484,
        0.08008720060524571,
        0.06255163803347627,
        0.03505424345688393
      ],
      [
        0.48139716094343327,
        0.2531129612884067,
        0.13258738643246942,
        0.06801528687696595,
        0.04630878031053898,
        0.018578424148185696
      ],
      [
        0.4370107376426896,
        0.3196410863079119,
        0.1251268035286071,
        0.0640128997506601,
        0.033505741490671134,
        0.0207027312794601
      ],
      [
        0.24132822808403984,
        0.30339491627252735,
        0.1975945459190552,
        0.12605311880337525,
        0.06817122601954909,
        0.0634579649014533
      ],
      [
        0.4495561308816284,
        0.31553062441660285,
        0.12947302557574614,
        0.048011966264481336,
        0.03926839101530317,
        0.018159861846238003
      ],
      [
        0.16582919992459108,
        0.24735890011357461,
        0.1075216718705732,
        0.17974803184180296,
        0.07485418999765395,
        0.22468800625180416
      ],
      [
        0.3248031825927714,
        0.3642991878951374,
        0.2029975481200922,
        0.052845408015898494,
        0.027948568278543636,
        0.027106105097556846
      ],
      [
        0.4165810803554905,
        0.26339459915290137,
        0.1529509022108868,
        0.07938182674829124,
        0.06471902713323048,
        0.022972564399199605
      ],
      [
        0.07650756863066097,
        0.05546233667440831,
        0.06793869176317173,
        0.15500250168205482,
        0.06779099676638184,
        0.5772979044833223
      ],
      [
        0.28519881436911637,
        0.09846377988245314,
        0.18584842003071622,
        0.23648780431643301,
        0.12317175801764611,
        0.07082942338363513
      ],
      [
        0.07271788884983575,
        0.2806786793279982,
        0.08022628000725003,
        0.260082206565454,
        0.03317428426066447,
        0.27312066098879745
      ],
      [
        0.16685197885808842,
        0.07990558764520525,
        0.03604919247606714,
        0.3864214569223707,
        0.05339225335705097,
        0.27737953074121746
      ],
      [
        0.08700869265538373,
        0.09472504922069655,
        0.056517526597125896,
        0.17276203815598998,
        0.04012881330109993,
        0.5488578800697039
      ],
      [
        0.023681307460928096,
        0.026981977099441553,
        0.0187435520748708,
        0.11207867320335041,
        0.04129996078273464,
        0.7772145293786745
      ],
      [
        0.1697872673521093,
        0.28001339988665547,
        0.14460927909382096,
        0.1688351212376384,
        0.03353753975261442,
        0.2032173926771615
      ],
      [
        0.0072024688856837885,
        0.027408571014370102,
        0.02101480901228054,
        0.027713080581451353,
        0.053259791399178066,
        0.8634012791070361
      ],
      [
        0.3541987927884161,
        0.18493697098993034,
        0.20163687623198093,
        0.1407492561582303,
        0.08877250396023731,
        0.029705599871204986
      ],
      [
        0.031981997941732544,
        0.11073751856114677,
        0.06450101212399292,
        0.081479440066233,
        0.0487488779204217,
        0.662551153386473
      ],
      [
        0.0857499912355347,
        0.04300570928248414,
        0.04176601053694508,
        0.16698585189740947,
        0.6312076130672958,
        0.031284823980330834
      ],
      [
        0.2159969438030603,
        0.11673000663921923,
        0.0921155698538673,
        0.1515088102593246,
        0.38332642384284105,
        0.04032224560168756
      ],
      [
        0.09000359804037251,
        0.05173749810610115,
        0.0693676007784733,
        0.16658938511763224,
        0.5568040140699225,
        0.06549790388749821
      ],
      [
        0.12248889931204758,
        0.049308581134289646,
        0.0333084517313479,
        0.39115524446029976,
        0.28971003272042223,
        0.11402879064159276
      ],
      [
        0.1310923949831596,
        0.19515052964848686,
        0.2132753429431254,
        0.14422014837418634,
        0.22010855175826072,
        0.09615303229278117
      ],
      [
        0.0707438684163371,
        0.12146706222325193,
        0.16725021183587563,
        0.12038062340710308,
        0.44214671097086095,
        0.0780115231465713
      ],
      [
        0.09851437951075342,
        0.08442771823773014,
        0.11272249768357534,
        0.17744690791542017,
        0.4478968895300397,
        0.07899160712248106
      ],
      [
        0.18831027128021052,
        0.16800466389204868,
        0.1503336922011933,
        0.14940286486766033,
        0.2871874343765624,
        0.05676107338232488
      ],
      [
        0.11332939876890517,
        0.2095845398655595,
        0.16181897211201557,
        0.1855615215152761,
        0.27738003076709516,
        0.05232553697114848
      ],
      [
        0.0985204449969385,
        0.09683678603968876,
        0.07168970210526092,
        0.33584131190154803,
        0.287903591732986,
        0.10920816322357771
      ],
      [
        0.034478799091147296,
        0.18116020197916516,
        0.09638217587994892,
        0.17385573609013444,
        0.08884908932252158,
        0.42527399763708273
      ],
      [
        0.6259857994205885,
        0.14171324879604,
        0.09212959187598795,
        0.08413204866668332,
        0.02758688393714111,
        0.028452427303559274
      ],
      [
        0.6451169475675494,
        0.035226547760061816,
        0.016548927175720977,
        0.18239018532012977,
        0.02434147761704043,
        0.09637591455949773
      ],
      [
        0.37724807670964866,
        0.12580791964011423,
        0.060345823271536564,
        0.23319067467874435,
        0.18148522415262122,
        0.021922281547334936
      ],
      [
        0.08969079905535285,
        0.07138658611645757,
        0.051951295896764275,
        0.1810295021752023,
        0.13208852120920164,
        0.47385329554702127
      ],
      [
        0.10865570326418426,
        0.09547014226048144,
        0.139479595217721,
        0.20356207272074656,
        0.3533084980514132,
        0.09952398848545359
      ],
      [
        0.09732819254561048,
        0.08844011745210821,
        0.08982788935772641,
        0.15070747202328225,
        0.11867051918804272,
        0.45502580943322984
      ],
      [
        0.06621428963942484,
        0.06139699435053538,
        0.07052995368991198,
        0.2009750026520232,
        0.1977099955841061,
        0.4031737640839985
      ],
      [
        0.13875404721572793,
        0.0966327270531482,
        0.14504588665715662,
        0.16742233022501185,
        0.3664971157760908,
        0.08564789307286476
      ],
      [
        0.13885697453846357,
        0.030190839338944755,
        0.03314336995041425,
        0.22717183971223062,
        0.4878838781268713,
        0.08275309833307547
      ]
    ],
    "predictions": [
      5,
      5,
      0,
      0,
      0,
      0,
      0,
      0,
      0,
      0,
      5,
      5,
      5,
      5,
      5,
      5,
      5,
      5,
      5,
      5,
      5,
      5,
      5,
      5,
      5,
      5,
      3,
      5,
      3,
      3,
      5,
      5,
      5,
      5,
      5,
      5,
      5,
      5,
      5,
      1,
      5,
      5,
      5,
      5,
      5,
      3,
      4,
      5,
      5,
      5,
      5,
      0,
      5,
      2,
      5,
      0,
      5,
      0,
      1,
      0,
      0,
      5,
      0,
      0,
      1,
      5,
      0,
      0,
      5,
      1,
      1,
      0,
      0,
      1,
      0,
      1,
      1,
      0,
      5,
      0,
      1,
      3,
      5,
      5,
      1,
      5,
      0,
      5,
      4,
      4,
      4,
      3,
      4,
      4,
      4,
      4,
      4,
      3,
      5,
      0,
      0,
      0,
      5,
      4,
      5,
      5,
      4,
      4
    ],
    "true_labels": [
      0,
      0,
      0,
      0,
      0,
      0,
      0,
      0,
      0,
      0,
      0,
      0,
      0,
      0,
      0,
      0,
      0,
      0,
      0,
      0,
      0,
      0,
      0,
      0,
      0,
      0,
      0,
      0,
      0,
      0,
      5,
      5,
      5,
      5,
      5,
      5,
      5,
      5,
      5,
      5,
      5,
      5,
      5,
      5,
      5,
      5,
      5,
      5,
      5,
      5,
      5,
      5,
      5,
      5,
      5,
      1,
      1,
      1,
      1,
      1,
      1,
      1,
      1,
      1,
      1,
      1,
      1,
      1,
      1,
      1,
      1,
      1,
      1,
      1,
      1,
      1,
      1,
      1,
      2,
      2,
      2,
      2,
      2,
      2,
      2,
      2,
      2,
      2,
      4,
      4,
      4,
      4,
      4,
      4,
      4,
      4,
      4,
      4,
      3,
      3,
      3,
      3,
      3,
      3,
      3,
      3,
      3,
      3
    ],
    "patient_ids": [
      "201",
      "202",
      "203",
      "204",
      "205",
      "206",
      "207",
      "208",
      "209",
      "210",
      "211",
      "212",
      "213",
      "214",
      "215",
      "216",
      "217",
      "218",
      "219",
      "220",
      "221",
      "222",
      "223",
      "224",
      "225",
      "226",
      "227",
      "228",
      "229",
      "230",
      "231",
      "232",
      "233",
      "234",
      "235",
      "236",
      "237",
      "238",
      "239",
      "240",
      "241",
      "242",
      "243",
      "244",
      "245",
      "246",
      "247",
      "248",
      "249",
      "250",
      "251",
      "252",
      "253",
      "254",
      "255",
      "256",
      "257",
      "258",
      "259",
      "260",
      "261",
      "262",
      "264",
      "265",
      "266",
      "267",
      "269",
      "270",
      "271",
      "272",
      "273",
      "274",
      "275",
      "276",
      "277",
      "278",
      "279",
      "280",
      "281",
      "282",
      "283",
      "284",
      "285",
      "286",
      "287",
      "288",
      "289",
      "290",
      "291",
      "292",
      "293",
      "294",
      "295",
      "296",
      "297",
      "298",
      "299",
      "300",
      "301",
      "302",
      "303",
      "304",
      "305",
      "306",
      "307",
      "308",
      "309",
      "310"
    ]
  },
  "roc_auc": {
    "macro_auc": 0.7356874366962582,
    "per_class_auc": {
      "NOR": 0.5995726495726497,
      "HCM": 0.9381074168797954,
      "ARR": 0.3795918367346939,
      "CIA": 0.7346938775510203,
      "FALL": 0.9693877551020409,
      "LV": 0.7927710843373494
    }
  },
  "binary": {
    "accuracy": 0.7129629629629629,
    "f1": 0.8248587570621468,
    "sensitivity": 0.9358974358974359,
    "specificity": 0.13333333333333333,
    "roc_auc": 0.5995726495726496,
    "binary_labels": [
      0,
      0,
      0,
      0,
      0,
      0,
      0,
      0,
      0,
      0,
      0,
      0,
      0,
      0,
      0,
      0,
      0,
      0,
      0,
      0,
      0,
      0,
      0,
      0,
      0,
      0,
      0,
      0,
      0,
      0,
      1,
      1,
      1,
      1,
      1,
      1,
      1,
      1,
      1,
      1,
      1,
      1,
      1,
      1,
      1,
      1,
      1,
      1,
      1,
      1,
      1,
      1,
      1,
      1,
      1,
      1,
      1,
      1,
      1,
      1,
      1,
      1,
      1,
      1,
      1,
      1,
      1,
      1,
      1,
      1,
      1,
      1,
      1,
      1,
      1,
      1,
      1,
      1,
      1,
      1,
      1,
      1,
      1,
      1,
      1,
      1,
      1,
      1,
      1,
      1,
      1,
      1,
      1,
      1,
      1,
      1,
      1,
      1,
      1,
      1,
      1,
      1,
      1,
      1,
      1,
      1,
      1,
      1
    ],
    "binary_probs": [
      0.8641381754574676,
      0.9103234858283521,
      0.3184778780233761,
      0.4644464529370308,
      0.4068537928311877,
      0.5344170652042048,
      0.517817169168279,
      0.6366640889111171,
      0.4057774826537789,
      0.5789612473027415,
      0.9548713370386124,
      0.8601451051009336,
      0.8891765666712824,
      0.9344313269635492,
      0.9370421723449683,
      0.959736847346132,
      0.8548042666330904,
      0.838366142035387,
      0.8985790079308091,
      0.922144702509722,
      0.8896889573380086,
      0.8026770082688132,
      0.9623694940415392,
      0.9290392488269658,
      0.9248679347036035,
      0.8746087898854384,
      0.7630591643671795,
      0.9016765584947367,
      0.8053781034120846,
      0.8430456394235533,
      0.9330849049369708,
      0.9501144272294325,
      0.9448922126341572,
      0.9710999655437093,
      0.808955158294018,
      0.9756537989282135,
      0.9190790044809769,
      0.9818193860580359,
      0.9788401983476231,
      0.9200657689242803,
      0.957607328897729,
      0.9817103398626628,
      0.8852325428596142,
      0.9770432346843748,
      0.9948350297090348,
      0.9234512747633596,
      0.9449024731271987,
      0.9089817689426479,
      0.9890909338750918,
      0.9312709059805764,
      0.9133201147957322,
      0.7321801557689445,
      0.9929660265442776,
      0.892016217128987,
      0.98000781585094,
      0.4367158459895355,
      0.8847837488694991,
      0.6468979505161423,
      0.8521435702057186,
      0.49008043155512804,
      0.41401420131351596,
      0.951442902926092,
      0.6544969047362517,
      0.5368020308371402,
      0.9395919656171026,
      0.9093469804544518,
      0.7039256517652113,
      0.5613122435891751,
      0.965778375698086,
      0.6530533892623067,
      0.7869975359132451,
      0.5186028390565667,
      0.5629892623573104,
      0.7586717719159601,
      0.5504438691183716,
      0.8341708000754089,
      0.6751968174072286,
      0.5834189196445094,
      0.923492431369339,
      0.7148011856308836,
      0.9272821111501642,
      0.8331480211419116,
      0.9129913073446163,
      0.9763186925390719,
      0.8302127326478907,
      0.9927975311143162,
      0.645801207211584,
      0.9680180020582675,
      0.9142500087644653,
      0.7840030561969397,
      0.9099964019596275,
      0.8775111006879525,
      0.8689076050168404,
      0.9292561315836629,
      0.9014856204892465,
      0.8116897287197895,
      0.8866706012310949,
      0.9014795550030615,
      0.9655212009088527,
      0.3740142005794115,
      0.35488305243245055,
      0.6227519232903513,
      0.9103092009446472,
      0.8913442967358157,
      0.9026718074543896,
      0.9337857103605751,
      0.8612459527842721,
      0.8611430254615364
    ]
  }
}
