{
  "config": {
    "dataset": "acdc",
    "backbone": "dinov3",
    "model_name": "dinov3_vits16",
    "eval_mode": "logreg",
    "pooling": "cls",
    "embed_dim": 384,
    "best_hyperparam": 562.34130859375,
    "hyperparam_name": "C",
    "num_classes": 5,
    "class_names": [
      "NOR",
      "DCM",
      "HCM",
      "MINF",
      "RV"
    ]
  },
  "sweep_results": [
    {
      "param_value": 9.999999974752427e-07,
      "mean_cv_acc": 0.4,
      "std_cv_acc": 0.09999999999999999
    },
    {
      "param_value": 1.7782793975129607e-06,
      "mean_cv_acc": 0.4,
      "std_cv_acc": 0.09999999999999999
    },
    {
      "param_value": 3.1622776077711023e-06,
      "mean_cv_acc": 0.4,
      "std_cv_acc": 0.09999999999999999
    },
    {
      "param_value": 5.6234130170196295e-06,
      "mean_cv_acc": 0.4,
      "std_cv_acc": 0.09999999999999999
    },
    {
      "param_value": 9.999999747378752e-06,
      "mean_cv_acc": 0.4,
      "std_cv_acc": 0.09999999999999999
    },
    {
      "param_value": 1.778279329300858e-05,
      "mean_cv_acc": 0.4,
      "std_cv_acc": 0.09999999999999999
    },
    {
      "param_value": 3.162277789670043e-05,
      "mean_cv_acc": 0.41000000000000003,
      "std_cv_acc": 0.1044030650891055
    },
    {
      "param_value": 5.62341338081751e-05,
      "mean_cv_acc": 0.42000000000000004,
      "std_cv_acc": 0.10770329614269007
    },
    {
      "param_value": 9.999999747378752e-05,
      "mean_cv_acc": 0.41000000000000003,
      "std_cv_acc": 0.12206555615733701
    },
    {
      "param_value": 0.00017782794020604342,
      "mean_cv_acc": 0.42000000000000004,
      "std_cv_acc": 0.132664991614216
    },
    {
      "param_value": 0.0003162277571391314,
      "mean_cv_acc": 0.42000000000000004,
      "std_cv_acc": 0.132664991614216
    },
    {
      "param_value": 0.000562341301701963,
      "mean_cv_acc": 0.43,
      "std_cv_acc": 0.15524174696260024
    },
    {
      "param_value": 0.0010000000474974513,
      "mean_cv_acc": 0.4800000000000001,
      "std_cv_acc": 0.16613247725836147
    },
    {
      "param_value": 0.0017782794311642647,
      "mean_cv_acc": 0.5000000000000001,
      "std_cv_acc": 0.1673320053068151
    },
    {
      "param_value": 0.003162277629598975,
      "mean_cv_acc": 0.52,
      "std_cv_acc": 0.1661324772583615
    },
    {
      "param_value": 0.005623413249850273,
      "mean_cv_acc": 0.55,
      "std_cv_acc": 0.16881943016134132
    },
    {
      "param_value": 0.009999999776482582,
      "mean_cv_acc": 0.5399999999999999,
      "std_cv_acc": 0.2009975124224178
    },
    {
      "param_value": 0.017782794311642647,
      "mean_cv_acc": 0.5399999999999999,
      "std_cv_acc": 0.2009975124224178
    },
    {
      "param_value": 0.03162277489900589,
      "mean_cv_acc": 0.5599999999999999,
      "std_cv_acc": 0.1907878402833891
    },
    {
      "param_value": 0.05623413249850273,
      "mean_cv_acc": 0.5599999999999999,
      "std_cv_acc": 0.1907878402833891
    },
    {
      "param_value": 0.10000000149011612,
      "mean_cv_acc": 0.5700000000000001,
      "std_cv_acc": 0.19519221295943134
    },
    {
      "param_value": 0.17782793939113617,
      "mean_cv_acc": 0.5900000000000001,
      "std_cv_acc": 0.1972308292331602
    },
    {
      "param_value": 0.3162277638912201,
      "mean_cv_acc": 0.5900000000000001,
      "std_cv_acc": 0.1972308292331602
    },
    {
      "param_value": 0.5623413324356079,
      "mean_cv_acc": 0.58,
      "std_cv_acc": 0.2227105745132009
    },
    {
      "param_value": 1.0,
      "mean_cv_acc": 0.58,
      "std_cv_acc": 0.2227105745132009
    },
    {
      "param_value": 1.778279423713684,
      "mean_cv_acc": 0.5900000000000001,
      "std_cv_acc": 0.22561028345356957
    },
    {
      "param_value": 3.1622776985168457,
      "mean_cv_acc": 0.5900000000000001,
      "std_cv_acc": 0.22561028345356957
    },
    {
      "param_value": 5.6234130859375,
      "mean_cv_acc": 0.5900000000000001,
      "std_cv_acc": 0.22561028345356957
    },
    {
      "param_value": 10.0,
      "mean_cv_acc": 0.5900000000000001,
      "std_cv_acc": 0.22561028345356957
    },
    {
      "param_value": 17.782794952392578,
      "mean_cv_acc": 0.5900000000000001,
      "std_cv_acc": 0.22561028345356957
    },
    {
      "param_value": 31.62277603149414,
      "mean_cv_acc": 0.5900000000000001,
      "std_cv_acc": 0.22561028345356957
    },
    {
      "param_value": 56.234130859375,
      "mean_cv_acc": 0.5900000000000001,
      "std_cv_acc": 0.22561028345356957
    },
    {
      "param_value": 100.0,
      "mean_cv_acc": 0.5900000000000001,
      "std_cv_acc": 0.22561028345356957
    },
    {
      "param_value": 177.82794189453125,
      "mean_cv_acc": 0.5900000000000001,
      "std_cv_acc": 0.22561028345356957
    },
    {
      "param_value": 316.2277526855469,
      "mean_cv_acc": 0.5900000000000001,
      "std_cv_acc": 0.22561028345356957
    },
    {
      "param_value": 562.34130859375,
      "mean_cv_acc": 0.6,
      "std_cv_acc": 0.2
    },
    {
      "param_value": 1000.0,
      "mean_cv_acc": 0.6,
      "std_cv_acc": 0.2
    },
    {
      "param_value": 1778.2794189453125,
      "mean_cv_acc": 0.6,
      "std_cv_acc": 0.2
    },
    {
      "param_value": 3162.277587890625,
      "mean_cv_acc": 0.6,
      "std_cv_acc": 0.2
    },
    {
      "param_value": 5623.4130859375,
      "mean_cv_acc": 0.6,
      "std_cv_acc": 0.2
    },
    {
      "param_value": 10000.0,
      "mean_cv_acc": 0.6,
      "std_cv_acc": 0.2
    },
    {
      "param_value": 17782.794921875,
      "mean_cv_acc": 0.6,
      "std_cv_acc": 0.2
    },
    {
      "param_value": 31622.77734375,
      "mean_cv_acc": 0.6,
      "std_cv_acc": 0.2
    },
    {
      "param_value": 56234.1328125,
      "mean_cv_acc": 0.6,
      "std_cv_acc": 0.2
    },
    {
      "param_value": 100000.0,
      "mean_cv_acc": 0.6,
      "std_cv_acc": 0.2
    }
  ],
  "five_way": {
    "accuracy": 0.5,
    "macro_f1": 0.49757085020242914,
    "macro_sensitivity": 0.5,
    "macro_specificity": 0.875,
    "per_class_sensitivity": {
      "NOR": 0.3,
      "DCM": 0.5,
      "HCM": 0.4,
      "MINF": 0.6,
      "RV": 0.7
    },
    "per_class_specificity": {
      "NOR": 0.875,
      "DCM": 0.9,
      "HCM": 0.95,
      "MINF": 0.75,
      "RV": 0.9
    },
    "confusion_matrix": [
      [
        3,
        0,
        1,
        3,
        3
      ],
      [
        0,
        5,
        0,
        4,
        1
      ],
      [
        2,
        1,
        4,
        3,
        0
      ],
      [
        0,
        3,
        1,
        6,
        0
      ],
      [
        3,
        0,
        0,
        0,
        7
      ]
    ],
    "classification_report": {
      "NOR": {
        "precision": 0.375,
        "recall": 0.3,
        "f1-score": 0.3333333333333333,
        "support": 10.0
      },
      "DCM": {
        "precision": 0.5555555555555556,
        "recall": 0.5,
        "f1-score": 0.5263157894736842,
        "support": 10.0
      },
      "HCM": {
        "precision": 0.6666666666666666,
        "recall": 0.4,
        "f1-score": 0.5,
        "support": 10.0
      },
      "MINF": {
        "precision": 0.375,
        "recall": 0.6,
        "f1-score": 0.46153846153846156,
        "support": 10.0
      },
      "RV": {
        "precision": 0.6363636363636364,
        "recall": 0.7,
        "f1-score": 0.6666666666666666,
        "support": 10.0
      },
      "accuracy": 0.5,
      "macro avg": {
        "precision": 0.5217171717171717,
        "recall": 0.5,
        "f1-score": 0.49757085020242914,
        "support": 50.0
      },
      "weighted avg": {
        "precision": 0.5217171717171717,
        "recall": 0.5,
        "f1-score": 0.49757085020242914,
        "support": 50.0
      }
    },
    "probabilities": [
      [
        0.0001444248547914384,
        0.01025411234010468,
        2.460219040655584e-07,
        0.9896006378654586,
        5.789177413013595e-07
      ],
      [
        0.008167839024079648,
        0.00460096765852136,
        0.8870550574030183,
        0.00040585103947521106,
        0.09977028487490555
      ],
      [
        0.00026545311094541797,
        0.008780020318785367,
        0.0028421582438276083,
        0.9881121782084993,
        1.9011794230417343e-07
      ],
      [
        0.03081954814753392,
        0.0002056256036252108,
        0.8013128733423366,
        0.00010452555738092006,
        0.1675574273491235
      ],
      [
        0.24604455171519352,
        0.012162502525992852,
        0.7006653278603214,
        0.0004962312707623133,
        0.04063138662772981
      ],
      [
        0.0991500200424059,
        0.3215407271342926,
        2.9769354728927644e-06,
        0.0006805335269033501,
        0.5786257423609252
      ],
      [
        0.41661572772988525,
        3.6224258056798136e-05,
        1.6816323220545185e-06,
        0.5802473654889541,
        0.0030990008907819176
      ],
      [
        0.008809503835161468,
        0.03185339346777468,
        0.6574975542289045,
        0.30006529345430405,
        0.0017742550138552385
      ],
      [
        0.999999202248939,
        1.3621476826761226e-07,
        1.192596468592134e-11,
        6.531998848069335e-07,
        8.324481834143521e-09
      ],
      [
        0.16103786679730483,
        0.00125528374101307,
        4.255629251817355e-06,
        0.43480529039258553,
        0.40289730343984476
      ],
      [
        0.9652310478055026,
        7.385195625616156e-08,
        0.0002173350469060215,
        0.03455154254272773,
        7.529072042812813e-10
      ],
      [
        0.024043299975981425,
        0.007286640292797712,
        2.1199425501794706e-05,
        0.968414178671883,
        0.00023468163383619364
      ],
      [
        1.2536961404521786e-05,
        0.07408018810062597,
        4.3478185236517126e-08,
        0.9259070650526008,
        1.6640718337798246e-07
      ],
      [
        0.0076067300604147105,
        0.0014024993360702697,
        0.0032416058234395776,
        0.9767863800967518,
        0.010962784683323649
      ],
      [
        0.00027017337359925664,
        0.4299133598697617,
        0.0005356846320405646,
        0.28931438825242434,
        0.2799663938721742
      ],
      [
        9.886761852889996e-05,
        0.05673264323103817,
        0.22690623740482635,
        0.7151339148433992,
        0.0011283369022074036
      ],
      [
        1.5989088820531777e-07,
        1.2514354429333697e-05,
        1.2258030703080114e-13,
        0.9999873086165355,
        1.7138024399892333e-08
      ],
      [
        1.2229529551735068e-05,
        9.43092074643109e-06,
        4.007627204688934e-06,
        0.9999629759009011,
        1.135602159600579e-05
      ],
      [
        1.2633616551791612e-07,
        1.310499683579031e-05,
        4.1459375197075567e-07,
        1.1991941681123218e-11,
        0.9999863540612548
      ],
      [
        0.34788314514919944,
        2.9209145954213306e-05,
        0.2577735002562514,
        0.3754369672638085,
        0.018877178184786455
      ],
      [
        0.9701289829717638,
        1.8719781141856195e-06,
        2.7331975976934587e-08,
        0.029826637520322226,
        4.248019782378932e-05
      ],
      [
        1.4341831714729154e-07,
        0.971147445976178,
        1.8808070839434866e-07,
        0.028282470398782865,
        0.0005697521260139471
      ],
      [
        0.13923477748795604,
        9.430617318316721e-07,
        1.091766712127753e-05,
        0.8605142221817296,
        0.00023913960146124951
      ],
      [
        0.9464723866635785,
        5.166862533826839e-07,
        0.0009564500442422886,
        0.000323655015944093,
        0.052246991589981605
      ],
      [
        0.13638812113055387,
        1.2819524783372324e-06,
        0.000655716945141832,
        0.0012386165204326797,
        0.8617162634513932
      ],
      [
        7.177225218452467e-12,
        7.790095853520126e-08,
        7.384835512818648e-07,
        6.98564092489722e-06,
        0.999992197967388
      ],
      [
        2.212084518771875e-06,
        0.0009234219854250962,
        0.0016542565364977154,
        1.5293301414542338e-06,
        0.9974185800634169
      ],
      [
        0.9982149554996154,
        0.00020283521954685417,
        0.00015451184723864166,
        6.765350029491235e-05,
        0.0013600439333042566
      ],
      [
        4.901449768608259e-12,
        1.3646857581859184e-08,
        7.681449356142259e-09,
        6.49940260823603e-10,
        0.9999999780168514
      ],
      [
        0.9469102401764207,
        0.0017449012264951667,
        6.070749959023214e-07,
        0.043697198425970744,
        0.007647053096117602
      ],
      [
        0.01470588041398772,
        0.984853751068447,
        5.017378345601674e-09,
        0.0004219860671870364,
        1.8377433000055777e-05
      ],
      [
        0.061415560758110326,
        0.935457449761928,
        1.8269045858260986e-06,
        0.00311324709565093,
        1.1915479724898691e-05
      ],
      [
        0.0021797850338461065,
        0.9977182079246356,
        1.6186899342874525e-08,
        9.164608481795485e-05,
        1.034476980113113e-05
      ],
      [
        0.8427210585937863,
        0.014436511597617944,
        0.11335810979849055,
        4.402669826921535e-06,
        0.029479917340278352
      ],
      [
        0.00022012811379245638,
        0.010228003361686763,
        2.6127980578807955e-06,
        0.9889732571519979,
        0.0005759985744650124
      ],
      [
        6.011269054242104e-06,
        0.010504573634919469,
        2.7323404458792255e-09,
        0.9894893788499158,
        3.351377018958144e-08
      ],
      [
        0.0007530557292129783,
        0.9565323539027314,
        0.0004259572384018236,
        0.035237874048447165,
        0.007050759081206867
      ],
      [
        9.678568167831398e-05,
        0.00017368990258005896,
        0.011159202175897257,
        0.9885699733079452,
        3.4893189917444045e-07
      ],
      [
        0.00044366491190926,
        0.00957199953035793,
        3.739365203809674e-05,
        4.876976798378894e-05,
        0.9898981721377109
      ],
      [
        5.870068690589331e-10,
        0.07310486213196384,
        1.326583613118707e-06,
        3.763613840703267e-09,
        0.9268938069338023
      ],
      [
        2.1179617296914388e-07,
        0.4734060319700194,
        1.9786923065665245e-06,
        1.468303728246189e-05,
        0.5265770945042186
      ],
      [
        0.017711635519077524,
        0.00015385001926854097,
        0.9799745119192248,
        0.002122548767420215,
        3.745377500876213e-05
      ],
      [
        7.662983540672262e-08,
        4.999142085078517e-07,
        1.969570891834274e-09,
        0.9999994124824473,
        9.003937965411619e-09
      ],
      [
        0.9995075533843952,
        1.1549333935018525e-06,
        0.0004869282497315079,
        5.974145779900717e-09,
        4.357458333817329e-06
      ],
      [
        0.0006100673070938113,
        0.0032470606656771197,
        0.7251414374603297,
        0.24631159419697496,
        0.024689840369924394
      ],
      [
        8.817852189744441e-06,
        0.9885773929987339,
        0.0006225069167884947,
        0.008389277336336855,
        0.002402004895950939
      ],
      [
        7.4990251714228105e-06,
        0.005467662889893362,
        2.0960556327495567e-09,
        0.0006171753965338007,
        0.9939076605923457
      ],
      [
        0.0001363157488091227,
        0.8087660095506152,
        0.0001033294068687612,
        0.18590752551455106,
        0.005086819779155945
      ],
      [
        0.0020430732684750255,
        0.9969955805912138,
        3.366265929691828e-07,
        0.0006919760405527701,
        0.00026903347316517594
      ],
      [
        8.500849859933469e-08,
        2.4551995348149923e-08,
        5.611439564266835e-05,
        9.128461203645344e-09,
        0.9999437669154022
      ]
    ],
    "predictions": [
      3,
      2,
      3,
      2,
      2,
      4,
      3,
      2,
      0,
      3,
      0,
      3,
      3,
      3,
      1,
      3,
      3,
      3,
      4,
      3,
      0,
      1,
      3,
      0,
      4,
      4,
      4,
      0,
      4,
      0,
      1,
      1,
      1,
      0,
      3,
      3,
      1,
      3,
      4,
      4,
      4,
      2,
      3,
      0,
      2,
      1,
      4,
      1,
      1,
      4
    ],
    "true_labels": [
      1,
      0,
      3,
      2,
      2,
      1,
      0,
      2,
      4,
      0,
      2,
      3,
      1,
      2,
      3,
      2,
      1,
      3,
      4,
      3,
      4,
      1,
      0,
      4,
      0,
      4,
      4,
      0,
      4,
      0,
      1,
      1,
      1,
      2,
      3,
      1,
      3,
      2,
      0,
      4,
      4,
      2,
      3,
      0,
      3,
      2,
      4,
      3,
      1,
      0
    ],
    "patient_ids": [
      "patient101",
      "patient102",
      "patient103",
      "patient104",
      "patient105",
      "patient106",
      "patient107",
      "patient108",
      "patient109",
      "patient110",
      "patient111",
      "patient112",
      "patient113",
      "patient114",
      "patient115",
      "patient116",
      "patient117",
      "patient118",
      "patient119",
      "patient120",
      "patient121",
      "patient122",
      "patient123",
      "patient124",
      "patient125",
      "patient126",
      "patient127",
      "patient128",
      "patient129",
      "patient130",
      "patient131",
      "patient132",
      "patient133",
      "patient134",
      "patient135",
      "patient136",
      "patient137",
      "patient138",
      "patient139",
      "patient140",
      "patient141",
      "patient142",
      "patient143",
      "patient144",
      "patient145",
      "patient146",
      "patient147",
      "patient148",
      "patient149",
      "patient150"
    ]
  },
  "roc_auc": {
    "macro_auc": 0.8275,
    "per_class_auc": {
      "NOR": 0.75,
      "DCM": 0.845,
      "HCM": 0.915,
      "MINF": 0.8300000000000001,
      "RV": 0.7975
    }
  },
  "binary": {
    "accuracy": 0.76,
    "f1": 0.8536585365853658,
    "sensitivity": 0.875,
    "specificity": 0.3,
    "roc_auc": 0.75,
    "binary_labels": [
      1,
      0,
      1,
      1,
      1,
      1,
      0,
      1,
      1,
      0,
      1,
      1,
      1,
      1,
      1,
      1,
      1,
      1,
      1,
      1,
      1,
      1,
      0,
      1,
      0,
      1,
      1,
      0,
      1,
      0,
      1,
      1,
      1,
      1,
      1,
      1,
      1,
      1,
      0,
      1,
      1,
      1,
      1,
      0,
      1,
      1,
      1,
      1,
      1,
      0
    ],
    "binary_probs": [
      0.9998555751452085,
      0.9918321609759203,
      0.9997345468890546,
      0.969180451852466,
      0.7539554482848065,
      0.9008499799575941,
      0.5833842722701148,
      0.9911904961648386,
      7.977510609880056e-07,
      0.8389621332026952,
      0.03476895219449738,
      0.9759567000240186,
      0.9999874630385954,
      0.9923932699395853,
      0.9997298266264008,
      0.999901132381471,
      0.9999998401091118,
      0.9999877704704483,
      0.9999998736638345,
      0.6521168548508005,
      0.029871017028236246,
      0.9999998565816829,
      0.8607652225120439,
      0.05352761333642153,
      0.8636118788694461,
      0.9999999999928227,
      0.9999977879154812,
      0.001785044500384636,
      0.9999999999950986,
      0.05308975982357933,
      0.9852941195860123,
      0.9385844392418897,
      0.9978202149661539,
      0.15727894140621368,
      0.9997798718862075,
      0.9999939887309458,
      0.999246944270787,
      0.9999032143183216,
      0.9995563350880907,
      0.9999999994129931,
      0.9999997882038271,
      0.9822883644809225,
      0.9999999233701646,
      0.0004924466156047691,
      0.9993899326929062,
      0.9999911821478102,
      0.9999925009748286,
      0.9998636842511909,
      0.997956926731525,
      0.9999999149915014
    ]
  }
}
