{
  "config": {
    "dataset": "mnm2",
    "backbone": "cinema",
    "model_name": "cinema_pretrained",
    "eval_mode": "logreg",
    "freeze_backbone": true,
    "pooling": "gap",
    "embed_dim": 768,
    "best_hyperparam": 31.62277603149414,
    "hyperparam_name": "C",
    "num_classes": 6,
    "class_names": [
      "NOR",
      "HCM",
      "ARR",
      "CIA",
      "FALL",
      "LV"
    ]
  },
  "sweep_results": [
    {
      "param_value": 9.999999974752427e-07,
      "mean_cv_acc": 0.17857142857142858,
      "std_cv_acc": 0.0
    },
    {
      "param_value": 1.7782793975129607e-06,
      "mean_cv_acc": 0.17857142857142858,
      "std_cv_acc": 0.0
    },
    {
      "param_value": 3.1622776077711023e-06,
      "mean_cv_acc": 0.17857142857142858,
      "std_cv_acc": 0.0
    },
    {
      "param_value": 5.6234130170196295e-06,
      "mean_cv_acc": 0.17857142857142858,
      "std_cv_acc": 0.0
    },
    {
      "param_value": 9.999999747378752e-06,
      "mean_cv_acc": 0.17857142857142858,
      "std_cv_acc": 0.0
    },
    {
      "param_value": 1.778279329300858e-05,
      "mean_cv_acc": 0.21428571428571427,
      "std_cv_acc": 0.0
    },
    {
      "param_value": 3.162277789670043e-05,
      "mean_cv_acc": 0.25,
      "std_cv_acc": 0.0
    },
    {
      "param_value": 5.62341338081751e-05,
      "mean_cv_acc": 0.25,
      "std_cv_acc": 0.0
    },
    {
      "param_value": 9.999999747378752e-05,
      "mean_cv_acc": 0.25,
      "std_cv_acc": 0.0
    },
    {
      "param_value": 0.00017782794020604342,
      "mean_cv_acc": 0.32142857142857145,
      "std_cv_acc": 0.0
    },
    {
      "param_value": 0.0003162277571391314,
      "mean_cv_acc": 0.42857142857142855,
      "std_cv_acc": 0.0
    },
    {
      "param_value": 0.000562341301701963,
      "mean_cv_acc": 0.39285714285714285,
      "std_cv_acc": 0.0
    },
    {
      "param_value": 0.0010000000474974513,
      "mean_cv_acc": 0.4642857142857143,
      "std_cv_acc": 0.0
    },
    {
      "param_value": 0.0017782794311642647,
      "mean_cv_acc": 0.4642857142857143,
      "std_cv_acc": 0.0
    },
    {
      "param_value": 0.003162277629598975,
      "mean_cv_acc": 0.5,
      "std_cv_acc": 0.0
    },
    {
      "param_value": 0.005623413249850273,
      "mean_cv_acc": 0.5357142857142857,
      "std_cv_acc": 0.0
    },
    {
      "param_value": 0.009999999776482582,
      "mean_cv_acc": 0.5357142857142857,
      "std_cv_acc": 0.0
    },
    {
      "param_value": 0.017782794311642647,
      "mean_cv_acc": 0.6071428571428571,
      "std_cv_acc": 0.0
    },
    {
      "param_value": 0.03162277489900589,
      "mean_cv_acc": 0.6071428571428571,
      "std_cv_acc": 0.0
    },
    {
      "param_value": 0.05623413249850273,
      "mean_cv_acc": 0.6071428571428571,
      "std_cv_acc": 0.0
    },
    {
      "param_value": 0.10000000149011612,
      "mean_cv_acc": 0.6428571428571429,
      "std_cv_acc": 0.0
    },
    {
      "param_value": 0.17782793939113617,
      "mean_cv_acc": 0.6428571428571429,
      "std_cv_acc": 0.0
    },
    {
      "param_value": 0.3162277638912201,
      "mean_cv_acc": 0.6428571428571429,
      "std_cv_acc": 0.0
    },
    {
      "param_value": 0.5623413324356079,
      "mean_cv_acc": 0.6428571428571429,
      "std_cv_acc": 0.0
    },
    {
      "param_value": 1.0,
      "mean_cv_acc": 0.6428571428571429,
      "std_cv_acc": 0.0
    },
    {
      "param_value": 1.778279423713684,
      "mean_cv_acc": 0.6428571428571429,
      "std_cv_acc": 0.0
    },
    {
      "param_value": 3.1622776985168457,
      "mean_cv_acc": 0.6428571428571429,
      "std_cv_acc": 0.0
    },
    {
      "param_value": 5.6234130859375,
      "mean_cv_acc": 0.6428571428571429,
      "std_cv_acc": 0.0
    },
    {
      "param_value": 10.0,
      "mean_cv_acc": 0.6428571428571429,
      "std_cv_acc": 0.0
    },
    {
      "param_value": 17.782794952392578,
      "mean_cv_acc": 0.6428571428571429,
      "std_cv_acc": 0.0
    },
    {
      "param_value": 31.62277603149414,
      "mean_cv_acc": 0.6785714285714286,
      "std_cv_acc": 0.0
    },
    {
      "param_value": 56.234130859375,
      "mean_cv_acc": 0.6785714285714286,
      "std_cv_acc": 0.0
    },
    {
      "param_value": 100.0,
      "mean_cv_acc": 0.6785714285714286,
      "std_cv_acc": 0.0
    },
    {
      "param_value": 177.82794189453125,
      "mean_cv_acc": 0.6785714285714286,
      "std_cv_acc": 0.0
    },
    {
      "param_value": 316.2277526855469,
      "mean_cv_acc": 0.6785714285714286,
      "std_cv_acc": 0.0
    },
    {
      "param_value": 562.34130859375,
      "mean_cv_acc": 0.6785714285714286,
      "std_cv_acc": 0.0
    },
    {
      "param_value": 1000.0,
      "mean_cv_acc": 0.6785714285714286,
      "std_cv_acc": 0.0
    },
    {
      "param_value": 1778.2794189453125,
      "mean_cv_acc": 0.6785714285714286,
      "std_cv_acc": 0.0
    },
    {
      "param_value": 3162.277587890625,
      "mean_cv_acc": 0.6785714285714286,
      "std_cv_acc": 0.0
    },
    {
      "param_value": 5623.4130859375,
      "mean_cv_acc": 0.6785714285714286,
      "std_cv_acc": 0.0
    },
    {
      "param_value": 10000.0,
      "mean_cv_acc": 0.6785714285714286,
      "std_cv_acc": 0.0
    },
    {
      "param_value": 17782.794921875,
      "mean_cv_acc": 0.6785714285714286,
      "std_cv_acc": 0.0
    },
    {
      "param_value": 31622.77734375,
      "mean_cv_acc": 0.6785714285714286,
      "std_cv_acc": 0.0
    },
    {
      "param_value": 56234.1328125,
      "mean_cv_acc": 0.6785714285714286,
      "std_cv_acc": 0.0
    },
    {
      "param_value": 100000.0,
      "mean_cv_acc": 0.6785714285714286,
      "std_cv_acc": 0.0
    }
  ],
  "five_way": {
    "accuracy": 0.3611111111111111,
    "macro_f1": 0.3366985214256362,
    "macro_sensitivity": 0.36289855072463767,
    "macro_specificity": 0.8706003686615209,
    "per_class_sensitivity": {
      "NOR": 0.3,
      "HCM": 0.21739130434782608,
      "ARR": 0.1,
      "CIA": 0.4,
      "FALL": 0.6,
      "LV": 0.56
    },
    "per_class_specificity": {
      "NOR": 0.8333333333333334,
      "HCM": 0.9058823529411765,
      "ARR": 0.9387755102040817,
      "CIA": 0.7857142857142857,
      "FALL": 0.9285714285714286,
      "LV": 0.8313253012048193
    },
    "confusion_matrix": [
      [
        9,
        1,
        2,
        8,
        3,
        7
      ],
      [
        11,
        5,
        2,
        3,
        0,
        2
      ],
      [
        0,
        2,
        1,
        3,
        0,
        4
      ],
      [
        0,
        2,
        1,
        4,
        2,
        1
      ],
      [
        1,
        0,
        0,
        3,
        6,
        0
      ],
      [
        1,
        3,
        1,
        4,
        2,
        14
      ]
    ],
    "classification_report": {
      "NOR": {
        "precision": 0.4090909090909091,
        "recall": 0.3,
        "f1-score": 0.34615384615384615,
        "support": 30.0
      },
      "HCM": {
        "precision": 0.38461538461538464,
        "recall": 0.21739130434782608,
        "f1-score": 0.2777777777777778,
        "support": 23.0
      },
      "ARR": {
        "precision": 0.14285714285714285,
        "recall": 0.1,
        "f1-score": 0.11764705882352941,
        "support": 10.0
      },
      "CIA": {
        "precision": 0.16,
        "recall": 0.4,
        "f1-score": 0.22857142857142856,
        "support": 10.0
      },
      "FALL": {
        "precision": 0.46153846153846156,
        "recall": 0.6,
        "f1-score": 0.5217391304347826,
        "support": 10.0
      },
      "LV": {
        "precision": 0.5,
        "recall": 0.56,
        "f1-score": 0.5283018867924528,
        "support": 25.0
      },
      "accuracy": 0.3611111111111111,
      "macro avg": {
        "precision": 0.34301698301698297,
        "recall": 0.36289855072463767,
        "f1-score": 0.3366985214256362,
        "support": 108.0
      },
      "weighted avg": {
        "precision": 0.3820633070633071,
        "recall": 0.3611111111111111,
        "f1-score": 0.3579687742741944,
        "support": 108.0
      }
    },
    "probabilities": [
      [
        0.00021382173170181342,
        0.0010054055951230743,
        8.81753788540748e-06,
        0.6095528813839021,
        2.2172917722592137e-05,
        0.3891969008336652
      ],
      [
        2.1869148744860586e-05,
        0.8914643577768027,
        0.00011955962798576503,
        5.922273264381415e-06,
        0.0009977212672019056,
        0.10739056990600022
      ],
      [
        0.996859183242246,
        0.00010853091152945343,
        9.579322396638446e-06,
        0.0029487023484681004,
        6.283198580361801e-06,
        6.772097677967347e-05
      ],
      [
        0.9717969994946689,
        0.0049165842639799905,
        0.023278967839309724,
        1.5475767508915102e-06,
        1.8731324818871074e-07,
        5.713512042111686e-06
      ],
      [
        0.21321232735423032,
        0.0019751010820714004,
        0.0024942986873796617,
        0.7809360597671122,
        0.0013722438170843424,
        9.969292121983742e-06
      ],
      [
        0.9991823907250275,
        3.57936684361906e-09,
        2.149428397706602e-05,
        1.3067793187541958e-05,
        9.208766010661035e-07,
        0.0007821227418398699
      ],
      [
        0.999266512546715,
        3.605802617674149e-07,
        0.0007301897905451234,
        3.484478479293142e-08,
        2.4880177456685564e-06,
        4.142199476500337e-07
      ],
      [
        0.13333252794723052,
        3.1527437718911496e-05,
        0.07880544731828483,
        0.7877912985067526,
        6.5002923719918635e-06,
        3.269849764129316e-05
      ],
      [
        0.8676529443467689,
        2.9328459164222656e-06,
        0.00041382431031014187,
        1.5551600775678567e-06,
        0.13179115249102294,
        0.000137590845904176
      ],
      [
        0.859918936706705,
        0.00010588367998322438,
        0.0010711449248802351,
        0.13884366196221967,
        6.034811245400466e-05,
        2.4613757901693667e-08
      ],
      [
        0.08812140182780968,
        0.02303610156907991,
        0.0005003066878339009,
        0.059929437748843656,
        0.8260702015109823,
        0.0023425506554505767
      ],
      [
        0.9927677687232302,
        6.205678984748066e-06,
        0.0002228050615478358,
        0.00682907867690984,
        4.640159049259146e-06,
        0.00016950170027788049
      ],
      [
        5.94150390055071e-08,
        6.62106537535095e-05,
        0.0009250300237748825,
        1.4884936450831976e-05,
        0.9956369562170742,
        0.003356858753907382
      ],
      [
        0.04594818910090576,
        8.08002472486445e-05,
        9.06570077324655e-06,
        0.9495950619059607,
        6.67680979750792e-05,
        0.004300114947136376
      ],
      [
        0.009325607059402682,
        4.409505700528729e-06,
        0.00030174737500045695,
        0.9876020683551625,
        0.00032294864914027743,
        0.0024432190555935683
      ],
      [
        6.827361318431242e-06,
        3.1217516285421144e-06,
        3.7061364013735356e-05,
        0.004592175131594223,
        4.5547615369284896e-05,
        0.9953152667760757
      ],
      [
        0.637546865222579,
        1.6766129896252004e-07,
        2.9984904215749317e-06,
        0.009305641475275916,
        0.35252655111040726,
        0.0006177760400172571
      ],
      [
        1.5552426188931003e-06,
        5.303134696175737e-05,
        0.0007891074650752987,
        0.014447049140666772,
        2.255773086287869e-06,
        0.984707001031591
      ],
      [
        2.5048511178553318e-05,
        0.007526757719078918,
        0.6687613345190604,
        0.012106447709176514,
        0.31096694930799296,
        0.0006134622335127783
      ],
      [
        0.005883303836026384,
        0.01796519880853476,
        0.41038728393537527,
        0.500764002126696,
        0.05240575361968448,
        0.012594457673683107
      ],
      [
        0.028535072688612557,
        0.00031368589722684676,
        0.10936778174723381,
        0.017367770069684683,
        0.8410522498262218,
        0.0033634397710203125
      ],
      [
        0.047249869096406626,
        3.473314580094048e-05,
        0.036196582114847255,
        0.392425499128941,
        5.433790326934002e-05,
        0.5240389786107349
      ],
      [
        6.670573515728866e-07,
        0.0032728272831774857,
        0.3390466786623463,
        0.00012525021357047498,
        0.002534096980690688,
        0.6550204798028634
      ],
      [
        0.009534620833408324,
        0.0015511717766126885,
        0.8025963646214458,
        0.13603376807462075,
        0.008659541791340764,
        0.041624532902571704
      ],
      [
        2.008132352824413e-05,
        0.0006141311935773734,
        0.05748350447921045,
        0.0017324382434454905,
        0.1754068090743398,
        0.7647430356858987
      ],
      [
        2.439854325866997e-10,
        0.00010582691940788134,
        3.659107937641387e-08,
        8.430545369487045e-06,
        0.0040405296246121,
        0.9958451760755457
      ],
      [
        0.03328596772360378,
        0.05942793991292641,
        0.35187256591896066,
        0.003199048373412872,
        0.008678305483373271,
        0.543536172587723
      ],
      [
        0.3500148354973858,
        0.0009930151660666041,
        0.06786942812123496,
        0.5803684596757953,
        0.0003474978340448253,
        0.00040676370547256614
      ],
      [
        9.167742030414385e-05,
        1.0695456672594998e-05,
        0.012703890029568834,
        0.9854460173677384,
        5.893433752395918e-05,
        0.0016887853881922786
      ],
      [
        0.9811154977375348,
        0.00041147663829720695,
        0.0015255039466111375,
        0.01454991764526064,
        0.0019280999270151814,
        0.0004695041052810374
      ],
      [
        8.000677231477569e-06,
        0.38654461114380734,
        3.30111986916239e-05,
        0.4120691332852897,
        2.1729766044691298e-05,
        0.20132351392893522
      ],
      [
        7.003620238667267e-09,
        0.01140942287794588,
        0.002386520838703801,
        1.4965910778546481e-06,
        1.3557016727188371e-05,
        0.986188995671925
      ],
      [
        3.758572322126054e-06,
        0.930243005014866,
        0.0016305938453607502,
        2.8514209566220712e-05,
        3.385535410595109e-06,
        0.0680907428224741
      ],
      [
        0.0009391628691164331,
        1.778354464840041e-05,
        1.740909032627736e-05,
        0.0023584482490351527,
        0.00025582334492135577,
        0.9964113729019525
      ],
      [
        1.2311593265536701e-05,
        0.013705721586563264,
        0.937446991356205,
        0.0016704371343147669,
        3.217214241489133e-06,
        0.047161321115409924
      ],
      [
        7.5458698116679176e-06,
        9.227133404005409e-07,
        0.0003050531593346184,
        0.0008768053497908401,
        1.1654848940059583e-05,
        0.9987980180587825
      ],
      [
        7.152565821599075e-06,
        2.9953371771310764e-05,
        0.00265180010138934,
        0.004495205826751735,
        8.481549605710101e-08,
        0.99281580331877
      ],
      [
        5.598588841366321e-12,
        7.280673044120669e-08,
        1.6058638388510583e-09,
        9.349829116350304e-07,
        0.00010148056868990827,
        0.9998975100302055
      ],
      [
        5.220360012421623e-08,
        5.0833571806973e-09,
        1.897051705260137e-08,
        0.003867372418322667,
        1.4604941663391393e-06,
        0.9961310908300367
      ],
      [
        2.2436371183996418e-06,
        0.8714437232088633,
        8.774511526320572e-07,
        0.04983997811707482,
        0.00034471207645716547,
        0.07836846550933357
      ],
      [
        7.308747466098267e-06,
        0.25282392971948847,
        0.012311902429155985,
        0.0031072045643150124,
        0.004660235881762773,
        0.7270894186578116
      ],
      [
        6.638677034464354e-08,
        0.0007907441947331547,
        4.132176450433574e-07,
        9.205723435501648e-07,
        0.0006656015696619009,
        0.9985422540588461
      ],
      [
        0.0011910850363995628,
        0.0003067585812656653,
        0.00018751649841215124,
        0.0009531940582856676,
        0.9933924804419021,
        0.0039689653837349775
      ],
      [
        5.0038568349249524e-05,
        0.005191122140450052,
        0.01215792911263371,
        0.475285612444693,
        3.6625004328647807e-07,
        0.5073149314838308
      ],
      [
        3.2043019244956424e-11,
        5.712770607775741e-06,
        4.296783782433242e-12,
        1.1868741453006308e-06,
        5.954818482755527e-08,
        0.9999930407707223
      ],
      [
        0.004950611323937764,
        9.888594227586922e-06,
        7.724654882605407e-07,
        0.9949620811836554,
        6.766367689727369e-07,
        7.596979592211908e-05
      ],
      [
        5.828066161633566e-12,
        0.029462934664313267,
        4.7913410796362655e-06,
        0.00030917380490212015,
        0.9676726004313639,
        0.0025504997525130396
      ],
      [
        0.02966180676050246,
        0.07737805658161348,
        0.13972103034088038,
        0.7110869288457439,
        0.0012226489678673522,
        0.04092952850339254
      ],
      [
        0.00013689049451631074,
        0.8588151581402247,
        0.01088583550813067,
        3.3824715490410605e-05,
        0.010391664094929358,
        0.11973662704670876
      ],
      [
        2.8245848350647563e-07,
        0.0006111602298539245,
        0.00010858999694857212,
        0.004587617419309,
        0.0011627541433226088,
        0.9935295957520823
      ],
      [
        4.947248195431958e-06,
        0.005359765494150041,
        0.0006552470350069116,
        1.4454731646991159e-05,
        0.00044682621878890696,
        0.9935187592722117
      ],
      [
        0.9962792689251442,
        6.385649446978324e-09,
        3.1979753968201603e-10,
        0.0037200189665027835,
        4.991125306306274e-07,
        2.0629037532159418e-07
      ],
      [
        3.303865953449015e-11,
        0.0011542666042710528,
        1.3749531438141009e-06,
        1.5026579347340853e-08,
        0.013047287841895265,
        0.9857970555410719
      ],
      [
        0.002462560622928568,
        0.014941843294631073,
        1.878009052387375e-06,
        0.9248662194631434,
        0.0012124391771310933,
        0.05651505943311368
      ],
      [
        1.1440987039119335e-05,
        3.841808872226297e-08,
        7.036404102404267e-06,
        2.160828930706963e-05,
        0.13295053521473432,
        0.8670093406867283
      ],
      [
        0.13257527241992623,
        4.821596278125896e-07,
        0.8008701637765794,
        1.5753464778563597e-05,
        0.0665383268722995,
        1.3067885315521679e-09
      ],
      [
        0.006871455100958408,
        0.00017900668666965107,
        0.00016077354079636124,
        0.9007229959136457,
        0.08685474313386567,
        0.005211025624064208
      ],
      [
        0.01982152520943144,
        0.05868331819759135,
        0.028819795418220426,
        0.8759316628583795,
        0.01671996337205689,
        2.3734944320276248e-05
      ],
      [
        2.8487037355927774e-06,
        0.9977677776524643,
        8.307075102808852e-05,
        1.2820280378098288e-07,
        5.049164847398624e-05,
        0.002095683041494496
      ],
      [
        0.9952910986406436,
        8.843726528633979e-11,
        1.059243856462435e-06,
        0.004707841480219362,
        1.8573362170027274e-11,
        5.282697784013377e-10
      ],
      [
        0.9996455418832252,
        0.00021904731688625437,
        2.5910134144360785e-05,
        0.00010100381713007005,
        8.458528305849301e-06,
        3.832030814973676e-08
      ],
      [
        2.160634348086514e-06,
        0.0036403481624296638,
        1.7868781323776792e-06,
        5.667482884308787e-05,
        0.00015830358128728498,
        0.9961407259149595
      ],
      [
        0.030278165851182592,
        0.8637981004489209,
        0.02232176819787415,
        0.06929131753788205,
        0.014229082734425916,
        8.156522971428486e-05
      ],
      [
        0.998113544942783,
        0.0007456972351371461,
        1.9112784303095974e-06,
        0.000190376909867756,
        0.000948469619583473,
        1.4198369909149449e-11
      ],
      [
        9.2227523411917e-06,
        0.6984050299493428,
        3.5760813197012646e-06,
        0.2988241411404805,
        4.4564344150578354e-07,
        0.00275758443307426
      ],
      [
        0.46103588662309786,
        0.3972138623422746,
        4.573940336403838e-05,
        0.07505531369232353,
        1.5955703787034764e-09,
        0.0666491963433696
      ],
      [
        0.24212504705681706,
        0.0006997081173102695,
        0.01558631714068111,
        0.7415682987003764,
        2.040202100647929e-05,
        2.269638086437083e-07
      ],
      [
        0.15529698936436853,
        0.0604136568113358,
        0.43639255101151403,
        0.004520934510016869,
        0.3433750652779839,
        8.030247808041996e-07
      ],
      [
        3.7220031341403695e-14,
        0.00214910535997815,
        5.824671592035228e-06,
        1.9757424779212238e-07,
        5.85552331842207e-06,
        0.9978390168708264
      ],
      [
        0.7126264715461841,
        0.14172167693052226,
        0.0005567768607982882,
        0.10875491715415002,
        0.03634014366147878,
        1.3846866559918681e-08
      ],
      [
        0.969658032601784,
        0.026124243048926046,
        0.0002466247260515843,
        0.003966227412094264,
        4.754794240602378e-06,
        1.1741690356177277e-07
      ],
      [
        0.9154493740934542,
        0.01391078707275773,
        0.06563236141628821,
        0.0009218785749934659,
        0.004085496745832912,
        1.0209667351534068e-07
      ],
      [
        0.9945270278997528,
        0.00039904632649255913,
        0.002124493068685696,
        0.002927839438326136,
        2.1562691401383562e-05,
        3.057534125553726e-08
      ],
      [
        0.9656092883360172,
        0.033727350112203604,
        0.0004780570619221916,
        0.00015226231070633795,
        3.5537717316205256e-06,
        2.9488407419002794e-05
      ],
      [
        0.8918759121818642,
        0.07259124995337717,
        2.6368106156643374e-05,
        0.0006182829554827827,
        0.03488818199877156,
        4.804347506181771e-09
      ],
      [
        5.026843154067587e-05,
        0.9884889646955373,
        2.168854009039151e-06,
        0.003258025186549961,
        0.008191019483182734,
        9.553349180283839e-06
      ],
      [
        1.0131716872946049e-05,
        0.9803972799853967,
        0.015502054212860255,
        1.128142021492594e-06,
        0.0006711256292478376,
        0.0034182803136008346
      ],
      [
        0.8164761166664813,
        0.014131761158545973,
        0.05718012286391408,
        0.10620734477228644,
        0.006003685023972307,
        9.695147998066282e-07
      ],
      [
        1.0490105694357383e-05,
        0.005890602991998247,
        0.0042081177201448465,
        0.8729359805473885,
        0.006377795278675383,
        0.11057701335609865
      ],
      [
        9.931495484454388e-06,
        0.003108735679442041,
        1.3640250663329617e-12,
        0.9393183692873829,
        0.055585093966594896,
        0.0019778695697316726
      ],
      [
        0.04431879784300692,
        0.5181419889412323,
        1.9724608840243392e-06,
        0.4158761198617938,
        0.0003416831717631331,
        0.021319437721319855
      ],
      [
        4.2873658204739966e-11,
        1.74191483254428e-06,
        0.04391590479861126,
        0.01874269510501789,
        8.693133693067186e-05,
        0.9372527268017339
      ],
      [
        4.000089340630633e-09,
        0.0005574536159520652,
        4.433584984651093e-05,
        0.00013827629558880804,
        0.043739201915059825,
        0.9555207283234634
      ],
      [
        1.986579748637647e-09,
        0.030966072651777077,
        8.956776608669829e-07,
        2.1460877040115396e-05,
        1.1335246918753428e-05,
        0.9690002335600235
      ],
      [
        0.16323919364074505,
        0.03339497042337291,
        0.0008890269330996676,
        0.7934112619832725,
        3.2210490201884913e-07,
        0.009065224914607959
      ],
      [
        3.492601919526559e-13,
        6.08925020359698e-06,
        3.0817092499820467e-07,
        8.32206508741807e-08,
        8.847719014622591e-05,
        0.9999050421677251
      ],
      [
        2.627187565835154e-07,
        0.9487895716287413,
        0.05067125168387061,
        0.0003132039664427428,
        9.456573426566631e-05,
        0.00013114426792322378
      ],
      [
        0.00354387877342681,
        0.44518251572760903,
        0.5433017022810863,
        0.00018129241196326873,
        1.4588657869581275e-05,
        0.00777602214804513
      ],
      [
        1.5337466581752542e-05,
        7.752264307143631e-07,
        9.720008312839134e-08,
        0.0017099867837511546,
        0.9982738022084788,
        1.1146744503721647e-09
      ],
      [
        1.1139459422593325e-05,
        1.3704346583264357e-06,
        3.438432871655452e-08,
        3.006219812206855e-08,
        0.999987404358393,
        2.1300999427937426e-08
      ],
      [
        4.3687431803121576e-08,
        1.1766821246465644e-06,
        2.1461769131386093e-08,
        7.988729157291638e-06,
        0.9999907014121981,
        6.802731889594164e-08
      ],
      [
        0.0003414376477307648,
        0.002809313611334338,
        7.33905306659123e-05,
        0.11873572973632686,
        0.8779797759518706,
        6.035252207159402e-05
      ],
      [
        0.16389519818166742,
        0.03510376792144966,
        1.4281413521579317e-05,
        0.4986419346963655,
        0.013520485649350303,
        0.2888243321376454
      ],
      [
        0.0003430308659329561,
        0.007193533375821917,
        0.0041025123802791285,
        0.0016841868996896583,
        0.9716810803988529,
        0.014995656079423368
      ],
      [
        0.02095353256859746,
        2.2494128121907833e-05,
        0.002482356567526739,
        0.011671316166378402,
        0.9647936144461555,
        7.668612321990123e-05
      ],
      [
        0.6183186963575346,
        9.179815472835776e-11,
        3.8999770366844356e-08,
        0.3731633491855649,
        0.008517908477715594,
        6.887616372286475e-09
      ],
      [
        0.00012446444124505841,
        0.003296531893917912,
        6.151272469585076e-05,
        0.909339062576901,
        0.07963756344203299,
        0.007540864921207303
      ],
      [
        1.011135275789579e-06,
        6.711360954418922e-07,
        2.365101156705767e-07,
        0.9999955511671441,
        2.1178545901403965e-06,
        4.121967788670617e-07
      ],
      [
        1.7727194954009181e-06,
        0.9273234794499432,
        0.03988026721685559,
        0.01910296787541756,
        3.0772114929782457e-06,
        0.01368843552679496
      ],
      [
        0.011938123732091558,
        0.003911815882705516,
        0.4984291897170081,
        0.48470101344451466,
        0.0008707447942705923,
        0.00014911242940930737
      ],
      [
        3.3797536498790657e-06,
        0.9999538874093704,
        8.048955382238344e-07,
        8.719597411338498e-08,
        4.1347354532870085e-05,
        4.933909344795458e-07
      ],
      [
        0.0015333366230998221,
        2.5175099799799334e-05,
        6.2331111050768534e-06,
        0.9960562086329551,
        0.0023790431337575796,
        3.3992824498534635e-09
      ],
      [
        2.697603122530249e-07,
        2.2956198171593287e-10,
        1.9743754845049584e-06,
        0.6963708223777115,
        0.06332438461238381,
        0.2403025486445458
      ],
      [
        5.0674569745552524e-08,
        1.3558043970652347e-07,
        4.1332347789417035e-06,
        0.9994977288603688,
        4.250194043691159e-05,
        0.0004554497094059628
      ],
      [
        0.0015215314926973365,
        0.05656186081500383,
        0.002363836024146806,
        0.014284522012897047,
        0.001309060314288333,
        0.9239591893409665
      ],
      [
        8.315968573904164e-05,
        0.03894002294595448,
        0.0026350642887793467,
        0.821850026913698,
        0.0006254829675800429,
        0.135866243198249
      ],
      [
        0.0061570404634448146,
        1.0453793903386755e-06,
        0.0011919783651308984,
        0.041619421754151564,
        0.9476851606594677,
        0.003345353378414817
      ],
      [
        0.008001758762140454,
        2.417275849393133e-06,
        2.2893241745964442e-06,
        0.001817609159619102,
        0.990168030724479,
        7.89475373728954e-06
      ]
    ],
    "predictions": [
      3,
      1,
      0,
      0,
      3,
      0,
      0,
      3,
      0,
      0,
      4,
      0,
      4,
      3,
      3,
      5,
      0,
      5,
      2,
      3,
      4,
      5,
      5,
      2,
      5,
      5,
      5,
      3,
      3,
      0,
      3,
      5,
      1,
      5,
      2,
      5,
      5,
      5,
      5,
      1,
      5,
      5,
      4,
      5,
      5,
      3,
      4,
      3,
      1,
      5,
      5,
      0,
      5,
      3,
      5,
      2,
      3,
      3,
      1,
      0,
      0,
      5,
      1,
      0,
      1,
      0,
      3,
      2,
      5,
      0,
      0,
      0,
      0,
      0,
      0,
      1,
      1,
      0,
      3,
      3,
      1,
      5,
      5,
      5,
      3,
      5,
      1,
      2,
      4,
      4,
      4,
      4,
      3,
      4,
      4,
      0,
      3,
      3,
      1,
      2,
      1,
      3,
      3,
      3,
      5,
      3,
      4,
      4
    ],
    "true_labels": [
      0,
      0,
      0,
      0,
      0,
      0,
      0,
      0,
      0,
      0,
      0,
      0,
      0,
      0,
      0,
      0,
      0,
      0,
      0,
      0,
      0,
      0,
      0,
      0,
      0,
      0,
      0,
      0,
      0,
      0,
      5,
      5,
      5,
      5,
      5,
      5,
      5,
      5,
      5,
      5,
      5,
      5,
      5,
      5,
      5,
      5,
      5,
      5,
      5,
      5,
      5,
      5,
      5,
      5,
      5,
      1,
      1,
      1,
      1,
      1,
      1,
      1,
      1,
      1,
      1,
      1,
      1,
      1,
      1,
      1,
      1,
      1,
      1,
      1,
      1,
      1,
      1,
      1,
      2,
      2,
      2,
      2,
      2,
      2,
      2,
      2,
      2,
      2,
      4,
      4,
      4,
      4,
      4,
      4,
      4,
      4,
      4,
      4,
      3,
      3,
      3,
      3,
      3,
      3,
      3,
      3,
      3,
      3
    ],
    "patient_ids": [
      "201",
      "202",
      "203",
      "204",
      "205",
      "206",
      "207",
      "208",
      "209",
      "210",
      "211",
      "212",
      "213",
      "214",
      "215",
      "216",
      "217",
      "218",
      "219",
      "220",
      "221",
      "222",
      "223",
      "224",
      "225",
      "226",
      "227",
      "228",
      "229",
      "230",
      "231",
      "232",
      "233",
      "234",
      "235",
      "236",
      "237",
      "238",
      "239",
      "240",
      "241",
      "242",
      "243",
      "244",
      "245",
      "246",
      "247",
      "248",
      "249",
      "250",
      "251",
      "252",
      "253",
      "254",
      "255",
      "256",
      "257",
      "258",
      "259",
      "260",
      "261",
      "262",
      "264",
      "265",
      "266",
      "267",
      "269",
      "270",
      "271",
      "272",
      "273",
      "274",
      "275",
      "276",
      "277",
      "278",
      "279",
      "280",
      "281",
      "282",
      "283",
      "284",
      "285",
      "286",
      "287",
      "288",
      "289",
      "290",
      "291",
      "292",
      "293",
      "294",
      "295",
      "296",
      "297",
      "298",
      "299",
      "300",
      "301",
      "302",
      "303",
      "304",
      "305",
      "306",
      "307",
      "308",
      "309",
      "310"
    ]
  },
  "roc_auc": {
    "macro_auc": 0.6954997912987709,
    "per_class_auc": {
      "NOR": 0.6717948717948717,
      "HCM": 0.6936061381074169,
      "ARR": 0.47857142857142854,
      "CIA": 0.6846938775510205,
      "FALL": 0.8346938775510204,
      "LV": 0.8096385542168675
    }
  },
  "binary": {
    "accuracy": 0.6944444444444444,
    "f1": 0.8,
    "sensitivity": 0.8461538461538461,
    "specificity": 0.3,
    "roc_auc": 0.6717948717948717,
    "binary_labels": [
      0,
      0,
      0,
      0,
      0,
      0,
      0,
      0,
      0,
      0,
      0,
      0,
      0,
      0,
      0,
      0,
      0,
      0,
      0,
      0,
      0,
      0,
      0,
      0,
      0,
      0,
      0,
      0,
      0,
      0,
      1,
      1,
      1,
      1,
      1,
      1,
      1,
      1,
      1,
      1,
      1,
      1,
      1,
      1,
      1,
      1,
      1,
      1,
      1,
      1,
      1,
      1,
      1,
      1,
      1,
      1,
      1,
      1,
      1,
      1,
      1,
      1,
      1,
      1,
      1,
      1,
      1,
      1,
      1,
      1,
      1,
      1,
      1,
      1,
      1,
      1,
      1,
      1,
      1,
      1,
      1,
      1,
      1,
      1,
      1,
      1,
      1,
      1,
      1,
      1,
      1,
      1,
      1,
      1,
      1,
      1,
      1,
      1,
      1,
      1,
      1,
      1,
      1,
      1,
      1,
      1,
      1,
      1
    ],
    "binary_probs": [
      0.9997861782682982,
      0.9999781308512551,
      0.003140816757754017,
      0.02820300050533109,
      0.7867876726457697,
      0.0008176092749725417,
      0.0007334874532850533,
      0.8666674720527695,
      0.13234705565323113,
      0.14008106329329495,
      0.9118785981721903,
      0.007232231276769752,
      0.999999940584961,
      0.9540518108990942,
      0.9906743929405973,
      0.9999931726386816,
      0.362453134777421,
      0.9999984447573811,
      0.9999749514888214,
      0.9941166961639736,
      0.9714649273113874,
      0.9527501309035934,
      0.9999993329426484,
      0.9904653791665917,
      0.9999799186764717,
      0.9999999997560146,
      0.9667140322763962,
      0.6499851645026142,
      0.9999083225796959,
      0.018884502262465186,
      0.9999919993227685,
      0.9999999929963798,
      0.9999962414276778,
      0.9990608371308836,
      0.9999876884067345,
      0.9999924541301883,
      0.9999928474341784,
      0.9999999999944014,
      0.9999999477963999,
      0.9999977563628816,
      0.9999926912525339,
      0.9999999336132297,
      0.9988089149636005,
      0.9999499614316507,
      0.999999999967957,
      0.9950493886760622,
      0.9999999999941719,
      0.9703381932394975,
      0.9998631095054837,
      0.9999997175415165,
      0.9999950527518046,
      0.003720731074855821,
      0.9999999999669613,
      0.9975374393770714,
      0.9999885590129609,
      0.8674247275800737,
      0.9931285448990416,
      0.9801784747905685,
      0.9999971512962644,
      0.004708901359356421,
      0.000354458116774814,
      0.9999978393656519,
      0.9697218341488174,
      0.0018864550572169625,
      0.9999907772476588,
      0.5389641133769021,
      0.757874952943183,
      0.8447030106356315,
      0.9999999999999628,
      0.2873735284538159,
      0.03034196739821604,
      0.08455062590654583,
      0.00547297210024722,
      0.034390711663982776,
      0.10812408781813576,
      0.9999497315684593,
      0.9999898682831271,
      0.18352388333351866,
      0.9999895098943057,
      0.9999900685045156,
      0.955681202156993,
      0.9999999999571263,
      0.9999999959999106,
      0.9999999980134202,
      0.836760806359255,
      0.9999999999996507,
      0.9999997372812434,
      0.9964561212265732,
      0.9999846625334182,
      0.9999888605405775,
      0.9999999563125682,
      0.9996585623522692,
      0.8361048018183326,
      0.9996569691340671,
      0.9790464674314026,
      0.38168130364246544,
      0.999875535558755,
      0.9999989888647242,
      0.9999982272805046,
      0.9880618762679084,
      0.9999966202463502,
      0.9984666633769002,
      0.9999997302396878,
      0.9999999493254302,
      0.9984784685073027,
      0.999916840314261,
      0.9938429595365552,
      0.9919982412378595
    ]
  }
}