{
  "config": {
    "dataset": "mnm2",
    "backbone": "cinema",
    "model_name": "cinema_pretrained",
    "eval_mode": "logreg",
    "pooling": "cls",
    "embed_dim": 768,
    "best_hyperparam": 0.5623413324356079,
    "hyperparam_name": "C",
    "num_classes": 6,
    "class_names": [
      "NOR",
      "HCM",
      "ARR",
      "CIA",
      "FALL",
      "LV"
    ]
  },
  "sweep_results": [
    {
      "param_value": 9.999999974752427e-07,
      "mean_cv_acc": 0.17857142857142858,
      "std_cv_acc": 0.0
    },
    {
      "param_value": 1.7782793975129607e-06,
      "mean_cv_acc": 0.17857142857142858,
      "std_cv_acc": 0.0
    },
    {
      "param_value": 3.1622776077711023e-06,
      "mean_cv_acc": 0.17857142857142858,
      "std_cv_acc": 0.0
    },
    {
      "param_value": 5.6234130170196295e-06,
      "mean_cv_acc": 0.17857142857142858,
      "std_cv_acc": 0.0
    },
    {
      "param_value": 9.999999747378752e-06,
      "mean_cv_acc": 0.17857142857142858,
      "std_cv_acc": 0.0
    },
    {
      "param_value": 1.778279329300858e-05,
      "mean_cv_acc": 0.17857142857142858,
      "std_cv_acc": 0.0
    },
    {
      "param_value": 3.162277789670043e-05,
      "mean_cv_acc": 0.25,
      "std_cv_acc": 0.0
    },
    {
      "param_value": 5.62341338081751e-05,
      "mean_cv_acc": 0.25,
      "std_cv_acc": 0.0
    },
    {
      "param_value": 9.999999747378752e-05,
      "mean_cv_acc": 0.25,
      "std_cv_acc": 0.0
    },
    {
      "param_value": 0.00017782794020604342,
      "mean_cv_acc": 0.32142857142857145,
      "std_cv_acc": 0.0
    },
    {
      "param_value": 0.0003162277571391314,
      "mean_cv_acc": 0.35714285714285715,
      "std_cv_acc": 0.0
    },
    {
      "param_value": 0.000562341301701963,
      "mean_cv_acc": 0.39285714285714285,
      "std_cv_acc": 0.0
    },
    {
      "param_value": 0.0010000000474974513,
      "mean_cv_acc": 0.5,
      "std_cv_acc": 0.0
    },
    {
      "param_value": 0.0017782794311642647,
      "mean_cv_acc": 0.5357142857142857,
      "std_cv_acc": 0.0
    },
    {
      "param_value": 0.003162277629598975,
      "mean_cv_acc": 0.5357142857142857,
      "std_cv_acc": 0.0
    },
    {
      "param_value": 0.005623413249850273,
      "mean_cv_acc": 0.5357142857142857,
      "std_cv_acc": 0.0
    },
    {
      "param_value": 0.009999999776482582,
      "mean_cv_acc": 0.5357142857142857,
      "std_cv_acc": 0.0
    },
    {
      "param_value": 0.017782794311642647,
      "mean_cv_acc": 0.5714285714285714,
      "std_cv_acc": 0.0
    },
    {
      "param_value": 0.03162277489900589,
      "mean_cv_acc": 0.5714285714285714,
      "std_cv_acc": 0.0
    },
    {
      "param_value": 0.05623413249850273,
      "mean_cv_acc": 0.5714285714285714,
      "std_cv_acc": 0.0
    },
    {
      "param_value": 0.10000000149011612,
      "mean_cv_acc": 0.6071428571428571,
      "std_cv_acc": 0.0
    },
    {
      "param_value": 0.17782793939113617,
      "mean_cv_acc": 0.6071428571428571,
      "std_cv_acc": 0.0
    },
    {
      "param_value": 0.3162277638912201,
      "mean_cv_acc": 0.6071428571428571,
      "std_cv_acc": 0.0
    },
    {
      "param_value": 0.5623413324356079,
      "mean_cv_acc": 0.6428571428571429,
      "std_cv_acc": 0.0
    },
    {
      "param_value": 1.0,
      "mean_cv_acc": 0.6071428571428571,
      "std_cv_acc": 0.0
    },
    {
      "param_value": 1.778279423713684,
      "mean_cv_acc": 0.6071428571428571,
      "std_cv_acc": 0.0
    },
    {
      "param_value": 3.1622776985168457,
      "mean_cv_acc": 0.6071428571428571,
      "std_cv_acc": 0.0
    },
    {
      "param_value": 5.6234130859375,
      "mean_cv_acc": 0.6071428571428571,
      "std_cv_acc": 0.0
    },
    {
      "param_value": 10.0,
      "mean_cv_acc": 0.6071428571428571,
      "std_cv_acc": 0.0
    },
    {
      "param_value": 17.782794952392578,
      "mean_cv_acc": 0.6071428571428571,
      "std_cv_acc": 0.0
    },
    {
      "param_value": 31.62277603149414,
      "mean_cv_acc": 0.6071428571428571,
      "std_cv_acc": 0.0
    },
    {
      "param_value": 56.234130859375,
      "mean_cv_acc": 0.6071428571428571,
      "std_cv_acc": 0.0
    },
    {
      "param_value": 100.0,
      "mean_cv_acc": 0.6071428571428571,
      "std_cv_acc": 0.0
    },
    {
      "param_value": 177.82794189453125,
      "mean_cv_acc": 0.6428571428571429,
      "std_cv_acc": 0.0
    },
    {
      "param_value": 316.2277526855469,
      "mean_cv_acc": 0.6428571428571429,
      "std_cv_acc": 0.0
    },
    {
      "param_value": 562.34130859375,
      "mean_cv_acc": 0.6428571428571429,
      "std_cv_acc": 0.0
    },
    {
      "param_value": 1000.0,
      "mean_cv_acc": 0.6428571428571429,
      "std_cv_acc": 0.0
    },
    {
      "param_value": 1778.2794189453125,
      "mean_cv_acc": 0.6428571428571429,
      "std_cv_acc": 0.0
    },
    {
      "param_value": 3162.277587890625,
      "mean_cv_acc": 0.6428571428571429,
      "std_cv_acc": 0.0
    },
    {
      "param_value": 5623.4130859375,
      "mean_cv_acc": 0.6428571428571429,
      "std_cv_acc": 0.0
    },
    {
      "param_value": 10000.0,
      "mean_cv_acc": 0.6428571428571429,
      "std_cv_acc": 0.0
    },
    {
      "param_value": 17782.794921875,
      "mean_cv_acc": 0.6428571428571429,
      "std_cv_acc": 0.0
    },
    {
      "param_value": 31622.77734375,
      "mean_cv_acc": 0.6428571428571429,
      "std_cv_acc": 0.0
    },
    {
      "param_value": 56234.1328125,
      "mean_cv_acc": 0.6428571428571429,
      "std_cv_acc": 0.0
    },
    {
      "param_value": 100000.0,
      "mean_cv_acc": 0.6428571428571429,
      "std_cv_acc": 0.0
    }
  ],
  "five_way": {
    "accuracy": 0.3611111111111111,
    "macro_f1": 0.3316632784663475,
    "macro_sensitivity": 0.36632850241545895,
    "macro_specificity": 0.8693237134211115,
    "per_class_sensitivity": {
      "NOR": 0.26666666666666666,
      "HCM": 0.391304347826087,
      "ARR": 0.1,
      "CIA": 0.3,
      "FALL": 0.7,
      "LV": 0.44
    },
    "per_class_specificity": {
      "NOR": 0.8333333333333334,
      "HCM": 0.9176470588235294,
      "ARR": 0.9795918367346939,
      "CIA": 0.8979591836734694,
      "FALL": 0.8163265306122449,
      "LV": 0.7710843373493976
    },
    "confusion_matrix": [
      [
        8,
        1,
        0,
        4,
        6,
        11
      ],
      [
        8,
        9,
        0,
        0,
        4,
        2
      ],
      [
        1,
        2,
        1,
        1,
        0,
        5
      ],
      [
        3,
        1,
        0,
        3,
        2,
        1
      ],
      [
        0,
        1,
        0,
        2,
        7,
        0
      ],
      [
        1,
        2,
        2,
        3,
        6,
        11
      ]
    ],
    "classification_report": {
      "NOR": {
        "precision": 0.38095238095238093,
        "recall": 0.26666666666666666,
        "f1-score": 0.3137254901960784,
        "support": 30.0
      },
      "HCM": {
        "precision": 0.5625,
        "recall": 0.391304347826087,
        "f1-score": 0.46153846153846156,
        "support": 23.0
      },
      "ARR": {
        "precision": 0.3333333333333333,
        "recall": 0.1,
        "f1-score": 0.15384615384615385,
        "support": 10.0
      },
      "CIA": {
        "precision": 0.23076923076923078,
        "recall": 0.3,
        "f1-score": 0.2608695652173913,
        "support": 10.0
      },
      "FALL": {
        "precision": 0.28,
        "recall": 0.7,
        "f1-score": 0.4,
        "support": 10.0
      },
      "LV": {
        "precision": 0.36666666666666664,
        "recall": 0.44,
        "f1-score": 0.4,
        "support": 25.0
      },
      "accuracy": 0.3611111111111111,
      "macro avg": {
        "precision": 0.3590369352869353,
        "recall": 0.36632850241545895,
        "f1-score": 0.3316632784663475,
        "support": 108.0
      },
      "weighted avg": {
        "precision": 0.38864596052096045,
        "recall": 0.3611111111111111,
        "f1-score": 0.35346580103613356,
        "support": 108.0
      }
    },
    "probabilities": [
      [
        0.000832337320692567,
        0.0030652271176751776,
        4.026914017763088e-05,
        0.19514005529194836,
        0.0013133732111672944,
        0.7996087379183391
      ],
      [
        0.05235669068902367,
        0.10739420075524307,
        0.05665272204783731,
        0.010721243160671957,
        0.03395363819673854,
        0.7389215051504855
      ],
      [
        0.9870482446928807,
        2.847835778670555e-06,
        4.416110156568237e-06,
        0.012750107531856928,
        5.39674578524899e-05,
        0.0001404163714747541
      ],
      [
        0.6317543153587343,
        0.04289315950435541,
        0.3231637242164399,
        0.0016790206749151624,
        6.084038660288474e-05,
        0.0004489398589523136
      ],
      [
        0.42306108627137745,
        0.0003691037641722966,
        0.00028848009940624195,
        0.5711236883039582,
        0.00513352185769802,
        2.411970338764233e-05
      ],
      [
        0.2181793041490991,
        0.0014704348857946328,
        0.00012043448116002359,
        0.011794843539950318,
        0.004212593997040873,
        0.7642223889469549
      ],
      [
        0.999989600419636,
        2.2262129601147855e-07,
        1.1933313504326853e-06,
        7.18632199394982e-07,
        7.495906176587753e-06,
        7.690893417208884e-07
      ],
      [
        0.5721616825079134,
        0.00020562697884000467,
        0.001247921015843873,
        0.4237763253398066,
        0.0017863793268220736,
        0.0008220648307739952
      ],
      [
        0.36387923323602267,
        0.00014764173745595246,
        0.00014141739196934245,
        2.1306677054687748e-05,
        0.6353146679731146,
        0.0004957329843826501
      ],
      [
        0.9956728008511905,
        0.0027832002690560227,
        3.700728419426885e-05,
        0.0013577921551464318,
        0.00014887714851796242,
        3.222918946650263e-07
      ],
      [
        0.17072569431076617,
        0.013811564422251107,
        0.00036310064017116574,
        0.03732156586767605,
        0.739231552698047,
        0.038546522061088426
      ],
      [
        0.6971578568176197,
        0.004280925896554472,
        0.010260631312575206,
        0.1905429018016143,
        0.05294321026963677,
        0.044814473901999635
      ],
      [
        0.0031986671342338537,
        0.07293173420851273,
        0.0005320160816199341,
        0.09864772449331283,
        0.14843302201977465,
        0.6762568360625459
      ],
      [
        0.0513885554215013,
        0.0002513506356215841,
        0.00023472730780701453,
        0.8649020172315813,
        0.0667344309091058,
        0.01648891849438315
      ],
      [
        0.046325968701762726,
        0.0022618633687306717,
        0.023248156223798916,
        0.3137106064196266,
        0.35995485831006846,
        0.2544985469760126
      ],
      [
        0.00014140493374495706,
        0.00011384196126905628,
        8.808646249597548e-06,
        0.002146229682900608,
        0.0021921065162613515,
        0.9953976082595745
      ],
      [
        0.6524461462496464,
        8.971406921487045e-05,
        1.0633407776053383e-05,
        0.003647891738075508,
        0.3392743297220136,
        0.0045312848132736195
      ],
      [
        0.00024755379551252176,
        0.0015012249793843963,
        0.0026393262087097526,
        0.033288315874718484,
        0.004045856161306459,
        0.9582777229803684
      ],
      [
        0.026376218451534796,
        0.04393530183050666,
        0.005618617777353339,
        0.1585784052698551,
        0.6316417622207008,
        0.13384969445004935
      ],
      [
        0.01000803693169026,
        0.05994998523174284,
        0.016084808684883763,
        0.30843558025578016,
        0.2888055543150784,
        0.31671603458082453
      ],
      [
        0.012409795301167148,
        0.0019093786374111477,
        0.0004504382615370526,
        0.16417429182886337,
        0.760451501301274,
        0.06060459466974726
      ],
      [
        0.10525143143493497,
        0.006533475281530286,
        0.0017587260648396596,
        0.5489291248237771,
        0.006998109509572073,
        0.3305291328853459
      ],
      [
        0.0003515437540403738,
        0.07145682958557208,
        0.05547888438192705,
        0.03952459008569495,
        0.09453244396653954,
        0.7386557082262261
      ],
      [
        0.023081791994594387,
        0.03199108387293766,
        0.08005490926742827,
        0.13148449980604135,
        0.16564172257096066,
        0.5677459924880376
      ],
      [
        0.0002691534933567983,
        0.0013555884991715988,
        0.002495136614307156,
        0.009288423019430907,
        0.8984885245136526,
        0.08810317386008093
      ],
      [
        2.9327352610510153e-06,
        0.5298618105888268,
        1.9728215890705332e-05,
        0.015805361416002542,
        0.00035899931636262494,
        0.45395116772765626
      ],
      [
        0.04376201866366871,
        0.02175484193541774,
        0.19236533769229688,
        0.009785377270890088,
        0.027388886584767895,
        0.7049435378529586
      ],
      [
        0.27802925506034415,
        0.006308501758740846,
        0.01023569998832164,
        0.6460961795091532,
        0.02487362748881017,
        0.03445673619462999
      ],
      [
        0.1337704890707644,
        0.009027291111156348,
        0.15355935357660982,
        0.06645029879685134,
        0.05290382930198559,
        0.5842887381426326
      ],
      [
        0.48811555393683376,
        0.012530447482679908,
        0.0008887439502076313,
        0.09053492741552079,
        0.10547818670193748,
        0.3024521405128204
      ],
      [
        8.902109136156079e-05,
        0.31463490969392705,
        0.0017925435060786024,
        0.03339429824310385,
        0.0021345339459876607,
        0.6479546935195412
      ],
      [
        3.5970286480651345e-05,
        0.017779293665681747,
        0.004782808358608185,
        0.0009638645079952838,
        0.0009223628365980412,
        0.9755157003446361
      ],
      [
        0.006378581402335939,
        0.39343677532213456,
        0.007805123122067029,
        0.01920662549124105,
        0.03763632394507606,
        0.5355365707171454
      ],
      [
        0.027760541453535913,
        0.0006268305517419965,
        0.0006879607772055309,
        0.04474188958581656,
        0.08878829313073103,
        0.837394484500969
      ],
      [
        0.00014881999879465333,
        0.06261728718590161,
        0.46144521749173695,
        0.0008795343866342973,
        0.0006385287176346603,
        0.47427061221929795
      ],
      [
        1.6278362415384204e-05,
        0.012045865619511185,
        0.00018570706927497003,
        0.008056001600869807,
        0.010655950611730846,
        0.9690401967361977
      ],
      [
        0.00021215682930207343,
        0.0002617042790315929,
        0.5073439291539066,
        0.01955240868738888,
        5.2695311930707734e-05,
        0.4725771057384402
      ],
      [
        2.293724937793849e-06,
        0.006747690892261375,
        6.297047539550346e-07,
        0.003741678255473047,
        0.7329084965661066,
        0.2565992108564672
      ],
      [
        5.181980423689621e-07,
        0.008045058703286607,
        6.7384073187741e-08,
        0.005888439281097901,
        0.0013710349410660436,
        0.9846948814924339
      ],
      [
        1.5559935725968648e-05,
        0.7275742192041673,
        0.0003670133751492484,
        0.007893722134986769,
        0.0005695920496586769,
        0.26357989330031184
      ],
      [
        5.328736668298375e-05,
        0.30550769210240275,
        0.003968512282339026,
        0.08493241557522709,
        0.28966598330713067,
        0.31587210936621757
      ],
      [
        4.959237929038228e-06,
        0.06361025660224733,
        6.154283221444939e-05,
        0.00018125942324149306,
        0.010416062314111598,
        0.9257259195902561
      ],
      [
        0.002722353012184304,
        0.004492512052878763,
        0.0002185272137604114,
        0.023382443446000403,
        0.9004627798639488,
        0.06872138441122738
      ],
      [
        6.0250907859749956e-05,
        0.5747265839872017,
        0.001355553929550489,
        0.046576025685674226,
        0.002661993523352014,
        0.37461959196636196
      ],
      [
        2.9385423726688413e-08,
        0.09670056630871444,
        3.848768167379329e-08,
        0.0037519897330711306,
        0.02084292494216093,
        0.878704451142948
      ],
      [
        0.010804161194752407,
        0.00011206684849185796,
        0.0013793725328050009,
        0.9567034425788981,
        0.0028274239745839716,
        0.02817353287046869
      ],
      [
        3.7225286680778603e-07,
        0.013899311568942,
        4.6112405961884465e-05,
        0.21774045546581045,
        0.4997760859659244,
        0.2685376623404944
      ],
      [
        0.005077147783010636,
        0.04431025900913413,
        0.00767429879045438,
        0.6943219406700143,
        0.10873482263989231,
        0.13988153110749424
      ],
      [
        0.0018814718320352372,
        0.20084992522748657,
        0.00013995679241230122,
        0.00379092941313529,
        0.6030869818707908,
        0.1902507348641398
      ],
      [
        0.0004151384889703079,
        0.019098401049562362,
        0.0007941363368477902,
        0.019940248055061855,
        0.4263243652149711,
        0.5334277108545866
      ],
      [
        0.0030549645913108647,
        0.05928399461154341,
        0.5832794252011447,
        0.0006650418779071957,
        0.0023310577508554803,
        0.35138551596723844
      ],
      [
        0.8978564481648503,
        0.00010180504568462463,
        4.7666608217847105e-06,
        0.07736468270032182,
        0.015531551666080725,
        0.009140745762240873
      ],
      [
        1.6415744582497197e-06,
        0.09189842851244334,
        2.225092341405843e-07,
        4.989722557842413e-05,
        0.7836128911989196,
        0.12443691897936615
      ],
      [
        0.37575975693828106,
        0.0010822983410547396,
        0.00025646802594841815,
        0.5285646824581819,
        0.0883802700386512,
        0.005956524197882669
      ],
      [
        0.0009019601452809645,
        0.006825582383456073,
        1.0401450575619584e-06,
        0.0007579082906654819,
        0.913153578737637,
        0.07835993029790288
      ],
      [
        0.24920101315993007,
        0.0010381853305468551,
        0.002723690993954308,
        0.0003807161128912007,
        0.7466149048016933,
        4.148960098430192e-05
      ],
      [
        0.020703848984800835,
        0.0019175921429347472,
        2.4796494665532742e-05,
        0.07955529944675259,
        0.7455279317837801,
        0.15227053114706626
      ],
      [
        0.14398827028824454,
        0.42361338732093035,
        0.032387036336214106,
        0.033614399505612874,
        0.3646230143944258,
        0.0017738921545723868
      ],
      [
        1.1733752590122194e-05,
        0.9566430801727355,
        0.003688026114436072,
        0.0007838958844239095,
        0.0008445951092100512,
        0.03802866896660471
      ],
      [
        0.9044151699280113,
        8.485198750855498e-06,
        0.00024208027622716558,
        0.0952309287436511,
        0.00010080749200857708,
        2.528361351025194e-06
      ],
      [
        0.9867211942034884,
        0.010388332488716586,
        5.546332967400919e-06,
        0.00018978046958238544,
        0.0026433095805683962,
        5.183692467702825e-05
      ],
      [
        0.025273510490119302,
        0.25009906784917213,
        0.000298502952165249,
        0.0003564405920591725,
        0.010213958327872434,
        0.7137585197886118
      ],
      [
        0.10471360021123005,
        0.517258353761289,
        0.05294725913614489,
        0.011553401161789555,
        0.31178628754236415,
        0.0017410981871824435
      ],
      [
        0.9746199895891932,
        0.00026298262314777745,
        6.585837764065818e-05,
        0.00019533602965215324,
        0.024854090109946488,
        1.74327041996013e-06
      ],
      [
        8.551748039107045e-06,
        0.9666032300683545,
        7.809121044035464e-05,
        0.018686866346933066,
        0.00012035249189031155,
        0.014502908134342915
      ],
      [
        0.008511310997659003,
        0.8612786438216902,
        0.0005459407017818556,
        0.022946749092484134,
        2.2238399096398273e-05,
        0.10669511698728847
      ],
      [
        0.8276688805538642,
        0.056710256370401606,
        0.015660458153396725,
        0.027019056648967626,
        0.07251507292782554,
        0.0004262753455442236
      ],
      [
        0.017188218248209885,
        0.027160396400459013,
        0.005205557139916672,
        0.0008339599185698499,
        0.949476269732989,
        0.00013559855985562986
      ],
      [
        4.4448748348724315e-10,
        0.44606371145881896,
        4.429511621101352e-07,
        8.091598805542671e-05,
        0.0005225208454521937,
        0.5533324083120238
      ],
      [
        0.03286761078849657,
        0.703373236559769,
        0.00031875232320147605,
        0.009851409893859393,
        0.253585069810841,
        3.920623832610666e-06
      ],
      [
        0.8214060669774588,
        0.14631446785391955,
        0.003932243335477817,
        0.0014813837127559584,
        0.02654735710903253,
        0.0003184810113554246
      ],
      [
        0.8798795624905459,
        0.014427789922157081,
        0.01871820345186831,
        0.00016632346844107566,
        0.08659204654574905,
        0.00021607412123845354
      ],
      [
        0.595507516376371,
        0.3349026267458606,
        0.011810139524505665,
        0.005857929119877058,
        0.05143236841832835,
        0.000489419815057361
      ],
      [
        0.4390286634265174,
        0.4928660517250308,
        0.013141351506316333,
        0.015059315301761344,
        0.0367575624044362,
        0.003147055635938007
      ],
      [
        0.5855462679906449,
        0.22482763952721846,
        0.0003868864302946341,
        0.001025421538609643,
        0.18819877042452401,
        1.5014088708399058e-05
      ],
      [
        0.003535430268127893,
        0.9086542450666694,
        0.00018737836381527015,
        0.0030594570274507103,
        0.08366673859598533,
        0.0008967506779512831
      ],
      [
        5.045757890334653e-05,
        0.4764168346105873,
        0.39927104371987326,
        0.011069297371732635,
        0.020289964551220147,
        0.09290240216768333
      ],
      [
        0.19735912676521689,
        0.2816324044004209,
        0.018526473528966428,
        0.014031075237783798,
        0.488017353546937,
        0.0004335665206750361
      ],
      [
        0.0001744062360771377,
        0.1812304080950057,
        0.03256858667940453,
        0.09264968019984064,
        0.1711436915204374,
        0.5222332272692345
      ],
      [
        3.216727301193447e-05,
        0.0008675547526754545,
        3.6383392330120744e-07,
        0.8914400189833812,
        0.10642410082259332,
        0.0012357943344149898
      ],
      [
        0.014538201087851494,
        0.9585384719202555,
        3.72004247845742e-05,
        0.01383547795708844,
        9.60505030129954e-05,
        0.012954598107007258
      ],
      [
        1.2184008264817515e-08,
        0.0009598392864796328,
        0.005142130063158589,
        0.0063461503906126196,
        0.00019877364497946972,
        0.9873530944307615
      ],
      [
        1.736259033040795e-05,
        0.061569899246312086,
        1.3663760079736368e-05,
        0.0009732381290239377,
        0.0018290918930034396,
        0.9355967443812504
      ],
      [
        5.2514725983348015e-05,
        0.12204586636198363,
        1.0716038176540578e-05,
        0.020142575174814145,
        0.004998569792094674,
        0.8527497579069476
      ],
      [
        0.4839677212819215,
        0.4050074120749769,
        8.862325318890953e-05,
        0.01600432214223072,
        0.0002758758794186422,
        0.09465604536826312
      ],
      [
        1.1229909140845445e-07,
        0.02155982709240929,
        1.5124878282895235e-06,
        0.0004597737973466495,
        0.057919191215954464,
        0.9200595831073698
      ],
      [
        6.476414888448789e-05,
        0.9975970415561393,
        0.0011063663503870396,
        0.0011788786210707677,
        2.4134166552622595e-05,
        2.8815156965670446e-05
      ],
      [
        0.006784437467124648,
        0.37622924251133777,
        0.4187316771659557,
        0.01660204960453095,
        0.00040765153025341044,
        0.1812449417207976
      ],
      [
        5.0088008223719224e-05,
        0.0004306748881572596,
        3.2912128307203436e-06,
        0.0034243809377341567,
        0.9960828750983495,
        8.689854704680752e-06
      ],
      [
        0.005334297088823209,
        0.0001287813894481904,
        2.294747631321499e-05,
        0.000570737778853606,
        0.9938703947322508,
        7.284153431100629e-05
      ],
      [
        2.69534867255977e-05,
        0.0001089746694382813,
        4.931299458949403e-06,
        0.0014541181914425882,
        0.9979745138624543,
        0.0004305084904803636
      ],
      [
        0.008802902403026436,
        0.010551758109230095,
        0.00011480927017018844,
        0.10099346574982138,
        0.860809556575077,
        0.018727507892675032
      ],
      [
        0.016801567938548752,
        0.0005862130552897898,
        1.6615672196053695e-05,
        0.9630692044466694,
        0.01946525458354196,
        6.114430375410726e-05
      ],
      [
        0.0004117047758683711,
        0.008234312369605564,
        0.005573923302446812,
        0.043103243023567155,
        0.8827220920535341,
        0.05995472447497789
      ],
      [
        0.0060870956979448745,
        0.001086726519179237,
        0.002253090432064868,
        0.15601874558176537,
        0.8332930051127152,
        0.0012613366563304059
      ],
      [
        0.2902358356744768,
        3.640826516197499e-05,
        4.9624317039030875e-06,
        0.10199540438712251,
        0.607714294265792,
        1.3094975742737427e-05
      ],
      [
        0.001729732676625713,
        0.3342577834915369,
        0.006030702792208836,
        0.32128180101584497,
        0.3244682342229373,
        0.01223174580084632
      ],
      [
        0.00022499267274763096,
        5.771970473791413e-05,
        1.4451897514145843e-07,
        0.9992717608635965,
        0.00036396940041767033,
        8.141283952505796e-05
      ],
      [
        0.0007314063054496381,
        0.5149716415564736,
        0.11162912486678593,
        0.1724133649236145,
        0.0007584135630892476,
        0.19949604878458704
      ],
      [
        0.49382846424675014,
        0.03451116867075706,
        0.13459938857585516,
        0.3190183052812618,
        0.014309695745274523,
        0.003732977480101445
      ],
      [
        0.6156879224495367,
        0.05348841163730969,
        0.28660192987530314,
        0.001377083415896258,
        0.00724213972024596,
        0.03560251290170828
      ],
      [
        0.00279293174483898,
        0.010400561519648105,
        0.00021662486132745294,
        0.39864289115905077,
        0.5868026190507105,
        0.0011443716644241192
      ],
      [
        0.0005780645238693036,
        3.482380673947243e-05,
        0.0026693049004674085,
        0.21766547731994654,
        0.5085635096680954,
        0.27048881978088185
      ],
      [
        0.0017087546395555073,
        0.0005111107682501946,
        0.007404385639627349,
        0.9629546350264586,
        0.025176387653043242,
        0.002244726273065076
      ],
      [
        0.14666347845261998,
        0.02767036596592066,
        0.025160920779377417,
        0.14831494209823023,
        0.017175591922204126,
        0.6350147007816477
      ],
      [
        0.014417323312225134,
        0.0010789104066077312,
        0.005827665775391151,
        0.747801930474512,
        0.006038566567698579,
        0.22483560346356535
      ],
      [
        0.006412741777256193,
        0.0002689983422203785,
        0.003177233739275695,
        0.692160004513736,
        0.2960866158289218,
        0.0018944057985899666
      ],
      [
        0.6495225352416344,
        0.00018435578273271657,
        1.6351601878406387e-05,
        0.16794608446172138,
        0.18203570509785502,
        0.00029496781417786096
      ]
    ],
    "predictions": [
      5,
      5,
      0,
      0,
      3,
      5,
      0,
      0,
      4,
      0,
      4,
      0,
      5,
      3,
      4,
      5,
      0,
      5,
      4,
      5,
      4,
      3,
      5,
      5,
      4,
      1,
      5,
      3,
      5,
      0,
      5,
      5,
      5,
      5,
      5,
      5,
      2,
      4,
      5,
      1,
      5,
      5,
      4,
      1,
      5,
      3,
      4,
      3,
      4,
      5,
      2,
      0,
      4,
      3,
      4,
      4,
      4,
      1,
      1,
      0,
      0,
      5,
      1,
      0,
      1,
      1,
      0,
      4,
      5,
      1,
      0,
      0,
      0,
      1,
      0,
      1,
      1,
      4,
      5,
      3,
      1,
      5,
      5,
      5,
      0,
      5,
      1,
      2,
      4,
      4,
      4,
      4,
      3,
      4,
      4,
      4,
      1,
      3,
      1,
      0,
      0,
      4,
      4,
      3,
      5,
      3,
      3,
      0
    ],
    "true_labels": [
      0,
      0,
      0,
      0,
      0,
      0,
      0,
      0,
      0,
      0,
      0,
      0,
      0,
      0,
      0,
      0,
      0,
      0,
      0,
      0,
      0,
      0,
      0,
      0,
      0,
      0,
      0,
      0,
      0,
      0,
      5,
      5,
      5,
      5,
      5,
      5,
      5,
      5,
      5,
      5,
      5,
      5,
      5,
      5,
      5,
      5,
      5,
      5,
      5,
      5,
      5,
      5,
      5,
      5,
      5,
      1,
      1,
      1,
      1,
      1,
      1,
      1,
      1,
      1,
      1,
      1,
      1,
      1,
      1,
      1,
      1,
      1,
      1,
      1,
      1,
      1,
      1,
      1,
      2,
      2,
      2,
      2,
      2,
      2,
      2,
      2,
      2,
      2,
      4,
      4,
      4,
      4,
      4,
      4,
      4,
      4,
      4,
      4,
      3,
      3,
      3,
      3,
      3,
      3,
      3,
      3,
      3,
      3
    ],
    "patient_ids": [
      "201",
      "202",
      "203",
      "204",
      "205",
      "206",
      "207",
      "208",
      "209",
      "210",
      "211",
      "212",
      "213",
      "214",
      "215",
      "216",
      "217",
      "218",
      "219",
      "220",
      "221",
      "222",
      "223",
      "224",
      "225",
      "226",
      "227",
      "228",
      "229",
      "230",
      "231",
      "232",
      "233",
      "234",
      "235",
      "236",
      "237",
      "238",
      "239",
      "240",
      "241",
      "242",
      "243",
      "244",
      "245",
      "246",
      "247",
      "248",
      "249",
      "250",
      "251",
      "252",
      "253",
      "254",
      "255",
      "256",
      "257",
      "258",
      "259",
      "260",
      "261",
      "262",
      "264",
      "265",
      "266",
      "267",
      "269",
      "270",
      "271",
      "272",
      "273",
      "274",
      "275",
      "276",
      "277",
      "278",
      "279",
      "280",
      "281",
      "282",
      "283",
      "284",
      "285",
      "286",
      "287",
      "288",
      "289",
      "290",
      "291",
      "292",
      "293",
      "294",
      "295",
      "296",
      "297",
      "298",
      "299",
      "300",
      "301",
      "302",
      "303",
      "304",
      "305",
      "306",
      "307",
      "308",
      "309",
      "310"
    ]
  },
  "roc_auc": {
    "macro_auc": 0.7023801383926797,
    "per_class_auc": {
      "NOR": 0.6948717948717948,
      "HCM": 0.7442455242966751,
      "ARR": 0.3948979591836735,
      "CIA": 0.8153061224489796,
      "FALL": 0.8112244897959184,
      "LV": 0.7537349397590362
    }
  },
  "binary": {
    "accuracy": 0.6851851851851852,
    "f1": 0.7976190476190477,
    "sensitivity": 0.8589743589743589,
    "specificity": 0.23333333333333334,
    "roc_auc": 0.694871794871795,
    "binary_labels": [
      0,
      0,
      0,
      0,
      0,
      0,
      0,
      0,
      0,
      0,
      0,
      0,
      0,
      0,
      0,
      0,
      0,
      0,
      0,
      0,
      0,
      0,
      0,
      0,
      0,
      0,
      0,
      0,
      0,
      0,
      1,
      1,
      1,
      1,
      1,
      1,
      1,
      1,
      1,
      1,
      1,
      1,
      1,
      1,
      1,
      1,
      1,
      1,
      1,
      1,
      1,
      1,
      1,
      1,
      1,
      1,
      1,
      1,
      1,
      1,
      1,
      1,
      1,
      1,
      1,
      1,
      1,
      1,
      1,
      1,
      1,
      1,
      1,
      1,
      1,
      1,
      1,
      1,
      1,
      1,
      1,
      1,
      1,
      1,
      1,
      1,
      1,
      1,
      1,
      1,
      1,
      1,
      1,
      1,
      1,
      1,
      1,
      1,
      1,
      1,
      1,
      1,
      1,
      1,
      1,
      1,
      1,
      1
    ],
    "binary_probs": [
      0.9991676626793075,
      0.9476433093109763,
      0.01295175530711934,
      0.3682456846412657,
      0.5769389137286225,
      0.7818206958509009,
      1.039958036397337e-05,
      0.42783831749208656,
      0.6361207667639773,
      0.004327199148809524,
      0.8292743056892338,
      0.30284214318238034,
      0.9968013328657661,
      0.9486114445784987,
      0.9536740312982372,
      0.9998585950662551,
      0.34755385375035364,
      0.9997524462044874,
      0.9736237815484652,
      0.9899919630683097,
      0.9875902046988329,
      0.894748568565065,
      0.9996484562459597,
      0.9769182080054056,
      0.9997308465066432,
      0.9999970672647389,
      0.9562379813363313,
      0.7219707449396559,
      0.8662295109292356,
      0.5118844460631662,
      0.9999109789086384,
      0.9999640297135194,
      0.9936214185976641,
      0.9722394585464641,
      0.9998511800012053,
      0.9999837216375846,
      0.9997878431706979,
      0.9999977062750622,
      0.9999994818019576,
      0.999984440064274,
      0.999946712633317,
      0.9999950407620709,
      0.9972776469878157,
      0.9999397490921402,
      0.9999999706145762,
      0.9891958388052476,
      0.9999996277471332,
      0.9949228522169894,
      0.9981185281679648,
      0.9995848615110297,
      0.9969450354086892,
      0.10214355183514967,
      0.9999983584255417,
      0.6242402430617189,
      0.999098039854719,
      0.75079898684007,
      0.9792961510151992,
      0.8560117297117554,
      0.9999882662474099,
      0.0955848300719887,
      0.013278805796511639,
      0.9747264895098807,
      0.8952863997887699,
      0.02538001041080684,
      0.9999914482519608,
      0.991488689002341,
      0.17233111944613577,
      0.9828117817517901,
      0.9999999995555126,
      0.9671323892115035,
      0.17859393302254123,
      0.12012043750945411,
      0.404492483623629,
      0.5609713365734825,
      0.4144537320093551,
      0.9964645697318721,
      0.9999495424210967,
      0.8026408732347832,
      0.9998255937639229,
      0.9999678327269881,
      0.9854617989121485,
      0.9999999878159918,
      0.9999826374096696,
      0.9999474852740167,
      0.5160322787180784,
      0.9999998877009086,
      0.9999352358511155,
      0.9932155625328754,
      0.9999499119917763,
      0.9946657029111768,
      0.9999730465132745,
      0.9911970975969736,
      0.9831984320614513,
      0.9995882952241316,
      0.9939129043020551,
      0.7097641643255233,
      0.9982702673233743,
      0.9997750073272523,
      0.9992685936945503,
      0.5061715357532499,
      0.38431207755046326,
      0.997207068255161,
      0.9994219354761307,
      0.9982912453604444,
      0.85333652154738,
      0.9855826766877749,
      0.9935872582227439,
      0.3504774647583656
    ]
  }
}