{
  "config": {
    "dataset": "mnm2",
    "backbone": "cinema",
    "model_name": "cinema_pretrained",
    "eval_mode": "logreg",
    "pooling": "cls",
    "embed_dim": 768,
    "best_hyperparam": 0.5623413324356079,
    "hyperparam_name": "C",
    "num_classes": 6,
    "class_names": [
      "NOR",
      "HCM",
      "ARR",
      "CIA",
      "FALL",
      "LV"
    ]
  },
  "sweep_results": [
    {
      "param_value": 9.999999974752427e-07,
      "mean_cv_acc": 0.17857142857142858,
      "std_cv_acc": 0.0
    },
    {
      "param_value": 1.7782793975129607e-06,
      "mean_cv_acc": 0.17857142857142858,
      "std_cv_acc": 0.0
    },
    {
      "param_value": 3.1622776077711023e-06,
      "mean_cv_acc": 0.17857142857142858,
      "std_cv_acc": 0.0
    },
    {
      "param_value": 5.6234130170196295e-06,
      "mean_cv_acc": 0.17857142857142858,
      "std_cv_acc": 0.0
    },
    {
      "param_value": 9.999999747378752e-06,
      "mean_cv_acc": 0.17857142857142858,
      "std_cv_acc": 0.0
    },
    {
      "param_value": 1.778279329300858e-05,
      "mean_cv_acc": 0.17857142857142858,
      "std_cv_acc": 0.0
    },
    {
      "param_value": 3.162277789670043e-05,
      "mean_cv_acc": 0.25,
      "std_cv_acc": 0.0
    },
    {
      "param_value": 5.62341338081751e-05,
      "mean_cv_acc": 0.25,
      "std_cv_acc": 0.0
    },
    {
      "param_value": 9.999999747378752e-05,
      "mean_cv_acc": 0.25,
      "std_cv_acc": 0.0
    },
    {
      "param_value": 0.00017782794020604342,
      "mean_cv_acc": 0.32142857142857145,
      "std_cv_acc": 0.0
    },
    {
      "param_value": 0.0003162277571391314,
      "mean_cv_acc": 0.35714285714285715,
      "std_cv_acc": 0.0
    },
    {
      "param_value": 0.000562341301701963,
      "mean_cv_acc": 0.39285714285714285,
      "std_cv_acc": 0.0
    },
    {
      "param_value": 0.0010000000474974513,
      "mean_cv_acc": 0.5,
      "std_cv_acc": 0.0
    },
    {
      "param_value": 0.0017782794311642647,
      "mean_cv_acc": 0.5357142857142857,
      "std_cv_acc": 0.0
    },
    {
      "param_value": 0.003162277629598975,
      "mean_cv_acc": 0.5357142857142857,
      "std_cv_acc": 0.0
    },
    {
      "param_value": 0.005623413249850273,
      "mean_cv_acc": 0.5357142857142857,
      "std_cv_acc": 0.0
    },
    {
      "param_value": 0.009999999776482582,
      "mean_cv_acc": 0.5357142857142857,
      "std_cv_acc": 0.0
    },
    {
      "param_value": 0.017782794311642647,
      "mean_cv_acc": 0.5714285714285714,
      "std_cv_acc": 0.0
    },
    {
      "param_value": 0.03162277489900589,
      "mean_cv_acc": 0.5714285714285714,
      "std_cv_acc": 0.0
    },
    {
      "param_value": 0.05623413249850273,
      "mean_cv_acc": 0.5714285714285714,
      "std_cv_acc": 0.0
    },
    {
      "param_value": 0.10000000149011612,
      "mean_cv_acc": 0.6071428571428571,
      "std_cv_acc": 0.0
    },
    {
      "param_value": 0.17782793939113617,
      "mean_cv_acc": 0.6071428571428571,
      "std_cv_acc": 0.0
    },
    {
      "param_value": 0.3162277638912201,
      "mean_cv_acc": 0.6071428571428571,
      "std_cv_acc": 0.0
    },
    {
      "param_value": 0.5623413324356079,
      "mean_cv_acc": 0.6428571428571429,
      "std_cv_acc": 0.0
    },
    {
      "param_value": 1.0,
      "mean_cv_acc": 0.6071428571428571,
      "std_cv_acc": 0.0
    },
    {
      "param_value": 1.778279423713684,
      "mean_cv_acc": 0.6071428571428571,
      "std_cv_acc": 0.0
    },
    {
      "param_value": 3.1622776985168457,
      "mean_cv_acc": 0.6071428571428571,
      "std_cv_acc": 0.0
    },
    {
      "param_value": 5.6234130859375,
      "mean_cv_acc": 0.6071428571428571,
      "std_cv_acc": 0.0
    },
    {
      "param_value": 10.0,
      "mean_cv_acc": 0.6071428571428571,
      "std_cv_acc": 0.0
    },
    {
      "param_value": 17.782794952392578,
      "mean_cv_acc": 0.6071428571428571,
      "std_cv_acc": 0.0
    },
    {
      "param_value": 31.62277603149414,
      "mean_cv_acc": 0.6071428571428571,
      "std_cv_acc": 0.0
    },
    {
      "param_value": 56.234130859375,
      "mean_cv_acc": 0.6071428571428571,
      "std_cv_acc": 0.0
    },
    {
      "param_value": 100.0,
      "mean_cv_acc": 0.6071428571428571,
      "std_cv_acc": 0.0
    },
    {
      "param_value": 177.82794189453125,
      "mean_cv_acc": 0.6428571428571429,
      "std_cv_acc": 0.0
    },
    {
      "param_value": 316.2277526855469,
      "mean_cv_acc": 0.6428571428571429,
      "std_cv_acc": 0.0
    },
    {
      "param_value": 562.34130859375,
      "mean_cv_acc": 0.6428571428571429,
      "std_cv_acc": 0.0
    },
    {
      "param_value": 1000.0,
      "mean_cv_acc": 0.6428571428571429,
      "std_cv_acc": 0.0
    },
    {
      "param_value": 1778.2794189453125,
      "mean_cv_acc": 0.6428571428571429,
      "std_cv_acc": 0.0
    },
    {
      "param_value": 3162.277587890625,
      "mean_cv_acc": 0.6428571428571429,
      "std_cv_acc": 0.0
    },
    {
      "param_value": 5623.4130859375,
      "mean_cv_acc": 0.6428571428571429,
      "std_cv_acc": 0.0
    },
    {
      "param_value": 10000.0,
      "mean_cv_acc": 0.6428571428571429,
      "std_cv_acc": 0.0
    },
    {
      "param_value": 17782.794921875,
      "mean_cv_acc": 0.6428571428571429,
      "std_cv_acc": 0.0
    },
    {
      "param_value": 31622.77734375,
      "mean_cv_acc": 0.6428571428571429,
      "std_cv_acc": 0.0
    },
    {
      "param_value": 56234.1328125,
      "mean_cv_acc": 0.6428571428571429,
      "std_cv_acc": 0.0
    },
    {
      "param_value": 100000.0,
      "mean_cv_acc": 0.6428571428571429,
      "std_cv_acc": 0.0
    }
  ],
  "five_way": {
    "accuracy": 0.3611111111111111,
    "macro_f1": 0.3316632784663475,
    "macro_sensitivity": 0.36632850241545895,
    "macro_specificity": 0.8693237134211115,
    "per_class_sensitivity": {
      "NOR": 0.26666666666666666,
      "HCM": 0.391304347826087,
      "ARR": 0.1,
      "CIA": 0.3,
      "FALL": 0.7,
      "LV": 0.44
    },
    "per_class_specificity": {
      "NOR": 0.8333333333333334,
      "HCM": 0.9176470588235294,
      "ARR": 0.9795918367346939,
      "CIA": 0.8979591836734694,
      "FALL": 0.8163265306122449,
      "LV": 0.7710843373493976
    },
    "confusion_matrix": [
      [
        8,
        1,
        0,
        4,
        6,
        11
      ],
      [
        8,
        9,
        0,
        0,
        4,
        2
      ],
      [
        1,
        2,
        1,
        1,
        0,
        5
      ],
      [
        3,
        1,
        0,
        3,
        2,
        1
      ],
      [
        0,
        1,
        0,
        2,
        7,
        0
      ],
      [
        1,
        2,
        2,
        3,
        6,
        11
      ]
    ],
    "classification_report": {
      "NOR": {
        "precision": 0.38095238095238093,
        "recall": 0.26666666666666666,
        "f1-score": 0.3137254901960784,
        "support": 30.0
      },
      "HCM": {
        "precision": 0.5625,
        "recall": 0.391304347826087,
        "f1-score": 0.46153846153846156,
        "support": 23.0
      },
      "ARR": {
        "precision": 0.3333333333333333,
        "recall": 0.1,
        "f1-score": 0.15384615384615385,
        "support": 10.0
      },
      "CIA": {
        "precision": 0.23076923076923078,
        "recall": 0.3,
        "f1-score": 0.2608695652173913,
        "support": 10.0
      },
      "FALL": {
        "precision": 0.28,
        "recall": 0.7,
        "f1-score": 0.4,
        "support": 10.0
      },
      "LV": {
        "precision": 0.36666666666666664,
        "recall": 0.44,
        "f1-score": 0.4,
        "support": 25.0
      },
      "accuracy": 0.3611111111111111,
      "macro avg": {
        "precision": 0.3590369352869353,
        "recall": 0.36632850241545895,
        "f1-score": 0.3316632784663475,
        "support": 108.0
      },
      "weighted avg": {
        "precision": 0.38864596052096045,
        "recall": 0.3611111111111111,
        "f1-score": 0.35346580103613356,
        "support": 108.0
      }
    },
    "probabilities": [
      [
        0.0008320718263310391,
        0.0030685019117977995,
        4.026559442070896e-05,
        0.19555572000822258,
        0.0013130554443318563,
        0.799190385214896
      ],
      [
        0.05243111114594277,
        0.10756908959711838,
        0.05671735615930923,
        0.010738004410457217,
        0.03402026705401388,
        0.7385241716331584
      ],
      [
        0.9870342602452443,
        2.844663650062154e-06,
        4.426346036924384e-06,
        0.012764111662505795,
        5.3972840874226366e-05,
        0.00014038424168891933
      ],
      [
        0.6317742046289183,
        0.042896470805810556,
        0.323138018836528,
        0.0016815870920236019,
        6.084024994182358e-05,
        0.0004488783867778121
      ],
      [
        0.422773655239848,
        0.0003693569118669836,
        0.0002884612565001894,
        0.5714113285452321,
        0.005133134591200909,
        2.4063455351688172e-05
      ],
      [
        0.21707517491118705,
        0.0014739358856359366,
        0.00012034497558206084,
        0.011814901340325557,
        0.004222313182214404,
        0.765293329705055
      ],
      [
        0.9999895910309529,
        2.2280690305897558e-07,
        1.197333431065435e-06,
        7.207447842518893e-07,
        7.49754722207911e-06,
        7.705367066963434e-07
      ],
      [
        0.5724044312136589,
        0.00020627058746678208,
        0.0012469589498300187,
        0.4235312583850895,
        0.001787515497368786,
        0.0008235653665858845
      ],
      [
        0.3636916906816467,
        0.0001477461856498825,
        0.00014126681732206677,
        2.1290012223191553e-05,
        0.6355026592394167,
        0.0004953470637415585
      ],
      [
        0.9956822895446982,
        0.0027761369928174327,
        3.687704370189445e-05,
        0.0013559808262620595,
        0.0001483936988440611,
        3.218936761657848e-07
      ],
      [
        0.17081246720495838,
        0.01382890054222967,
        0.00036212842264110205,
        0.0373711601807675,
        0.7392366086681215,
        0.03838873498128185
      ],
      [
        0.6968592391308911,
        0.004288944862857721,
        0.010269711008483232,
        0.19080892266164745,
        0.052980500944318255,
        0.04479268139180223
      ],
      [
        0.0031977998504357373,
        0.07274526347860666,
        0.0005312133096242543,
        0.09848013503902316,
        0.14821987554770555,
        0.6768257127746046
      ],
      [
        0.0514817191624319,
        0.00025199864505603476,
        0.00023459509819426333,
        0.8647313914868263,
        0.06682605768861292,
        0.01647423791887857
      ],
      [
        0.046304615578010216,
        0.0022616347842980846,
        0.023263019073710586,
        0.3133075933674701,
        0.36026457448501575,
        0.2545985627114954
      ],
      [
        0.00014122683129127496,
        0.00011401759010579247,
        8.836918409815405e-06,
        0.0021510907079602313,
        0.002193180027003308,
        0.9953916479252296
      ],
      [
        0.652381578512451,
        9.001351141768872e-05,
        1.0617224166184001e-05,
        0.0036538301552448767,
        0.3393398469589329,
        0.004524113637787261
      ],
      [
        0.00024732908866242627,
        0.0015026845614372736,
        0.0026331173756903763,
        0.033170315301713695,
        0.004044042393329141,
        0.958402511279167
      ],
      [
        0.02637241962343641,
        0.04397690288333649,
        0.005625149801591255,
        0.15882038172476104,
        0.6313671203557646,
        0.13383802561111033
      ],
      [
        0.010001157900651295,
        0.05992316112576259,
        0.016062902052478727,
        0.30846730608592676,
        0.2886432305395456,
        0.3169022422956351
      ],
      [
        0.012409946939478248,
        0.0019143409367765587,
        0.0004503310640098006,
        0.16454049207907362,
        0.7602152767054593,
        0.06046961227520241
      ],
      [
        0.10530439561237608,
        0.006533059118687699,
        0.0017628318342818037,
        0.5488778333184328,
        0.006993385837370762,
        0.3305284942788508
      ],
      [
        0.0003534196378437057,
        0.0716266659124008,
        0.05538650218499437,
        0.03962882387482599,
        0.09462561772476642,
        0.7383789706651688
      ],
      [
        0.023039762321883837,
        0.031917922246736195,
        0.07992869835330453,
        0.13135945444328848,
        0.16528916264329074,
        0.5684649999914961
      ],
      [
        0.00026899965813196653,
        0.0013573029129368874,
        0.0024941911233864796,
        0.009275482562925479,
        0.8986966277647699,
        0.08790739597784934
      ],
      [
        2.93194483302383e-06,
        0.528611330920929,
        1.9822239947829077e-05,
        0.015874443965577367,
        0.0003583117638023032,
        0.4551331591649104
      ],
      [
        0.0438112016627139,
        0.021753371746729224,
        0.1924073989409743,
        0.009780597795688123,
        0.027386163380644327,
        0.7048612664732502
      ],
      [
        0.27785844340392823,
        0.006316132178534642,
        0.010240637186027574,
        0.6462791490435944,
        0.024904424548858748,
        0.0344012136390563
      ],
      [
        0.13404770408143124,
        0.009021425292503953,
        0.15342408983361702,
        0.06645479186446926,
        0.0531279805443314,
        0.5839240083836471
      ],
      [
        0.48721158551461025,
        0.012580057979694944,
        0.0008884246074007697,
        0.0907563406563191,
        0.10550047696059359,
        0.3030631142813815
      ],
      [
        8.896745763892868e-05,
        0.314679142548375,
        0.0017934246521740152,
        0.03342804289932518,
        0.0021336404868061445,
        0.6478767819556808
      ],
      [
        3.602325396023538e-05,
        0.017800020585509488,
        0.004788986598901424,
        0.0009648097374320303,
        0.0009234756782685795,
        0.9754866841459282
      ],
      [
        0.006365561267977618,
        0.394330227244971,
        0.007786132129120533,
        0.019221259965820234,
        0.03764641847048606,
        0.5346504009216245
      ],
      [
        0.02779370848873391,
        0.0006279413710211266,
        0.0006851695734559903,
        0.04479474797713402,
        0.08890495597098878,
        0.8371934766186662
      ],
      [
        0.00014889680293696898,
        0.0626766316131193,
        0.4608986399449012,
        0.0008813519392226189,
        0.0006392898174730568,
        0.4747551898823466
      ],
      [
        1.630218754028215e-05,
        0.012071598604657403,
        0.00018517003048363807,
        0.00806993807133672,
        0.010666839237607008,
        0.9689901518683749
      ],
      [
        0.0002121480607920168,
        0.0002629813109045175,
        0.5076746679782005,
        0.019537493362845652,
        5.279829899027915e-05,
        0.47225991098826703
      ],
      [
        2.29945246643088e-06,
        0.006782346506828968,
        6.309328286209398e-07,
        0.00375164217526521,
        0.7331105782628121,
        0.25635250266979864
      ],
      [
        5.174719361682493e-07,
        0.008048040469400197,
        6.731153966335755e-08,
        0.005885979832636997,
        0.0013712381935820134,
        0.9846941567209051
      ],
      [
        1.5560868638471126e-05,
        0.7273776528542845,
        0.0003663917139752052,
        0.007895308210270575,
        0.00057020795597043,
        0.2637748783968608
      ],
      [
        5.3323255786170826e-05,
        0.30588194622898873,
        0.0039664597130827615,
        0.08505922330051086,
        0.28953672412573894,
        0.3155023233758925
      ],
      [
        4.964888465396869e-06,
        0.06368436790159988,
        6.163578865869398e-05,
        0.00018148410816691497,
        0.010428610445389841,
        0.9256389368677194
      ],
      [
        0.0027285191183810745,
        0.004502115836766601,
        0.00021831679301118417,
        0.02343728918562395,
        0.9005139254397909,
        0.06859983362642642
      ],
      [
        6.0247639757713244e-05,
        0.5744863785881963,
        0.0013507038320543883,
        0.046502100673384575,
        0.002653387222870072,
        0.37494718204373695
      ],
      [
        2.9366314001499275e-08,
        0.09680788257407114,
        3.853842366916924e-08,
        0.0037496872059562627,
        0.02081697527474702,
        0.878625387040488
      ],
      [
        0.010843771681898894,
        0.0001125170465299659,
        0.0013858080064106581,
        0.9564796970854315,
        0.002840817900978334,
        0.028337388278750764
      ],
      [
        3.729366735671657e-07,
        0.013897961376856434,
        4.601518200608597e-05,
        0.21774911371830602,
        0.5000069743855108,
        0.26829956240064706
      ],
      [
        0.005084217279956864,
        0.044376344056872075,
        0.007674765120972494,
        0.6944823852006384,
        0.1087330116584505,
        0.1396492766831096
      ],
      [
        0.0018849959531421648,
        0.2013743970652256,
        0.00014031006396347364,
        0.0038002104801546335,
        0.6027006954330941,
        0.19009939100441994
      ],
      [
        0.00041566536228838897,
        0.01915348070047824,
        0.0007935495585485964,
        0.0199672466649939,
        0.42666967183774807,
        0.5330003858759429
      ],
      [
        0.0030559101361399385,
        0.05917817966504658,
        0.5837300347964057,
        0.0006645859632030777,
        0.002326783346231205,
        0.3510445060929734
      ],
      [
        0.8982967186996926,
        0.00010158751689266145,
        4.7578579464266254e-06,
        0.07696361801773424,
        0.015491084710143137,
        0.009142233197590707
      ],
      [
        1.6419753648314949e-06,
        0.0921169959201891,
        2.231439125526044e-07,
        5.01125960218008e-05,
        0.7832144256281781,
        0.12461660073633367
      ],
      [
        0.3763426456635977,
        0.001085376989874422,
        0.000257136269607401,
        0.5277957453726763,
        0.08853410473763815,
        0.005984990966606109
      ],
      [
        0.0009011522824340187,
        0.0068325985072276805,
        1.039661445507618e-06,
        0.0007594541859881968,
        0.9132302591646683,
        0.07827549619823636
      ],
      [
        0.24893780257952586,
        0.0010394320031078957,
        0.0027244417157879647,
        0.0003807348458014084,
        0.7468760917575656,
        4.149709821117186e-05
      ],
      [
        0.02065895378507058,
        0.0019236908047464054,
        2.4766323829887845e-05,
        0.07968680578237569,
        0.7458759187178504,
        0.15182986458612693
      ],
      [
        0.14392090697947446,
        0.4240410474382782,
        0.03232115049388299,
        0.03367144631947402,
        0.3642721764629999,
        0.0017732723058904948
      ],
      [
        1.1762484582293175e-05,
        0.9566023124228589,
        0.0036855692731162146,
        0.0007860057142762598,
        0.0008449961483673968,
        0.03806935395679914
      ],
      [
        0.904611228697863,
        8.49090464288961e-06,
        0.00024214336070145628,
        0.09503477366054255,
        0.00010083851551730415,
        2.5248607325802765e-06
      ],
      [
        0.9867162878740722,
        0.010391362356657307,
        5.5490001015308194e-06,
        0.00019016830444541183,
        0.002644798976734093,
        5.183348798950875e-05
      ],
      [
        0.025260359827867104,
        0.2502406847650301,
        0.00029752546512256946,
        0.00035569312381297834,
        0.010203759808824774,
        0.7136419770093425
      ],
      [
        0.10470204129138223,
        0.517632672394328,
        0.05285431927161087,
        0.011562741583942234,
        0.311508145806433,
        0.001740079652303754
      ],
      [
        0.9746035768730661,
        0.0002633085851447675,
        6.585374830567472e-05,
        0.0001955383674826283,
        0.024869982153733636,
        1.7402722673577911e-06
      ],
      [
        8.520201301698028e-06,
        0.9666189294982,
        7.782611604626834e-05,
        0.0186543380624044,
        0.00012022336080756487,
        0.014520162761240052
      ],
      [
        0.008509361650358392,
        0.8609825343312214,
        0.000544148866250664,
        0.022950208557817868,
        2.2214572465632465e-05,
        0.10699153202188595
      ],
      [
        0.8275084397614545,
        0.056763461600556606,
        0.01568259336553355,
        0.027020593341343827,
        0.0725987174970799,
        0.000426194434031724
      ],
      [
        0.017169102413742976,
        0.027218536712190135,
        0.005198565159892975,
        0.0008345349889293744,
        0.9494440409836932,
        0.0001352197415512745
      ],
      [
        4.445025493530991e-10,
        0.4461678935107335,
        4.4291058195498717e-07,
        8.125673924110566e-05,
        0.0005236136604476054,
        0.5532267927344934
      ],
      [
        0.03279655224119891,
        0.7033013742110842,
        0.00031905636269809597,
        0.009856503360884979,
        0.2537225979582266,
        3.915865907277775e-06
      ],
      [
        0.8210028097136826,
        0.14664951897587128,
        0.003939618040414286,
        0.0014833899058096778,
        0.026606223250315784,
        0.0003184401139062382
      ],
      [
        0.8798619107715582,
        0.014435026200179137,
        0.018752533252844525,
        0.0001665876098293855,
        0.08656825613591523,
        0.00021568602967346484
      ],
      [
        0.5945227142712335,
        0.335754594918534,
        0.011831898880044272,
        0.005875028947462903,
        0.05152590186474456,
        0.0004898611179806695
      ],
      [
        0.4388131191709349,
        0.49308478327855515,
        0.013136252829782279,
        0.015063462013692831,
        0.036751511616148064,
        0.0031508710908869355
      ],
      [
        0.584986327203053,
        0.22529033282033925,
        0.00038739025148867417,
        0.001025928790519822,
        0.1882950094244464,
        1.501151015292243e-05
      ],
      [
        0.0035227374291989934,
        0.9090085968108267,
        0.000186600480820215,
        0.003047385894334535,
        0.08334101424398853,
        0.0008936651408309175
      ],
      [
        5.021945767607211e-05,
        0.4767604025129356,
        0.3990601236740617,
        0.011043683294675713,
        0.02027805504477876,
        0.09280751601587209
      ],
      [
        0.1970054881528809,
        0.2819742250982348,
        0.018544084350137893,
        0.014042917027492944,
        0.4880010375873747,
        0.0004322477838785562
      ],
      [
        0.00017399800068562964,
        0.18129304824025264,
        0.03253891905447302,
        0.09275676237105991,
        0.17139635635087602,
        0.5218409159826528
      ],
      [
        3.2124660616423225e-05,
        0.0008680968249714058,
        3.642095266437606e-07,
        0.8918106018908168,
        0.10605233127188639,
        0.0012364811421824203
      ],
      [
        0.014543696832424641,
        0.9585535125893846,
        3.704117071157079e-05,
        0.013812228460001756,
        9.605091040556415e-05,
        0.012957470037071763
      ],
      [
        1.2184956549848927e-08,
        0.0009613805651799501,
        0.005111377085714621,
        0.00633003358131368,
        0.00019927825966024526,
        0.987397918323175
      ],
      [
        1.7310904119382797e-05,
        0.06145584917151219,
        1.3650090442127037e-05,
        0.0009725641455263342,
        0.0018229919506846785,
        0.9357176337377154
      ],
      [
        5.2451798831396176e-05,
        0.12185243513789622,
        1.0678940053018492e-05,
        0.020066863017516853,
        0.0049829741385175345,
        0.853034596967185
      ],
      [
        0.48363901831576883,
        0.4053068392748968,
        8.829219437394236e-05,
        0.015976900719086667,
        0.0002758443638906959,
        0.09471310513198306
      ],
      [
        1.1247509327036097e-07,
        0.021626490507256117,
        1.516533714799406e-06,
        0.0004606162406847687,
        0.057975941176137843,
        0.9199353230671132
      ],
      [
        6.501683776695741e-05,
        0.9975910562966435,
        0.0011085424384724711,
        0.0011823475262379216,
        2.4220308008051368e-05,
        2.8816592871276104e-05
      ],
      [
        0.006779620963273282,
        0.3765315310215541,
        0.41851378865864247,
        0.016584228878977477,
        0.00040693613194413254,
        0.18118389434560853
      ],
      [
        5.00947950740156e-05,
        0.00043064220892501554,
        3.2935204209885097e-06,
        0.0034222752873238655,
        0.9960850035027065,
        8.690685549554451e-06
      ],
      [
        0.0053312281183494695,
        0.00012870929239661014,
        2.29401666062658e-05,
        0.0005706169431235178,
        0.9938736581230908,
        7.284735643341512e-05
      ],
      [
        2.6941398183664475e-05,
        0.00010897447630969102,
        4.931144771136172e-06,
        0.001452095377679933,
        0.9979765963056293,
        0.00043046129742630135
      ],
      [
        0.008821215816459475,
        0.010546210420148309,
        0.00011491611591023402,
        0.10109106626201216,
        0.8607340504414114,
        0.018692540944058405
      ],
      [
        0.016818315128277445,
        0.000587590929479646,
        1.6662301841530442e-05,
        0.9629865371241638,
        0.019529512711801648,
        6.138180443572677e-05
      ],
      [
        0.0004118387633221477,
        0.00823534282837652,
        0.005584551548827153,
        0.043026403935742086,
        0.8827796973798868,
        0.05996216554384524
      ],
      [
        0.006082080562350033,
        0.0010877069395696557,
        0.002253930636967597,
        0.15615523508403165,
        0.8331580717262052,
        0.001262975050875819
      ],
      [
        0.29060941111054106,
        3.6447636246440284e-05,
        4.961069864202775e-06,
        0.10164497866073542,
        0.60769110556489,
        1.309595772286742e-05
      ],
      [
        0.0017296121095589823,
        0.3342746081666009,
        0.006038427839237567,
        0.3210691778725343,
        0.32464766832813124,
        0.012240505683937137
      ],
      [
        0.00022483780234024416,
        5.7757727761792625e-05,
        1.4387189455072914e-07,
        0.9992720793892629,
        0.00036393162328876165,
        8.124958545176891e-05
      ],
      [
        0.0007316408926383043,
        0.5149572482147514,
        0.11161844291326609,
        0.17237079726981971,
        0.0007580840022420861,
        0.19956378670728248
      ],
      [
        0.49414379655998875,
        0.034454964588930645,
        0.1345048308131148,
        0.31882530399989684,
        0.01434018669164415,
        0.003730917346425008
      ],
      [
        0.616654116557119,
        0.05312971500926897,
        0.2861718916481381,
        0.0013701243960019486,
        0.007189773708920052,
        0.03548437868055192
      ],
      [
        0.002787177240335988,
        0.010406604755091432,
        0.0002161185926146894,
        0.3984856898470705,
        0.5869623893786173,
        0.001142020186270049
      ],
      [
        0.0005786451039161996,
        3.490471695932164e-05,
        0.0026705043117155208,
        0.21742546473883823,
        0.5088523276831226,
        0.2704381534454481
      ],
      [
        0.0017060853177753982,
        0.0005111254013483452,
        0.007412901352242301,
        0.9629649144549753,
        0.02516394396708449,
        0.002241029506574135
      ],
      [
        0.14687089678373774,
        0.02767041795350687,
        0.025186001808923865,
        0.14817185032687777,
        0.017150977063332202,
        0.6349498560636215
      ],
      [
        0.014418068380692865,
        0.0010785650076631705,
        0.005821535909271799,
        0.7478683488434544,
        0.006030902037391845,
        0.22478257982152589
      ],
      [
        0.006419044225396907,
        0.0002694288822449797,
        0.003183168180816667,
        0.6918132225774187,
        0.2964175221557675,
        0.0018976139783552196
      ],
      [
        0.6497079730133127,
        0.0001842500977977761,
        1.6308933486761492e-05,
        0.1678459422955318,
        0.18195087671805352,
        0.0002946489418173451
      ]
    ],
    "predictions": [
      5,
      5,
      0,
      0,
      3,
      5,
      0,
      0,
      4,
      0,
      4,
      0,
      5,
      3,
      4,
      5,
      0,
      5,
      4,
      5,
      4,
      3,
      5,
      5,
      4,
      1,
      5,
      3,
      5,
      0,
      5,
      5,
      5,
      5,
      5,
      5,
      2,
      4,
      5,
      1,
      5,
      5,
      4,
      1,
      5,
      3,
      4,
      3,
      4,
      5,
      2,
      0,
      4,
      3,
      4,
      4,
      4,
      1,
      1,
      0,
      0,
      5,
      1,
      0,
      1,
      1,
      0,
      4,
      5,
      1,
      0,
      0,
      0,
      1,
      0,
      1,
      1,
      4,
      5,
      3,
      1,
      5,
      5,
      5,
      0,
      5,
      1,
      2,
      4,
      4,
      4,
      4,
      3,
      4,
      4,
      4,
      1,
      3,
      1,
      0,
      0,
      4,
      4,
      3,
      5,
      3,
      3,
      0
    ],
    "true_labels": [
      0,
      0,
      0,
      0,
      0,
      0,
      0,
      0,
      0,
      0,
      0,
      0,
      0,
      0,
      0,
      0,
      0,
      0,
      0,
      0,
      0,
      0,
      0,
      0,
      0,
      0,
      0,
      0,
      0,
      0,
      5,
      5,
      5,
      5,
      5,
      5,
      5,
      5,
      5,
      5,
      5,
      5,
      5,
      5,
      5,
      5,
      5,
      5,
      5,
      5,
      5,
      5,
      5,
      5,
      5,
      1,
      1,
      1,
      1,
      1,
      1,
      1,
      1,
      1,
      1,
      1,
      1,
      1,
      1,
      1,
      1,
      1,
      1,
      1,
      1,
      1,
      1,
      1,
      2,
      2,
      2,
      2,
      2,
      2,
      2,
      2,
      2,
      2,
      4,
      4,
      4,
      4,
      4,
      4,
      4,
      4,
      4,
      4,
      3,
      3,
      3,
      3,
      3,
      3,
      3,
      3,
      3,
      3
    ],
    "patient_ids": [
      "201",
      "202",
      "203",
      "204",
      "205",
      "206",
      "207",
      "208",
      "209",
      "210",
      "211",
      "212",
      "213",
      "214",
      "215",
      "216",
      "217",
      "218",
      "219",
      "220",
      "221",
      "222",
      "223",
      "224",
      "225",
      "226",
      "227",
      "228",
      "229",
      "230",
      "231",
      "232",
      "233",
      "234",
      "235",
      "236",
      "237",
      "238",
      "239",
      "240",
      "241",
      "242",
      "243",
      "244",
      "245",
      "246",
      "247",
      "248",
      "249",
      "250",
      "251",
      "252",
      "253",
      "254",
      "255",
      "256",
      "257",
      "258",
      "259",
      "260",
      "261",
      "262",
      "264",
      "265",
      "266",
      "267",
      "269",
      "270",
      "271",
      "272",
      "273",
      "274",
      "275",
      "276",
      "277",
      "278",
      "279",
      "280",
      "281",
      "282",
      "283",
      "284",
      "285",
      "286",
      "287",
      "288",
      "289",
      "290",
      "291",
      "292",
      "293",
      "294",
      "295",
      "296",
      "297",
      "298",
      "299",
      "300",
      "301",
      "302",
      "303",
      "304",
      "305",
      "306",
      "307",
      "308",
      "309",
      "310"
    ]
  },
  "roc_auc": {
    "macro_auc": 0.7023801383926797,
    "per_class_auc": {
      "NOR": 0.6948717948717948,
      "HCM": 0.7442455242966751,
      "ARR": 0.3948979591836735,
      "CIA": 0.8153061224489796,
      "FALL": 0.8112244897959184,
      "LV": 0.7537349397590362
    }
  },
  "binary": {
    "accuracy": 0.6851851851851852,
    "f1": 0.7976190476190477,
    "sensitivity": 0.8589743589743589,
    "specificity": 0.23333333333333334,
    "roc_auc": 0.694871794871795,
    "binary_labels": [
      0,
      0,
      0,
      0,
      0,
      0,
      0,
      0,
      0,
      0,
      0,
      0,
      0,
      0,
      0,
      0,
      0,
      0,
      0,
      0,
      0,
      0,
      0,
      0,
      0,
      0,
      0,
      0,
      0,
      0,
      1,
      1,
      1,
      1,
      1,
      1,
      1,
      1,
      1,
      1,
      1,
      1,
      1,
      1,
      1,
      1,
      1,
      1,
      1,
      1,
      1,
      1,
      1,
      1,
      1,
      1,
      1,
      1,
      1,
      1,
      1,
      1,
      1,
      1,
      1,
      1,
      1,
      1,
      1,
      1,
      1,
      1,
      1,
      1,
      1,
      1,
      1,
      1,
      1,
      1,
      1,
      1,
      1,
      1,
      1,
      1,
      1,
      1,
      1,
      1,
      1,
      1,
      1,
      1,
      1,
      1,
      1,
      1,
      1,
      1,
      1,
      1,
      1,
      1,
      1,
      1,
      1,
      1
    ],
    "binary_probs": [
      0.999167928173669,
      0.9475688888540572,
      0.012965739754755679,
      0.3682257953710817,
      0.577226344760152,
      0.782924825088813,
      1.0408969047137617e-05,
      0.4275955687863411,
      0.6363083093183532,
      0.004317710455301826,
      0.8291875327950416,
      0.3031407608691089,
      0.9968022001495642,
      0.9485182808375681,
      0.9536953844219898,
      0.9998587731687087,
      0.34761842148754896,
      0.9997526709113376,
      0.9736275803765636,
      0.9899988420993487,
      0.9875900530605217,
      0.894695604387624,
      0.9996465803621563,
      0.9769602376781161,
      0.999731000341868,
      0.999997068055167,
      0.9561887983372861,
      0.7221415565960718,
      0.8659522959185688,
      0.5127884144853898,
      0.999911032542361,
      0.9999639767460398,
      0.9936344387320224,
      0.9722062915112661,
      0.999851103197063,
      0.9999836978124598,
      0.9997878519392079,
      0.9999977005475336,
      0.9999994825280638,
      0.9999844391313615,
      0.9999466767442138,
      0.9999950351115346,
      0.9972714808816189,
      0.9999397523602422,
      0.999999970633686,
      0.9891562283181011,
      0.9999996270633265,
      0.9949157827200431,
      0.9981150040468578,
      0.9995843346377116,
      0.9969440898638601,
      0.10170328130030737,
      0.9999983580246352,
      0.6236573543364023,
      0.999098847717566,
      0.7510621974204741,
      0.9793410462149295,
      0.8560790930205255,
      0.9999882375154177,
      0.09538877130213697,
      0.013283712125927827,
      0.9747396401721329,
      0.8952979587086177,
      0.02539642312693391,
      0.9999914797986983,
      0.9914906383496416,
      0.1724915602385455,
      0.982830897586257,
      0.9999999995554975,
      0.9672034477588011,
      0.17899719028631744,
      0.12013808922844182,
      0.4054772857287665,
      0.5611868808290651,
      0.415013672796947,
      0.996477262570801,
      0.999949780542324,
      0.8029945118471191,
      0.9998260019993144,
      0.9999678753393836,
      0.9854563031675754,
      0.9999999878150434,
      0.9999826890958806,
      0.9999475482011686,
      0.5163609816842312,
      0.9999998875249068,
      0.9999349831622331,
      0.9932203790367267,
      0.999949905204926,
      0.9946687718816505,
      0.9999730586018163,
      0.9911787841835406,
      0.9831816848717225,
      0.9995881612366778,
      0.99391791943765,
      0.7093905888894589,
      0.998270387890441,
      0.9997751621976597,
      0.9992683591073617,
      0.5058562034400113,
      0.383345883442881,
      0.997212822759664,
      0.9994213548960837,
      0.9982939146822246,
      0.8531291032162622,
      0.9855819316193072,
      0.9935809557746031,
      0.35029202698668727
    ]
  }
}