{
  "config": {
    "dataset": "mnm2",
    "backbone": "cinema",
    "model_name": "cinema_pretrained",
    "eval_mode": "logreg",
    "pooling": "gap",
    "embed_dim": 768,
    "best_hyperparam": 31.62277603149414,
    "hyperparam_name": "C",
    "num_classes": 6,
    "class_names": [
      "NOR",
      "HCM",
      "ARR",
      "CIA",
      "FALL",
      "LV"
    ]
  },
  "sweep_results": [
    {
      "param_value": 9.999999974752427e-07,
      "mean_cv_acc": 0.17857142857142858,
      "std_cv_acc": 0.0
    },
    {
      "param_value": 1.7782793975129607e-06,
      "mean_cv_acc": 0.17857142857142858,
      "std_cv_acc": 0.0
    },
    {
      "param_value": 3.1622776077711023e-06,
      "mean_cv_acc": 0.17857142857142858,
      "std_cv_acc": 0.0
    },
    {
      "param_value": 5.6234130170196295e-06,
      "mean_cv_acc": 0.17857142857142858,
      "std_cv_acc": 0.0
    },
    {
      "param_value": 9.999999747378752e-06,
      "mean_cv_acc": 0.17857142857142858,
      "std_cv_acc": 0.0
    },
    {
      "param_value": 1.778279329300858e-05,
      "mean_cv_acc": 0.21428571428571427,
      "std_cv_acc": 0.0
    },
    {
      "param_value": 3.162277789670043e-05,
      "mean_cv_acc": 0.25,
      "std_cv_acc": 0.0
    },
    {
      "param_value": 5.62341338081751e-05,
      "mean_cv_acc": 0.25,
      "std_cv_acc": 0.0
    },
    {
      "param_value": 9.999999747378752e-05,
      "mean_cv_acc": 0.25,
      "std_cv_acc": 0.0
    },
    {
      "param_value": 0.00017782794020604342,
      "mean_cv_acc": 0.32142857142857145,
      "std_cv_acc": 0.0
    },
    {
      "param_value": 0.0003162277571391314,
      "mean_cv_acc": 0.42857142857142855,
      "std_cv_acc": 0.0
    },
    {
      "param_value": 0.000562341301701963,
      "mean_cv_acc": 0.39285714285714285,
      "std_cv_acc": 0.0
    },
    {
      "param_value": 0.0010000000474974513,
      "mean_cv_acc": 0.4642857142857143,
      "std_cv_acc": 0.0
    },
    {
      "param_value": 0.0017782794311642647,
      "mean_cv_acc": 0.4642857142857143,
      "std_cv_acc": 0.0
    },
    {
      "param_value": 0.003162277629598975,
      "mean_cv_acc": 0.5,
      "std_cv_acc": 0.0
    },
    {
      "param_value": 0.005623413249850273,
      "mean_cv_acc": 0.5357142857142857,
      "std_cv_acc": 0.0
    },
    {
      "param_value": 0.009999999776482582,
      "mean_cv_acc": 0.5357142857142857,
      "std_cv_acc": 0.0
    },
    {
      "param_value": 0.017782794311642647,
      "mean_cv_acc": 0.6071428571428571,
      "std_cv_acc": 0.0
    },
    {
      "param_value": 0.03162277489900589,
      "mean_cv_acc": 0.6071428571428571,
      "std_cv_acc": 0.0
    },
    {
      "param_value": 0.05623413249850273,
      "mean_cv_acc": 0.6071428571428571,
      "std_cv_acc": 0.0
    },
    {
      "param_value": 0.10000000149011612,
      "mean_cv_acc": 0.6428571428571429,
      "std_cv_acc": 0.0
    },
    {
      "param_value": 0.17782793939113617,
      "mean_cv_acc": 0.6428571428571429,
      "std_cv_acc": 0.0
    },
    {
      "param_value": 0.3162277638912201,
      "mean_cv_acc": 0.6428571428571429,
      "std_cv_acc": 0.0
    },
    {
      "param_value": 0.5623413324356079,
      "mean_cv_acc": 0.6428571428571429,
      "std_cv_acc": 0.0
    },
    {
      "param_value": 1.0,
      "mean_cv_acc": 0.6428571428571429,
      "std_cv_acc": 0.0
    },
    {
      "param_value": 1.778279423713684,
      "mean_cv_acc": 0.6428571428571429,
      "std_cv_acc": 0.0
    },
    {
      "param_value": 3.1622776985168457,
      "mean_cv_acc": 0.6428571428571429,
      "std_cv_acc": 0.0
    },
    {
      "param_value": 5.6234130859375,
      "mean_cv_acc": 0.6428571428571429,
      "std_cv_acc": 0.0
    },
    {
      "param_value": 10.0,
      "mean_cv_acc": 0.6428571428571429,
      "std_cv_acc": 0.0
    },
    {
      "param_value": 17.782794952392578,
      "mean_cv_acc": 0.6428571428571429,
      "std_cv_acc": 0.0
    },
    {
      "param_value": 31.62277603149414,
      "mean_cv_acc": 0.6785714285714286,
      "std_cv_acc": 0.0
    },
    {
      "param_value": 56.234130859375,
      "mean_cv_acc": 0.6785714285714286,
      "std_cv_acc": 0.0
    },
    {
      "param_value": 100.0,
      "mean_cv_acc": 0.6785714285714286,
      "std_cv_acc": 0.0
    },
    {
      "param_value": 177.82794189453125,
      "mean_cv_acc": 0.6785714285714286,
      "std_cv_acc": 0.0
    },
    {
      "param_value": 316.2277526855469,
      "mean_cv_acc": 0.6785714285714286,
      "std_cv_acc": 0.0
    },
    {
      "param_value": 562.34130859375,
      "mean_cv_acc": 0.6785714285714286,
      "std_cv_acc": 0.0
    },
    {
      "param_value": 1000.0,
      "mean_cv_acc": 0.6785714285714286,
      "std_cv_acc": 0.0
    },
    {
      "param_value": 1778.2794189453125,
      "mean_cv_acc": 0.6785714285714286,
      "std_cv_acc": 0.0
    },
    {
      "param_value": 3162.277587890625,
      "mean_cv_acc": 0.6785714285714286,
      "std_cv_acc": 0.0
    },
    {
      "param_value": 5623.4130859375,
      "mean_cv_acc": 0.6785714285714286,
      "std_cv_acc": 0.0
    },
    {
      "param_value": 10000.0,
      "mean_cv_acc": 0.6785714285714286,
      "std_cv_acc": 0.0
    },
    {
      "param_value": 17782.794921875,
      "mean_cv_acc": 0.6785714285714286,
      "std_cv_acc": 0.0
    },
    {
      "param_value": 31622.77734375,
      "mean_cv_acc": 0.6785714285714286,
      "std_cv_acc": 0.0
    },
    {
      "param_value": 56234.1328125,
      "mean_cv_acc": 0.6785714285714286,
      "std_cv_acc": 0.0
    },
    {
      "param_value": 100000.0,
      "mean_cv_acc": 0.6785714285714286,
      "std_cv_acc": 0.0
    }
  ],
  "five_way": {
    "accuracy": 0.3611111111111111,
    "macro_f1": 0.3366985214256362,
    "macro_sensitivity": 0.36289855072463767,
    "macro_specificity": 0.8706003686615209,
    "per_class_sensitivity": {
      "NOR": 0.3,
      "HCM": 0.21739130434782608,
      "ARR": 0.1,
      "CIA": 0.4,
      "FALL": 0.6,
      "LV": 0.56
    },
    "per_class_specificity": {
      "NOR": 0.8333333333333334,
      "HCM": 0.9058823529411765,
      "ARR": 0.9387755102040817,
      "CIA": 0.7857142857142857,
      "FALL": 0.9285714285714286,
      "LV": 0.8313253012048193
    },
    "confusion_matrix": [
      [
        9,
        1,
        2,
        8,
        3,
        7
      ],
      [
        11,
        5,
        2,
        3,
        0,
        2
      ],
      [
        0,
        2,
        1,
        3,
        0,
        4
      ],
      [
        0,
        2,
        1,
        4,
        2,
        1
      ],
      [
        1,
        0,
        0,
        3,
        6,
        0
      ],
      [
        1,
        3,
        1,
        4,
        2,
        14
      ]
    ],
    "classification_report": {
      "NOR": {
        "precision": 0.4090909090909091,
        "recall": 0.3,
        "f1-score": 0.34615384615384615,
        "support": 30.0
      },
      "HCM": {
        "precision": 0.38461538461538464,
        "recall": 0.21739130434782608,
        "f1-score": 0.2777777777777778,
        "support": 23.0
      },
      "ARR": {
        "precision": 0.14285714285714285,
        "recall": 0.1,
        "f1-score": 0.11764705882352941,
        "support": 10.0
      },
      "CIA": {
        "precision": 0.16,
        "recall": 0.4,
        "f1-score": 0.22857142857142856,
        "support": 10.0
      },
      "FALL": {
        "precision": 0.46153846153846156,
        "recall": 0.6,
        "f1-score": 0.5217391304347826,
        "support": 10.0
      },
      "LV": {
        "precision": 0.5,
        "recall": 0.56,
        "f1-score": 0.5283018867924528,
        "support": 25.0
      },
      "accuracy": 0.3611111111111111,
      "macro avg": {
        "precision": 0.34301698301698297,
        "recall": 0.36289855072463767,
        "f1-score": 0.3366985214256362,
        "support": 108.0
      },
      "weighted avg": {
        "precision": 0.3820633070633071,
        "recall": 0.3611111111111111,
        "f1-score": 0.3579687742741944,
        "support": 108.0
      }
    },
    "probabilities": [
      [
        0.00021395636416607735,
        0.0010060130452135114,
        8.8127027541012e-06,
        0.6095326401148373,
        2.217436485098008e-05,
        0.389216403408178
      ],
      [
        2.1865718751824593e-05,
        0.8914451574130565,
        0.00011951152695067851,
        5.922753507716824e-06,
        0.0009977131050615021,
        0.1074098294826719
      ],
      [
        0.9968590240627876,
        0.00010864550976613446,
        9.576603476196164e-06,
        0.0029487199743672412,
        6.282729148774596e-06,
        6.775112045400384e-05
      ],
      [
        0.971797122531585,
        0.004918465549821607,
        0.02327695903236535,
        1.5478428241290435e-06,
        1.8729281088310774e-07,
        5.717750593140021e-06
      ],
      [
        0.21317785605290143,
        0.0019761064439978945,
        0.002495050411125302,
        0.7809687216052463,
        0.0013722888431202949,
        9.976643608807732e-06
      ],
      [
        0.9991822653345784,
        3.583378658003491e-09,
        2.1478576210467087e-05,
        1.3068220920214047e-05,
        9.209574160690301e-07,
        0.0007822633274963246
      ],
      [
        0.9992669236143898,
        3.60772161913509e-07,
        0.0007297794405481165,
        3.4823097956927274e-08,
        2.487088023184338e-06,
        4.1426177896499896e-07
      ],
      [
        0.13336613903079686,
        3.156689456761052e-05,
        0.0787846916770126,
        0.7877783878715381,
        6.501784263454871e-06,
        3.2712741821328955e-05
      ],
      [
        0.8676727110461163,
        2.9346982846696835e-06,
        0.0004137518659341463,
        1.5555061316717368e-06,
        0.13177138343458591,
        0.00013766344894720098
      ],
      [
        0.8599788396111389,
        0.00010593110748631051,
        0.001070518244880876,
        0.13878435249189813,
        6.033391897650346e-05,
        2.4625619397444127e-08
      ],
      [
        0.08809339170804807,
        0.02303855657568058,
        0.0004996559150863831,
        0.05992185749021482,
        0.8261035147143617,
        0.0023430235966084936
      ],
      [
        0.9927678072595179,
        6.205873437355933e-06,
        0.00022258537297905674,
        0.006829252617485921,
        4.638609878434854e-06,
        0.00016951026670140244
      ],
      [
        5.938883574382082e-08,
        6.624756393808908e-05,
        0.0009244716366523357,
        1.4882235684559806e-05,
        0.9956379913435989,
        0.003356347831290286
      ],
      [
        0.04595231575619173,
        8.084448816757422e-05,
        9.056640655824502e-06,
        0.9495886223920924,
        6.679271297365751e-05,
        0.004302368009918829
      ],
      [
        0.009323359715939367,
        4.410625118673898e-06,
        0.0003014838376357803,
        0.9876048751469793,
        0.0003229420563090059,
        0.002442928618017969
      ],
      [
        6.830534920053397e-06,
        3.123951936798662e-06,
        3.70507108107217e-05,
        0.004594659233856347,
        4.555744370970651e-05,
        0.9953127781247663
      ],
      [
        0.6374354933822517,
        1.677643590374619e-07,
        2.9968657537638588e-06,
        0.009307935332843449,
        0.352635270134302,
        0.0006181365204901564
      ],
      [
        1.555148036923668e-06,
        5.3084020777914994e-05,
        0.0007886203473672622,
        0.014448543565410277,
        2.25577111290921e-06,
        0.9847059411472947
      ],
      [
        2.5043973426939644e-05,
        0.007532482296917881,
        0.6686669220316724,
        0.012105367356474316,
        0.3110565905372763,
        0.0006135938042320526
      ],
      [
        0.005882543478585617,
        0.017971524868419467,
        0.41030473554694874,
        0.500815656116629,
        0.0524264200242827,
        0.012599119965134617
      ],
      [
        0.028530689395438732,
        0.0003138471782780304,
        0.10931195855093444,
        0.01736700220005203,
        0.8411113501490654,
        0.0033651525262314345
      ],
      [
        0.04723788313823695,
        3.472759176456962e-05,
        0.03618460214782614,
        0.39240629797272314,
        5.430816652351032e-05,
        0.5240821809829257
      ],
      [
        6.668435225988798e-07,
        0.003273614500855516,
        0.338983576037625,
        0.0001252851022305438,
        0.002534343299957477,
        0.6550825142158088
      ],
      [
        0.009533790579991708,
        0.0015519642884957922,
        0.8025574538175552,
        0.13604511148853843,
        0.008664074110441993,
        0.04164760571497676
      ],
      [
        2.0080612302734053e-05,
        0.0006143472411332808,
        0.057451630087891996,
        0.0017316279193320284,
        0.1754140294125313,
        0.7647682847268087
      ],
      [
        2.436698963104595e-10,
        0.00010586511256534907,
        3.6540247735584644e-08,
        8.430414966764474e-06,
        0.004039994744038331,
        0.995845672944512
      ],
      [
        0.03328566157579302,
        0.059430761939522604,
        0.35181623592851574,
        0.0031994196701829406,
        0.008676810306148756,
        0.543591110579837
      ],
      [
        0.3499706476342871,
        0.000993609581969784,
        0.06783704086118363,
        0.5804443066590875,
        0.00034749763932536006,
        0.0004068976241466141
      ],
      [
        9.169832724058785e-05,
        1.0699680969787182e-05,
        0.012691780921061914,
        0.9854580916841295,
        5.893995044185326e-05,
        0.001688789436156359
      ],
      [
        0.9811164810027352,
        0.0004114282418387529,
        0.001524180610652246,
        0.014550419570380667,
        0.0019278991029434808,
        0.0004695914714494241
      ],
      [
        8.00123082892301e-06,
        0.3866209556029096,
        3.2991419395697034e-05,
        0.41196101598369766,
        2.172779690320726e-05,
        0.20135530796626505
      ],
      [
        7.003439614612596e-09,
        0.011410639093835197,
        0.0023866320823661413,
        1.4969447923120733e-06,
        1.3558686810839583e-05,
        0.9861876661887559
      ],
      [
        3.7575578139270204e-06,
        0.9302520976467964,
        0.0016288618105011203,
        2.850932493225508e-05,
        3.383961979405769e-06,
        0.06808338969797707
      ],
      [
        0.0009389471636425486,
        1.778848593957562e-05,
        1.7397323483826666e-05,
        0.0023587687378092107,
        0.000255804544044172,
        0.9964112937450808
      ],
      [
        1.231866873773507e-05,
        0.01371625062145145,
        0.9374169523540911,
        0.001671498216549662,
        3.2174907752800556e-06,
        0.04717976264839473
      ],
      [
        7.548363381570839e-06,
        9.23186582022838e-07,
        0.00030489602595581365,
        0.0008770521756664193,
        1.1656117222747236e-05,
        0.9987979241311914
      ],
      [
        7.155142746539607e-06,
        2.9963348484692252e-05,
        0.0026519989490001446,
        0.004496042798094072,
        8.481157517231848e-08,
        0.9928147549500993
      ],
      [
        5.595507465433659e-12,
        7.279926673357917e-08,
        1.6046999327633575e-09,
        9.348927164492808e-07,
        0.0001014903154636112,
        0.9998975003822577
      ],
      [
        5.221843673165644e-08,
        5.0863494196009964e-09,
        1.8962388537617088e-08,
        0.003868280570264516,
        1.4609949789152586e-06,
        0.996130182167582
      ],
      [
        2.2434790066952638e-06,
        0.8714439400629818,
        8.769311153220287e-07,
        0.04983945474583864,
        0.0003446375715013751,
        0.07836884720955627
      ],
      [
        7.304162520078767e-06,
        0.25277491342089486,
        0.012305281177482832,
        0.0031065305826871916,
        0.004659618425684346,
        0.7271463522307307
      ],
      [
        6.637002785090132e-08,
        0.00079091432688912,
        4.1308167828074795e-07,
        9.205016138670811e-07,
        0.0006656710595194069,
        0.9985420146602714
      ],
      [
        0.001190495064520712,
        0.0003068404844665286,
        0.0001873120620495329,
        0.0009526948775702272,
        0.9933924031951662,
        0.003970254316226923
      ],
      [
        5.0032810658295643e-05,
        0.005192394439370586,
        0.012152854581176112,
        0.4753157599256037,
        3.6614820577244014e-07,
        0.5072885920949856
      ],
      [
        3.2036766307053515e-11,
        5.712875359078681e-06,
        4.2918754512476984e-12,
        1.1866255454911027e-06,
        5.9539873200766024e-08,
        0.9999930409228934
      ],
      [
        0.004951587005454195,
        9.894410955410996e-06,
        7.720898447978897e-07,
        0.9949610844731268,
        6.766627768194091e-07,
        7.598535784220265e-05
      ],
      [
        5.825234691166108e-12,
        0.029465696203241392,
        4.787773473712414e-06,
        0.00030915625338898047,
        0.967670451940377,
        0.0025499078236936364
      ],
      [
        0.029659937319613933,
        0.07740442781762932,
        0.13962049248681352,
        0.7111534533704104,
        0.0012224568592680404,
        0.04093923214626496
      ],
      [
        0.00013685904473991015,
        0.8587833865134088,
        0.01087984510057385,
        3.382911190337825e-05,
        0.010392834941805523,
        0.11977324528756861
      ],
      [
        2.8236093036988095e-07,
        0.0006111241924775845,
        0.00010851316034024719,
        0.004586582064012876,
        0.0011626348037362963,
        0.9935308634185025
      ],
      [
        4.9467319684862015e-06,
        0.005358670099665576,
        0.000655038358035173,
        1.4456534484185364e-05,
        0.00044675624651012885,
        0.9935201320293364
      ],
      [
        0.9962801981691283,
        6.387679063008678e-09,
        3.1942554899633046e-10,
        0.003719089848472879,
        4.989514749385821e-07,
        2.0632381933196856e-07
      ],
      [
        3.301257284303832e-11,
        0.0011545038449706432,
        1.3734812938732068e-06,
        1.502041478299829e-08,
        0.01304955398886364,
        0.9857945536314444
      ],
      [
        0.002462631036729136,
        0.014945459498946498,
        1.8758326972491594e-06,
        0.9248349999806099,
        0.0012121914304662905,
        0.056542842220550726
      ],
      [
        1.1441717088214383e-05,
        3.844347790665652e-08,
        7.027624820923321e-06,
        2.1603500413659952e-05,
        0.13298199273378628,
        0.8669778959804131
      ],
      [
        0.13256886924677308,
        4.824046702024662e-07,
        0.8008661777377079,
        1.57561015129764e-05,
        0.06654871320149133,
        1.3078445252680496e-09
      ],
      [
        0.006871736773029525,
        0.00017908295592904402,
        0.0001606627579901394,
        0.9007180039969118,
        0.08685881482526339,
        0.005211698690876138
      ],
      [
        0.019817569907965127,
        0.05868235415641525,
        0.028797716574834053,
        0.8759635548868531,
        0.016715060514701105,
        2.3743959231367642e-05
      ],
      [
        2.8490102853397175e-06,
        0.9977675726244737,
        8.303175520226146e-05,
        1.2817443164665586e-07,
        5.0474258682465915e-05,
        0.002095944176924749
      ],
      [
        0.9952929204842326,
        8.846945507091653e-11,
        1.0583128497522214e-06,
        0.004706020567296814,
        1.8559249559563394e-11,
        5.285921146979608e-10
      ],
      [
        0.9996455740664651,
        0.0002190850076277569,
        2.588387308002781e-05,
        0.00010096333411098786,
        8.455402016494046e-06,
        3.831669949132548e-08
      ],
      [
        2.160245124968436e-06,
        0.0036412110019402887,
        1.7851488930327963e-06,
        5.668583516258383e-05,
        0.00015830657666204918,
        0.996139851192217
      ],
      [
        0.03027269195999176,
        0.8638163307767233,
        0.022305758885967447,
        0.06929921017460951,
        0.014224391998113107,
        8.161620459491688e-05
      ],
      [
        0.9981128820604102,
        0.0007461343884335074,
        1.9106074904794823e-06,
        0.00019038106787107952,
        0.0009486918615797557,
        1.421510861253064e-11
      ],
      [
        9.220813594145293e-06,
        0.6984845706341185,
        3.5728467652964345e-06,
        0.2987437157430073,
        4.4549947133007174e-07,
        0.0027584744630434334
      ],
      [
        0.4610355753673337,
        0.3972292338030359,
        4.564568589727999e-05,
        0.07504117321643032,
        1.5943171740492178e-09,
        0.06664837033298554
      ],
      [
        0.24215315911659874,
        0.0006999118641636896,
        0.015577552805290234,
        0.7415487546822277,
        2.039441581003272e-05,
        2.2711590960131594e-07
      ],
      [
        0.15534073425034467,
        0.060429455949814845,
        0.43634270634373107,
        0.004521876479964592,
        0.3433644234705692,
        8.035055756293718e-07
      ],
      [
        3.7230770497637816e-14,
        0.0021505596117489365,
        5.8224080799210455e-06,
        1.9768490426711423e-07,
        5.8561824444711665e-06,
        0.9978375641127852
      ],
      [
        0.7125566935454498,
        0.14179854698441827,
        0.0005566701387580865,
        0.10874486798379798,
        0.03634320749005261,
        1.3857523014711112e-08
      ],
      [
        0.9696538071040363,
        0.02612907087454507,
        0.0002464570588974859,
        0.0039657949680077026,
        4.7525188158950944e-06,
        1.1747569767368757e-07
      ],
      [
        0.915432725245255,
        0.013919931602520447,
        0.06563941066458258,
        0.0009219742375842217,
        0.004085856071004092,
        1.0217905367489043e-07
      ],
      [
        0.9945292856711387,
        0.00039904623548384685,
        0.002123040524904021,
        0.0029270415273874094,
        2.1555450917129424e-05,
        3.059016923850584e-08
      ],
      [
        0.965604382252154,
        0.03373239228271358,
        0.0004778575296427089,
        0.00015230756873741913,
        3.5534481990057587e-06,
        2.95069185531265e-05
      ],
      [
        0.8918808469321712,
        0.07258909078000154,
        2.6349730448695475e-05,
        0.000618156060350199,
        0.03488555168937886,
        4.807649524100627e-09
      ],
      [
        5.024959373133933e-05,
        0.9884887519345823,
        2.1667869923475283e-06,
        0.0032578858555342167,
        0.008191389100203806,
        9.556728956104266e-06
      ],
      [
        1.0130255478268894e-05,
        0.9804032841262723,
        0.0154963804307646,
        1.1280204419728753e-06,
        0.0006708690070250674,
        0.0034182081600177667
      ],
      [
        0.8165132426866409,
        0.014135439993188927,
        0.05715206730074266,
        0.10619586287561589,
        0.0060024169922655935,
        9.701515461343808e-07
      ],
      [
        1.0489186139494061e-05,
        0.0058917826477292955,
        0.0042050073191616895,
        0.8729335139878361,
        0.006378896622031225,
        0.11058031023710217
      ],
      [
        9.929257771935895e-06,
        0.0031097309488457353,
        1.3615420726150045e-12,
        0.9393182627239403,
        0.055583283839058986,
        0.0019787932290218054
      ],
      [
        0.04429809838523759,
        0.5182374363198897,
        1.970474376975948e-06,
        0.4158062304794893,
        0.00034159517253989306,
        0.021314669168466364
      ],
      [
        4.286110424564538e-11,
        1.744048301124005e-06,
        0.043907841329914744,
        0.01874861656826304,
        8.693587089865005e-05,
        0.9372548621397613
      ],
      [
        3.998715315941181e-09,
        0.000557776351416959,
        4.43089152833059e-05,
        0.00013839734840355097,
        0.04374903959538736,
        0.9555104737907935
      ],
      [
        1.986582536999431e-09,
        0.03097614162096784,
        8.947603700839121e-07,
        2.1453233074713805e-05,
        1.1333548321568339e-05,
        0.9689901748506833
      ],
      [
        0.1632020818441245,
        0.03342392799844398,
        0.0008882689044324558,
        0.7934206822886172,
        3.2202884792769344e-07,
        0.00906471693553402
      ],
      [
        3.4907371548795587e-13,
        6.093577782753379e-06,
        3.0805392473079335e-07,
        8.321255908015256e-08,
        8.84865443030346e-05,
        0.9999050286110814
      ],
      [
        2.626870798339121e-07,
        0.9488113610314257,
        0.050649481014412495,
        0.00031322015314903893,
        9.452432992226344e-05,
        0.00013115078401046646
      ],
      [
        0.0035439408773005722,
        0.4451830769359608,
        0.5432991837419381,
        0.0001813174336282084,
        1.4588024393085559e-05,
        0.007777892986779104
      ],
      [
        1.5336595432878323e-05,
        7.750274729225775e-07,
        9.710552987089025e-08,
        0.0017098055882741152,
        0.9982739845684445,
        1.1148457038042866e-09
      ],
      [
        1.1137746272497649e-05,
        1.3702677452105387e-06,
        3.435211441768467e-08,
        3.005717571949602e-08,
        0.9999874062672266,
        2.1309465566868027e-08
      ],
      [
        4.368213795510634e-08,
        1.1766049110167901e-06,
        2.1436218176159653e-08,
        7.988387995658396e-06,
        0.9999907018379932,
        6.805074390940132e-08
      ],
      [
        0.0003413776233058787,
        0.0028102279182139625,
        7.336877456846619e-05,
        0.11872119966340682,
        0.8779934434526012,
        6.0382567903515344e-05
      ],
      [
        0.16382942658655122,
        0.03511050013190912,
        1.4268490485001133e-05,
        0.498597984171779,
        0.01351750830525229,
        0.28893031231402333
      ],
      [
        0.00034303780000664104,
        0.007193893813383606,
        0.004099829855559784,
        0.00168404412485619,
        0.9716808617868565,
        0.014998332619337187
      ],
      [
        0.02095271476815574,
        2.2491389973776154e-05,
        0.002480967838388359,
        0.01167122246644766,
        0.9647958801204575,
        7.672341657691052e-05
      ],
      [
        0.6182969844106547,
        9.186523023371632e-11,
        3.8988659943997533e-08,
        0.373181405665254,
        0.00852156395035988,
        6.893206172542192e-09
      ],
      [
        0.00012446239977964593,
        0.00329651508804778,
        6.147830651497137e-05,
        0.9093426690856169,
        0.07963337743730714,
        0.00754149768273361
      ],
      [
        1.0113448696791703e-06,
        6.71344016273921e-07,
        2.3641837483535263e-07,
        0.9999955505671214,
        2.1178799025253716e-06,
        4.124457152489703e-07
      ],
      [
        1.7724244617381823e-06,
        0.9273273721531573,
        0.03987469825066618,
        0.019101043884090924,
        3.0763708193599026e-06,
        0.013692036916804517
      ],
      [
        0.011942832853288558,
        0.0039155247317652075,
        0.49827215504204936,
        0.4848492121326225,
        0.0008710783932243194,
        0.0001491968470502063
      ],
      [
        3.377471528699565e-06,
        0.9999539206650824,
        8.040361914995795e-07,
        8.712829101330592e-08,
        4.131734822715315e-05,
        4.933506791246488e-07
      ],
      [
        0.0015343237986378026,
        2.519268208604313e-05,
        6.2292088494729195e-06,
        0.9960546649640577,
        0.002379585944070767,
        3.402298278898771e-09
      ],
      [
        2.696499724249349e-07,
        2.29648173853678e-10,
        1.9734332759982463e-06,
        0.6964423070055901,
        0.0633345737383734,
        0.24022087594313993
      ],
      [
        5.0663773822562344e-08,
        1.3556727464517637e-07,
        4.13093989956221e-06,
        0.999497887654837,
        4.2488549547327014e-05,
        0.0004553066246675258
      ],
      [
        0.0015208457670687204,
        0.056553991705622524,
        0.002363103844899159,
        0.014280835112976488,
        0.0013083116374930114,
        0.9239729119319402
      ],
      [
        8.315190222626462e-05,
        0.038955570835699935,
        0.002634497070151795,
        0.8217883753347074,
        0.0006255301198336827,
        0.135912874737381
      ],
      [
        0.006156386737332218,
        1.0454951571734885e-06,
        0.0011907739244220118,
        0.041611821119381866,
        0.9476937803259342,
        0.0033461923977723246
      ],
      [
        0.007998435177127066,
        2.418336771184263e-06,
        2.2872092464143806e-06,
        0.0018172831452433038,
        0.9901716801689876,
        7.895962624416652e-06
      ]
    ],
    "predictions": [
      3,
      1,
      0,
      0,
      3,
      0,
      0,
      3,
      0,
      0,
      4,
      0,
      4,
      3,
      3,
      5,
      0,
      5,
      2,
      3,
      4,
      5,
      5,
      2,
      5,
      5,
      5,
      3,
      3,
      0,
      3,
      5,
      1,
      5,
      2,
      5,
      5,
      5,
      5,
      1,
      5,
      5,
      4,
      5,
      5,
      3,
      4,
      3,
      1,
      5,
      5,
      0,
      5,
      3,
      5,
      2,
      3,
      3,
      1,
      0,
      0,
      5,
      1,
      0,
      1,
      0,
      3,
      2,
      5,
      0,
      0,
      0,
      0,
      0,
      0,
      1,
      1,
      0,
      3,
      3,
      1,
      5,
      5,
      5,
      3,
      5,
      1,
      2,
      4,
      4,
      4,
      4,
      3,
      4,
      4,
      0,
      3,
      3,
      1,
      2,
      1,
      3,
      3,
      3,
      5,
      3,
      4,
      4
    ],
    "true_labels": [
      0,
      0,
      0,
      0,
      0,
      0,
      0,
      0,
      0,
      0,
      0,
      0,
      0,
      0,
      0,
      0,
      0,
      0,
      0,
      0,
      0,
      0,
      0,
      0,
      0,
      0,
      0,
      0,
      0,
      0,
      5,
      5,
      5,
      5,
      5,
      5,
      5,
      5,
      5,
      5,
      5,
      5,
      5,
      5,
      5,
      5,
      5,
      5,
      5,
      5,
      5,
      5,
      5,
      5,
      5,
      1,
      1,
      1,
      1,
      1,
      1,
      1,
      1,
      1,
      1,
      1,
      1,
      1,
      1,
      1,
      1,
      1,
      1,
      1,
      1,
      1,
      1,
      1,
      2,
      2,
      2,
      2,
      2,
      2,
      2,
      2,
      2,
      2,
      4,
      4,
      4,
      4,
      4,
      4,
      4,
      4,
      4,
      4,
      3,
      3,
      3,
      3,
      3,
      3,
      3,
      3,
      3,
      3
    ],
    "patient_ids": [
      "201",
      "202",
      "203",
      "204",
      "205",
      "206",
      "207",
      "208",
      "209",
      "210",
      "211",
      "212",
      "213",
      "214",
      "215",
      "216",
      "217",
      "218",
      "219",
      "220",
      "221",
      "222",
      "223",
      "224",
      "225",
      "226",
      "227",
      "228",
      "229",
      "230",
      "231",
      "232",
      "233",
      "234",
      "235",
      "236",
      "237",
      "238",
      "239",
      "240",
      "241",
      "242",
      "243",
      "244",
      "245",
      "246",
      "247",
      "248",
      "249",
      "250",
      "251",
      "252",
      "253",
      "254",
      "255",
      "256",
      "257",
      "258",
      "259",
      "260",
      "261",
      "262",
      "264",
      "265",
      "266",
      "267",
      "269",
      "270",
      "271",
      "272",
      "273",
      "274",
      "275",
      "276",
      "277",
      "278",
      "279",
      "280",
      "281",
      "282",
      "283",
      "284",
      "285",
      "286",
      "287",
      "288",
      "289",
      "290",
      "291",
      "292",
      "293",
      "294",
      "295",
      "296",
      "297",
      "298",
      "299",
      "300",
      "301",
      "302",
      "303",
      "304",
      "305",
      "306",
      "307",
      "308",
      "309",
      "310"
    ]
  },
  "roc_auc": {
    "macro_auc": 0.6954997912987709,
    "per_class_auc": {
      "NOR": 0.6717948717948717,
      "HCM": 0.6936061381074169,
      "ARR": 0.47857142857142854,
      "CIA": 0.6846938775510205,
      "FALL": 0.8346938775510204,
      "LV": 0.8096385542168675
    }
  },
  "binary": {
    "accuracy": 0.6944444444444444,
    "f1": 0.8,
    "sensitivity": 0.8461538461538461,
    "specificity": 0.3,
    "roc_auc": 0.6717948717948717,
    "binary_labels": [
      0,
      0,
      0,
      0,
      0,
      0,
      0,
      0,
      0,
      0,
      0,
      0,
      0,
      0,
      0,
      0,
      0,
      0,
      0,
      0,
      0,
      0,
      0,
      0,
      0,
      0,
      0,
      0,
      0,
      0,
      1,
      1,
      1,
      1,
      1,
      1,
      1,
      1,
      1,
      1,
      1,
      1,
      1,
      1,
      1,
      1,
      1,
      1,
      1,
      1,
      1,
      1,
      1,
      1,
      1,
      1,
      1,
      1,
      1,
      1,
      1,
      1,
      1,
      1,
      1,
      1,
      1,
      1,
      1,
      1,
      1,
      1,
      1,
      1,
      1,
      1,
      1,
      1,
      1,
      1,
      1,
      1,
      1,
      1,
      1,
      1,
      1,
      1,
      1,
      1,
      1,
      1,
      1,
      1,
      1,
      1,
      1,
      1,
      1,
      1,
      1,
      1,
      1,
      1,
      1,
      1,
      1,
      1
    ],
    "binary_probs": [
      0.9997860436358339,
      0.9999781342812482,
      0.003140975937212409,
      0.02820287746841499,
      0.7868221439470986,
      0.0008177346654215656,
      0.0007330763856101541,
      0.8666338609692031,
      0.13232728895388368,
      0.14002116038886114,
      0.9119066082919519,
      0.007232192740482146,
      0.9999999406111643,
      0.9540476842438083,
      0.9906766402840607,
      0.99999316946508,
      0.3625645066177483,
      0.9999984448519631,
      0.999974956026573,
      0.9941174565214144,
      0.9714693106045613,
      0.952762116861763,
      0.9999993331564774,
      0.9904662094200083,
      0.9999799193876973,
      0.9999999997563301,
      0.966714338424207,
      0.6500293523657129,
      0.9999083016727595,
      0.018883518997264814,
      0.9999919987691711,
      0.9999999929965604,
      0.9999962424421861,
      0.9990610528363575,
      0.9999876813312623,
      0.9999924516366184,
      0.9999928448572535,
      0.9999999999944045,
      0.9999999477815633,
      0.9999977565209933,
      0.99999269583748,
      0.9999999336299722,
      0.9988095049354793,
      0.9999499671893417,
      0.9999999999679632,
      0.9950484129945458,
      0.9999999999941748,
      0.9703400626803861,
      0.9998631409552601,
      0.9999997176390696,
      0.9999950532680315,
      0.0037198018308717273,
      0.9999999999669874,
      0.9975373689632708,
      0.9999885582829118,
      0.867431130753227,
      0.9931282632269705,
      0.9801824300920349,
      0.9999971509897146,
      0.004707079515767432,
      0.0003544259335348521,
      0.999997839754875,
      0.9697273080400083,
      0.001887117939589844,
      0.9999907791864059,
      0.5389644246326664,
      0.7578468408834013,
      0.8446592657496553,
      0.9999999999999628,
      0.2874433064545502,
      0.03034619289596374,
      0.08456727475474501,
      0.005470714328861259,
      0.03439561774784605,
      0.10811915306782882,
      0.9999497504062687,
      0.9999898697445218,
      0.18348675731335906,
      0.9999895108138606,
      0.999990070742228,
      0.9557019016147624,
      0.9999999999571388,
      0.9999999960012846,
      0.9999999980134174,
      0.8367979181558756,
      0.999999999999651,
      0.9999997373129201,
      0.9964560591226994,
      0.9999846634045672,
      0.9999888622537275,
      0.9999999563178621,
      0.9996586223766941,
      0.8361705734134488,
      0.9996569621999933,
      0.9790472852318443,
      0.3817030155893453,
      0.9998755376002203,
      0.9999989886551304,
      0.9999982275755382,
      0.9880571671467114,
      0.9999966225284713,
      0.9984656762013622,
      0.9999997303500275,
      0.9999999493362262,
      0.9984791542329313,
      0.9999168480977737,
      0.9938436132626678,
      0.9920015648228729
    ]
  }
}