{
  "config": {
    "dataset": "mnm2",
    "backbone": "cinema",
    "model_name": "cinema_pretrained",
    "eval_mode": "logreg",
    "pooling": "gap",
    "embed_dim": 768,
    "best_hyperparam": 31.62277603149414,
    "hyperparam_name": "C",
    "num_classes": 6,
    "class_names": [
      "NOR",
      "HCM",
      "ARR",
      "CIA",
      "FALL",
      "LV"
    ]
  },
  "sweep_results": [
    {
      "param_value": 9.999999974752427e-07,
      "mean_cv_acc": 0.17857142857142858,
      "std_cv_acc": 0.0
    },
    {
      "param_value": 1.7782793975129607e-06,
      "mean_cv_acc": 0.17857142857142858,
      "std_cv_acc": 0.0
    },
    {
      "param_value": 3.1622776077711023e-06,
      "mean_cv_acc": 0.17857142857142858,
      "std_cv_acc": 0.0
    },
    {
      "param_value": 5.6234130170196295e-06,
      "mean_cv_acc": 0.17857142857142858,
      "std_cv_acc": 0.0
    },
    {
      "param_value": 9.999999747378752e-06,
      "mean_cv_acc": 0.17857142857142858,
      "std_cv_acc": 0.0
    },
    {
      "param_value": 1.778279329300858e-05,
      "mean_cv_acc": 0.21428571428571427,
      "std_cv_acc": 0.0
    },
    {
      "param_value": 3.162277789670043e-05,
      "mean_cv_acc": 0.25,
      "std_cv_acc": 0.0
    },
    {
      "param_value": 5.62341338081751e-05,
      "mean_cv_acc": 0.25,
      "std_cv_acc": 0.0
    },
    {
      "param_value": 9.999999747378752e-05,
      "mean_cv_acc": 0.25,
      "std_cv_acc": 0.0
    },
    {
      "param_value": 0.00017782794020604342,
      "mean_cv_acc": 0.32142857142857145,
      "std_cv_acc": 0.0
    },
    {
      "param_value": 0.0003162277571391314,
      "mean_cv_acc": 0.42857142857142855,
      "std_cv_acc": 0.0
    },
    {
      "param_value": 0.000562341301701963,
      "mean_cv_acc": 0.39285714285714285,
      "std_cv_acc": 0.0
    },
    {
      "param_value": 0.0010000000474974513,
      "mean_cv_acc": 0.4642857142857143,
      "std_cv_acc": 0.0
    },
    {
      "param_value": 0.0017782794311642647,
      "mean_cv_acc": 0.4642857142857143,
      "std_cv_acc": 0.0
    },
    {
      "param_value": 0.003162277629598975,
      "mean_cv_acc": 0.5,
      "std_cv_acc": 0.0
    },
    {
      "param_value": 0.005623413249850273,
      "mean_cv_acc": 0.5357142857142857,
      "std_cv_acc": 0.0
    },
    {
      "param_value": 0.009999999776482582,
      "mean_cv_acc": 0.5357142857142857,
      "std_cv_acc": 0.0
    },
    {
      "param_value": 0.017782794311642647,
      "mean_cv_acc": 0.6071428571428571,
      "std_cv_acc": 0.0
    },
    {
      "param_value": 0.03162277489900589,
      "mean_cv_acc": 0.6071428571428571,
      "std_cv_acc": 0.0
    },
    {
      "param_value": 0.05623413249850273,
      "mean_cv_acc": 0.6071428571428571,
      "std_cv_acc": 0.0
    },
    {
      "param_value": 0.10000000149011612,
      "mean_cv_acc": 0.6428571428571429,
      "std_cv_acc": 0.0
    },
    {
      "param_value": 0.17782793939113617,
      "mean_cv_acc": 0.6428571428571429,
      "std_cv_acc": 0.0
    },
    {
      "param_value": 0.3162277638912201,
      "mean_cv_acc": 0.6428571428571429,
      "std_cv_acc": 0.0
    },
    {
      "param_value": 0.5623413324356079,
      "mean_cv_acc": 0.6428571428571429,
      "std_cv_acc": 0.0
    },
    {
      "param_value": 1.0,
      "mean_cv_acc": 0.6428571428571429,
      "std_cv_acc": 0.0
    },
    {
      "param_value": 1.778279423713684,
      "mean_cv_acc": 0.6428571428571429,
      "std_cv_acc": 0.0
    },
    {
      "param_value": 3.1622776985168457,
      "mean_cv_acc": 0.6428571428571429,
      "std_cv_acc": 0.0
    },
    {
      "param_value": 5.6234130859375,
      "mean_cv_acc": 0.6428571428571429,
      "std_cv_acc": 0.0
    },
    {
      "param_value": 10.0,
      "mean_cv_acc": 0.6428571428571429,
      "std_cv_acc": 0.0
    },
    {
      "param_value": 17.782794952392578,
      "mean_cv_acc": 0.6428571428571429,
      "std_cv_acc": 0.0
    },
    {
      "param_value": 31.62277603149414,
      "mean_cv_acc": 0.6785714285714286,
      "std_cv_acc": 0.0
    },
    {
      "param_value": 56.234130859375,
      "mean_cv_acc": 0.6785714285714286,
      "std_cv_acc": 0.0
    },
    {
      "param_value": 100.0,
      "mean_cv_acc": 0.6785714285714286,
      "std_cv_acc": 0.0
    },
    {
      "param_value": 177.82794189453125,
      "mean_cv_acc": 0.6785714285714286,
      "std_cv_acc": 0.0
    },
    {
      "param_value": 316.2277526855469,
      "mean_cv_acc": 0.6785714285714286,
      "std_cv_acc": 0.0
    },
    {
      "param_value": 562.34130859375,
      "mean_cv_acc": 0.6785714285714286,
      "std_cv_acc": 0.0
    },
    {
      "param_value": 1000.0,
      "mean_cv_acc": 0.6785714285714286,
      "std_cv_acc": 0.0
    },
    {
      "param_value": 1778.2794189453125,
      "mean_cv_acc": 0.6785714285714286,
      "std_cv_acc": 0.0
    },
    {
      "param_value": 3162.277587890625,
      "mean_cv_acc": 0.6785714285714286,
      "std_cv_acc": 0.0
    },
    {
      "param_value": 5623.4130859375,
      "mean_cv_acc": 0.6785714285714286,
      "std_cv_acc": 0.0
    },
    {
      "param_value": 10000.0,
      "mean_cv_acc": 0.6785714285714286,
      "std_cv_acc": 0.0
    },
    {
      "param_value": 17782.794921875,
      "mean_cv_acc": 0.6785714285714286,
      "std_cv_acc": 0.0
    },
    {
      "param_value": 31622.77734375,
      "mean_cv_acc": 0.6785714285714286,
      "std_cv_acc": 0.0
    },
    {
      "param_value": 56234.1328125,
      "mean_cv_acc": 0.6785714285714286,
      "std_cv_acc": 0.0
    },
    {
      "param_value": 100000.0,
      "mean_cv_acc": 0.6785714285714286,
      "std_cv_acc": 0.0
    }
  ],
  "five_way": {
    "accuracy": 0.3611111111111111,
    "macro_f1": 0.3366985214256362,
    "macro_sensitivity": 0.36289855072463767,
    "macro_specificity": 0.8706003686615209,
    "per_class_sensitivity": {
      "NOR": 0.3,
      "HCM": 0.21739130434782608,
      "ARR": 0.1,
      "CIA": 0.4,
      "FALL": 0.6,
      "LV": 0.56
    },
    "per_class_specificity": {
      "NOR": 0.8333333333333334,
      "HCM": 0.9058823529411765,
      "ARR": 0.9387755102040817,
      "CIA": 0.7857142857142857,
      "FALL": 0.9285714285714286,
      "LV": 0.8313253012048193
    },
    "confusion_matrix": [
      [
        9,
        1,
        2,
        8,
        3,
        7
      ],
      [
        11,
        5,
        2,
        3,
        0,
        2
      ],
      [
        0,
        2,
        1,
        3,
        0,
        4
      ],
      [
        0,
        2,
        1,
        4,
        2,
        1
      ],
      [
        1,
        0,
        0,
        3,
        6,
        0
      ],
      [
        1,
        3,
        1,
        4,
        2,
        14
      ]
    ],
    "classification_report": {
      "NOR": {
        "precision": 0.4090909090909091,
        "recall": 0.3,
        "f1-score": 0.34615384615384615,
        "support": 30.0
      },
      "HCM": {
        "precision": 0.38461538461538464,
        "recall": 0.21739130434782608,
        "f1-score": 0.2777777777777778,
        "support": 23.0
      },
      "ARR": {
        "precision": 0.14285714285714285,
        "recall": 0.1,
        "f1-score": 0.11764705882352941,
        "support": 10.0
      },
      "CIA": {
        "precision": 0.16,
        "recall": 0.4,
        "f1-score": 0.22857142857142856,
        "support": 10.0
      },
      "FALL": {
        "precision": 0.46153846153846156,
        "recall": 0.6,
        "f1-score": 0.5217391304347826,
        "support": 10.0
      },
      "LV": {
        "precision": 0.5,
        "recall": 0.56,
        "f1-score": 0.5283018867924528,
        "support": 25.0
      },
      "accuracy": 0.3611111111111111,
      "macro avg": {
        "precision": 0.34301698301698297,
        "recall": 0.36289855072463767,
        "f1-score": 0.3366985214256362,
        "support": 108.0
      },
      "weighted avg": {
        "precision": 0.3820633070633071,
        "recall": 0.3611111111111111,
        "f1-score": 0.3579687742741944,
        "support": 108.0
      }
    },
    "probabilities": [
      [
        0.00021528724584559073,
        0.001010358413144069,
        8.806543268317912e-06,
        0.6074523427524735,
        2.2275143598416238e-05,
        0.3912909299016701
      ],
      [
        2.1924923139727755e-05,
        0.8908781091610718,
        0.00011983256064826458,
        5.9458480570984575e-06,
        0.0009984400780785753,
        0.10797574742900455
      ],
      [
        0.9968709306752229,
        0.0001090361486688044,
        9.572711429409955e-06,
        0.0029363111553689057,
        6.288824197332767e-06,
        6.786048511270503e-05
      ],
      [
        0.9716723210916551,
        0.0049342101718339625,
        0.0233860214460601,
        1.5476587263496332e-06,
        1.8754627184482368e-07,
        5.712085452550539e-06
      ],
      [
        0.21338683045931828,
        0.001978894584125357,
        0.002502143518155069,
        0.7807483029887484,
        0.0013738309219374454,
        9.997527715455557e-06
      ],
      [
        0.999185768463021,
        3.5563719194579747e-09,
        2.1400043645400043e-05,
        1.2985649573903423e-05,
        9.138379381856933e-07,
        0.0007789284494495194
      ],
      [
        0.9992660377103194,
        3.614638603800773e-07,
        0.0007306602883597118,
        3.4767541287982216e-08,
        2.49222435313427e-06,
        4.1354556619960406e-07
      ],
      [
        0.13350119281746572,
        3.1800253971211094e-05,
        0.07908216417725802,
        0.787345663544596,
        6.520081224677881e-06,
        3.26591254843982e-05
      ],
      [
        0.8686868736307708,
        2.9218146315977862e-06,
        0.00041128947159307726,
        1.5498062782847819e-06,
        0.13075986714229815,
        0.00013749813442812356
      ],
      [
        0.8599414867262453,
        0.00010637583133867697,
        0.0010759064331567203,
        0.13881551381244278,
        6.0692507583104055e-05,
        2.468923351867129e-08
      ],
      [
        0.08826831476807467,
        0.02305916613245212,
        0.0005019733051372945,
        0.05998069870569258,
        0.8258431842413113,
        0.0023466628473319817
      ],
      [
        0.9927751678940617,
        6.206575486152775e-06,
        0.00022284224779715688,
        0.006821825115092826,
        4.624015801541007e-06,
        0.00016933415176056244
      ],
      [
        5.9220986168304156e-08,
        6.641672998915773e-05,
        0.0009222082287832684,
        1.4822092872171694e-05,
        0.9956623699090622,
        0.0033341238183071096
      ],
      [
        0.04596482943432759,
        8.072587518919928e-05,
        9.044022874501205e-06,
        0.9495887031890046,
        6.637515968465291e-05,
        0.0042903223189193745
      ],
      [
        0.009374198570967515,
        4.4176568099402705e-06,
        0.00030136618873217866,
        0.9875608671417616,
        0.00032230819671327793,
        0.0024368422450154704
      ],
      [
        6.84839197389689e-06,
        3.13056757913689e-06,
        3.700566998369318e-05,
        0.004593650168926394,
        4.552012115042861e-05,
        0.9953138450803866
      ],
      [
        0.6382939017941449,
        1.6735085616491097e-07,
        2.996263434174786e-06,
        0.00928206610229309,
        0.35180220230057874,
        0.0006186661886928857
      ],
      [
        1.5666724170417655e-06,
        5.34131502670155e-05,
        0.000791250688721677,
        0.01448377694965115,
        2.2590590171407066e-06,
        0.984667733479926
      ],
      [
        2.5091866185559494e-05,
        0.007532128966975526,
        0.6679973244597786,
        0.012098421502229189,
        0.31173441515274997,
        0.0006126180520811676
      ],
      [
        0.005908383249084384,
        0.01796446823854842,
        0.41054198807727504,
        0.5006198885048891,
        0.052413383534142925,
        0.012551888396060147
      ],
      [
        0.02850213722318136,
        0.0003142492232915467,
        0.10965309960237946,
        0.017322873426841034,
        0.8408386230947399,
        0.003369017429566777
      ],
      [
        0.04742703120227278,
        3.488928543172508e-05,
        0.03615635154918186,
        0.39112691678315586,
        5.432658000404458e-05,
        0.5252004845999537
      ],
      [
        6.635277642925252e-07,
        0.003269376765652138,
        0.3397584729206528,
        0.00012503582882049546,
        0.00253061645070674,
        0.6543158345064034
      ],
      [
        0.009544544344084822,
        0.001561880665228204,
        0.8029728138903137,
        0.13584394310138195,
        0.008648849603498605,
        0.04142796839549264
      ],
      [
        2.0136395660178576e-05,
        0.0006159799861324443,
        0.05757789246324119,
        0.0017338141886588344,
        0.17528386614233074,
        0.7647683108239766
      ],
      [
        2.4439133240887045e-10,
        0.00010664585963256502,
        3.644278624747053e-08,
        8.391343788393635e-06,
        0.004074794521642137,
        0.9958101315877592
      ],
      [
        0.033347374332661515,
        0.05969503219129232,
        0.3518570748717259,
        0.003201451609665522,
        0.008660432287821812,
        0.5432386347068329
      ],
      [
        0.3509636902209858,
        0.0009918990290715187,
        0.06769806968439514,
        0.5795929906747627,
        0.00034689281349458806,
        0.00040645757729023497
      ],
      [
        9.152633282389635e-05,
        1.0742878317185887e-05,
        0.012721685922370331,
        0.9854264060904722,
        5.872654463218895e-05,
        0.0016909122313841104
      ],
      [
        0.9812068816582987,
        0.00040844347364589906,
        0.001523698105243371,
        0.01447983808339348,
        0.001915249432266379,
        0.00046588924715202523
      ],
      [
        8.015733917308168e-06,
        0.38593911509195766,
        3.3006793756320474e-05,
        0.4129041330912291,
        2.171829441893723e-05,
        0.20109401099472074
      ],
      [
        7.005939937845181e-09,
        0.011393227382888473,
        0.0023838600169931857,
        1.4987420323077658e-06,
        1.3556481032214116e-05,
        0.9862078503711139
      ],
      [
        3.7536453362006334e-06,
        0.9304481218964035,
        0.0016285041440083853,
        2.8443956785519975e-05,
        3.365235675243241e-06,
        0.06788781112179107
      ],
      [
        0.0009382013320065175,
        1.7882091784472132e-05,
        1.7483803849320673e-05,
        0.002355311733817862,
        0.0002553490682540576,
        0.9964157719702877
      ],
      [
        1.2386733923151456e-05,
        0.013722883917561105,
        0.9375103718849829,
        0.001669258067853574,
        3.205813427839748e-06,
        0.04708189358225139
      ],
      [
        7.547014048374753e-06,
        9.227388192466282e-07,
        0.00030578419672239816,
        0.0008744550784103999,
        1.161915380871015e-05,
        0.9987996718181908
      ],
      [
        7.1605166466074665e-06,
        2.976556121341473e-05,
        0.002642902445627958,
        0.004504008685330662,
        8.44835512438136e-08,
        0.9928160783076301
      ],
      [
        5.578765392323579e-12,
        7.279217059627835e-08,
        1.5979322111112444e-09,
        9.289071346052002e-07,
        0.00010149000181247461,
        0.9998975066953715
      ],
      [
        5.249029740220263e-08,
        5.103385841088608e-09,
        1.8966815817133125e-08,
        0.0038782262687581787,
        1.462896894152027e-06,
        0.9961202342738487
      ],
      [
        2.244034797520746e-06,
        0.8713702041917474,
        8.759269868233123e-07,
        0.04989686805394028,
        0.0003443818950425419,
        0.07838542589748555
      ],
      [
        7.313526858201609e-06,
        0.25310212574786767,
        0.012338332285921232,
        0.0031102930586527746,
        0.00465997888452212,
        0.726781956496178
      ],
      [
        6.634870331676722e-08,
        0.000788888506152869,
        4.1238977656486153e-07,
        9.212948027409438e-07,
        0.0006644325712600246,
        0.9985452788893044
      ],
      [
        0.0011903633437323302,
        0.00030724396917167815,
        0.00018745115798333496,
        0.0009508191923908098,
        0.9933854206379741,
        0.003978701698747769
      ],
      [
        5.0159191008288964e-05,
        0.005186995228054817,
        0.012191852317253333,
        0.4763084091868923,
        3.6616502854061266e-07,
        0.5062622179117626
      ],
      [
        3.219410982351261e-11,
        5.721669651086691e-06,
        4.28615561589006e-12,
        1.1894399871171096e-06,
        5.965681918540317e-08,
        0.9999930291970625
      ],
      [
        0.004935590995435151,
        9.800370204995426e-06,
        7.675823385795069e-07,
        0.994977830547339,
        6.704431062728341e-07,
        7.534006157608381e-05
      ],
      [
        5.81818668031335e-12,
        0.029439149430356738,
        4.796870472358746e-06,
        0.00030851469575813017,
        0.9676976401688938,
        0.0025498988287005605
      ],
      [
        0.029788915738349003,
        0.0777708818691011,
        0.14039653971976143,
        0.709779489361439,
        0.0012231969049393365,
        0.041040976406410246
      ],
      [
        0.00013709644027977845,
        0.8588567032875285,
        0.010888652732744844,
        3.3850134565596394e-05,
        0.010396978912930238,
        0.11968671849195107
      ],
      [
        2.8290809714416926e-07,
        0.0006111080462638756,
        0.00010878358732662931,
        0.004588325309825642,
        0.0011615356282539833,
        0.9935299645202327
      ],
      [
        4.945713024672158e-06,
        0.005369394594100147,
        0.0006544015900928334,
        1.4436077564658491e-05,
        0.00044686140592294354,
        0.9935099606192949
      ],
      [
        0.9962818435675437,
        6.345289651205703e-09,
        3.1840000607293274e-10,
        0.0037174481804219317,
        4.967835140851014e-07,
        2.0480483061523228e-07
      ],
      [
        3.289051616308123e-11,
        0.0011516392573036982,
        1.3668370738665032e-06,
        1.4931641143533924e-08,
        0.013069198411808246,
        0.9857777805292824
      ],
      [
        0.0024544456677243497,
        0.01494964201592273,
        1.8627241487850074e-06,
        0.9251424132529603,
        0.0012062961174906296,
        0.05624534022175315
      ],
      [
        1.1418925055091946e-05,
        3.850205604443282e-08,
        7.00501128870189e-06,
        2.1551976175100634e-05,
        0.13269669351575158,
        0.8672632920696735
      ],
      [
        0.13272345546087003,
        4.812322986738139e-07,
        0.800894609965091,
        1.5745258258711958e-05,
        0.06636570677651069,
        1.3069707642978977e-09
      ],
      [
        0.0069002965909122915,
        0.00017943228929481365,
        0.00016141336782419735,
        0.9007609825199934,
        0.0867723936443205,
        0.005225481587654751
      ],
      [
        0.019804591702210897,
        0.05868723610357422,
        0.028882786528136317,
        0.875857099146783,
        0.016744604512573848,
        2.368200672180556e-05
      ],
      [
        2.845603371906352e-06,
        0.9977675125141732,
        8.30363693787185e-05,
        1.27595166078719e-07,
        5.0457041689552494e-05,
        0.0020960208762205845
      ],
      [
        0.9952882702322089,
        8.789718794737005e-11,
        1.053477260095268e-06,
        0.004710675656462769,
        1.842027480643955e-11,
        5.277508002006977e-10
      ],
      [
        0.9996473138392608,
        0.00021794214468167007,
        2.575190609595151e-05,
        0.00010054268292696193,
        8.411237033853221e-06,
        3.8190000906998625e-08
      ],
      [
        2.168674206719278e-06,
        0.003647450532772638,
        1.7908429542149552e-06,
        5.677017126137438e-05,
        0.00015847857534642977,
        0.9961333412034585
      ],
      [
        0.030240714528776046,
        0.8637009550216845,
        0.022279007742520725,
        0.0694533383617013,
        0.014244435359161428,
        8.15489861562025e-05
      ],
      [
        0.9981176698078933,
        0.0007438199078193348,
        1.9066248733798066e-06,
        0.00019020556783449244,
        0.0009463980774024677,
        1.4177195374646298e-11
      ],
      [
        9.25655024075543e-06,
        0.6976515655419416,
        3.5744695403661277e-06,
        0.2995869290601429,
        4.4417952367858257e-07,
        0.00274823019861054
      ],
      [
        0.46100954325000687,
        0.3974032764725853,
        4.575736311796146e-05,
        0.07503877240351069,
        1.5917499774183901e-09,
        0.06650264891902925
      ],
      [
        0.2422959784016951,
        0.0006988996602273189,
        0.015543685178167814,
        0.7414408915816201,
        2.0318373941340245e-05,
        2.268043482624811e-07
      ],
      [
        0.15596706077593486,
        0.06030037406892173,
        0.4361322501081412,
        0.004522600958199902,
        0.34307690924391016,
        8.048448921343676e-07
      ],
      [
        3.73067635800703e-14,
        0.0021568142219632286,
        5.832935082458316e-06,
        1.9672951744522054e-07,
        5.848114588999553e-06,
        0.9978313079988105
      ],
      [
        0.7135033246717265,
        0.14129059902658112,
        0.0005524447107633373,
        0.10854315474964944,
        0.036110463060653304,
        1.3780626260455514e-08
      ],
      [
        0.9698794021858532,
        0.025912580846058176,
        0.0002450224331466135,
        0.003958163336141806,
        4.714462602979082e-06,
        1.1673619722500298e-07
      ],
      [
        0.9155882656675622,
        0.013911039173607687,
        0.06549625042422169,
        0.0009223704596134607,
        0.004081972081219651,
        1.0219377536819465e-07
      ],
      [
        0.994551617183434,
        0.00039558748676468675,
        0.002108324783304895,
        0.0029230411037497743,
        2.1399058802296873e-05,
        3.0383944401208476e-08
      ],
      [
        0.9656703990607121,
        0.033670380412227266,
        0.0004744174146184014,
        0.00015195610955645277,
        3.5404298721789475e-06,
        2.930657301347786e-05
      ],
      [
        0.8923781883159773,
        0.07217849212954427,
        2.622750865986681e-05,
        0.0006173341526366375,
        0.03479975310139794,
        4.791783946962217e-09
      ],
      [
        5.0144194358752935e-05,
        0.9885058063292944,
        2.1737157684580844e-06,
        0.0032562903354069936,
        0.008176067940423365,
        9.517484748071153e-06
      ],
      [
        1.0103411056592786e-05,
        0.9804758256838012,
        0.01543658538317048,
        1.1227749938796322e-06,
        0.0006684330348380012,
        0.0034079297121399625
      ],
      [
        0.8169563701452693,
        0.014108441745862881,
        0.05689298871533845,
        0.10606081415892381,
        0.005980416040006903,
        9.691945983963412e-07
      ],
      [
        1.058204111298473e-05,
        0.005906412984921962,
        0.004214151272377404,
        0.8725196393426508,
        0.006376327384071466,
        0.11097288697486543
      ],
      [
        9.996857695240586e-06,
        0.0031338463648385483,
        1.365952755505313e-12,
        0.9386585644772437,
        0.0561989612073551,
        0.0019986310915014014
      ],
      [
        0.044127026179717865,
        0.5178979183737926,
        1.988884027446151e-06,
        0.4163191444418346,
        0.00034166809183895104,
        0.021312254028788415
      ],
      [
        4.3048082260681505e-11,
        1.7444078118070136e-06,
        0.04400079672052093,
        0.018757703952810414,
        8.672015254018648e-05,
        0.9371530347232686
      ],
      [
        4.0115772686820485e-09,
        0.0005613526057412665,
        4.44891775414874e-05,
        0.00013798610859194188,
        0.04399903904587215,
        0.9552571290506758
      ],
      [
        1.9990670884875224e-09,
        0.03096785201579896,
        8.956630308173373e-07,
        2.1439914753036725e-05,
        1.1322383080835333e-05,
        0.9689984880242691
      ],
      [
        0.16332724943352445,
        0.03329706804982328,
        0.0008916951215561506,
        0.7934697700462758,
        3.2086890330301834e-07,
        0.00901389647991695
      ],
      [
        3.4837119176025085e-13,
        6.102533999937796e-06,
        3.07883077715003e-07,
        8.32426816099066e-08,
        8.852008728125784e-05,
        0.999904986252611
      ],
      [
        2.62466644331243e-07,
        0.9489330159255912,
        0.05052812989033959,
        0.0003124195296035601,
        9.458235563855009e-05,
        0.00013158983218256436
      ],
      [
        0.003539285566501492,
        0.4450092660880861,
        0.543478029327979,
        0.0001816563573122688,
        1.4586280995602313e-05,
        0.007777176379125794
      ],
      [
        1.5327318674000658e-05,
        7.740498725224979e-07,
        9.723878008483669e-08,
        0.0017083393471913019,
        0.9982754609289268,
        1.1165553786840096e-09
      ],
      [
        1.1138420028060265e-05,
        1.3702995849543755e-06,
        3.436989910359175e-08,
        3.00207957501547e-08,
        0.9999874056155423,
        2.1274149848373993e-08
      ],
      [
        4.369267745049756e-08,
        1.175113004245368e-06,
        2.1452477516791595e-08,
        7.98932604977058e-06,
        0.9999907023262093,
        6.808958169371056e-08
      ],
      [
        0.00034161739463678116,
        0.002813460307119774,
        7.316772816755499e-05,
        0.11850323294076286,
        0.8782079803875035,
        6.054124180964758e-05
      ],
      [
        0.16417849402801452,
        0.03511019323381251,
        1.4235644866251434e-05,
        0.49982286371288903,
        0.01347672134569429,
        0.2873974920347235
      ],
      [
        0.00034334941601512795,
        0.007180784154145536,
        0.004086040986998444,
        0.0016846001237851625,
        0.9717164628246107,
        0.01498876249444506
      ],
      [
        0.020989310184517555,
        2.2462619789541595e-05,
        0.002483885453426599,
        0.011672769501234335,
        0.9647550819798828,
        7.649026114927977e-05
      ],
      [
        0.6180171902030757,
        9.150160914489263e-11,
        3.894386743552533e-08,
        0.3734949610569388,
        0.008487802847278767,
        6.85733786168805e-09
      ],
      [
        0.00012422707271707878,
        0.0032909108139565738,
        6.126230637084368e-05,
        0.909546411972222,
        0.07944569010423948,
        0.007531497730494052
      ],
      [
        1.0123527510631792e-06,
        6.714680171533219e-07,
        2.3760078052824e-07,
        0.9999955499597738,
        2.1174347027646155e-06,
        4.1118397469841506e-07
      ],
      [
        1.7688197045227064e-06,
        0.9271359141060336,
        0.039984131484193074,
        0.019157145651947153,
        3.076042422458346e-06,
        0.013717963895699244
      ],
      [
        0.011963092385531377,
        0.003921475904262118,
        0.499033784441271,
        0.4840621413175455,
        0.0008697153116584043,
        0.00014979063973156293
      ],
      [
        3.3666567233427397e-06,
        0.9999540613761647,
        7.979768523266387e-07,
        8.698462730174492e-08,
        4.119598879384042e-05,
        4.910168382699554e-07
      ],
      [
        0.0015320123577307458,
        2.5045651862191428e-05,
        6.216538643791605e-06,
        0.996074708217768,
        0.0023620138512486875,
        3.3827466842945913e-09
      ],
      [
        2.706651334691167e-07,
        2.3055552185648907e-10,
        1.971128542735269e-06,
        0.6965970573338155,
        0.0633951005813456,
        0.24000560006060712
      ],
      [
        5.064176336515253e-08,
        1.3548011493374785e-07,
        4.120265864946464e-06,
        0.9994985750720261,
        4.2408291492136504e-05,
        0.00045471024873848965
      ],
      [
        0.0015210152509694368,
        0.05649558024925644,
        0.002357077924075788,
        0.014256903141594633,
        0.0013072701704637346,
        0.92406215326364
      ],
      [
        8.315073185502938e-05,
        0.03894966627839463,
        0.0026293883930327976,
        0.821719117607274,
        0.0006241558221073541,
        0.13599452116733618
      ],
      [
        0.006166387327049235,
        1.0454845231191516e-06,
        0.0011900806607165614,
        0.04169210625298944,
        0.9476010240451919,
        0.0033493562295297524
      ],
      [
        0.007990446849926823,
        2.4200318507250605e-06,
        2.2978685508370398e-06,
        0.0018205466990685586,
        0.99017639097359,
        7.897577012990427e-06
      ]
    ],
    "predictions": [
      3,
      1,
      0,
      0,
      3,
      0,
      0,
      3,
      0,
      0,
      4,
      0,
      4,
      3,
      3,
      5,
      0,
      5,
      2,
      3,
      4,
      5,
      5,
      2,
      5,
      5,
      5,
      3,
      3,
      0,
      3,
      5,
      1,
      5,
      2,
      5,
      5,
      5,
      5,
      1,
      5,
      5,
      4,
      5,
      5,
      3,
      4,
      3,
      1,
      5,
      5,
      0,
      5,
      3,
      5,
      2,
      3,
      3,
      1,
      0,
      0,
      5,
      1,
      0,
      1,
      0,
      3,
      2,
      5,
      0,
      0,
      0,
      0,
      0,
      0,
      1,
      1,
      0,
      3,
      3,
      1,
      5,
      5,
      5,
      3,
      5,
      1,
      2,
      4,
      4,
      4,
      4,
      3,
      4,
      4,
      0,
      3,
      3,
      1,
      2,
      1,
      3,
      3,
      3,
      5,
      3,
      4,
      4
    ],
    "true_labels": [
      0,
      0,
      0,
      0,
      0,
      0,
      0,
      0,
      0,
      0,
      0,
      0,
      0,
      0,
      0,
      0,
      0,
      0,
      0,
      0,
      0,
      0,
      0,
      0,
      0,
      0,
      0,
      0,
      0,
      0,
      5,
      5,
      5,
      5,
      5,
      5,
      5,
      5,
      5,
      5,
      5,
      5,
      5,
      5,
      5,
      5,
      5,
      5,
      5,
      5,
      5,
      5,
      5,
      5,
      5,
      1,
      1,
      1,
      1,
      1,
      1,
      1,
      1,
      1,
      1,
      1,
      1,
      1,
      1,
      1,
      1,
      1,
      1,
      1,
      1,
      1,
      1,
      1,
      2,
      2,
      2,
      2,
      2,
      2,
      2,
      2,
      2,
      2,
      4,
      4,
      4,
      4,
      4,
      4,
      4,
      4,
      4,
      4,
      3,
      3,
      3,
      3,
      3,
      3,
      3,
      3,
      3,
      3
    ],
    "patient_ids": [
      "201",
      "202",
      "203",
      "204",
      "205",
      "206",
      "207",
      "208",
      "209",
      "210",
      "211",
      "212",
      "213",
      "214",
      "215",
      "216",
      "217",
      "218",
      "219",
      "220",
      "221",
      "222",
      "223",
      "224",
      "225",
      "226",
      "227",
      "228",
      "229",
      "230",
      "231",
      "232",
      "233",
      "234",
      "235",
      "236",
      "237",
      "238",
      "239",
      "240",
      "241",
      "242",
      "243",
      "244",
      "245",
      "246",
      "247",
      "248",
      "249",
      "250",
      "251",
      "252",
      "253",
      "254",
      "255",
      "256",
      "257",
      "258",
      "259",
      "260",
      "261",
      "262",
      "264",
      "265",
      "266",
      "267",
      "269",
      "270",
      "271",
      "272",
      "273",
      "274",
      "275",
      "276",
      "277",
      "278",
      "279",
      "280",
      "281",
      "282",
      "283",
      "284",
      "285",
      "286",
      "287",
      "288",
      "289",
      "290",
      "291",
      "292",
      "293",
      "294",
      "295",
      "296",
      "297",
      "298",
      "299",
      "300",
      "301",
      "302",
      "303",
      "304",
      "305",
      "306",
      "307",
      "308",
      "309",
      "310"
    ]
  },
  "roc_auc": {
    "macro_auc": 0.6956698593259817,
    "per_class_auc": {
      "NOR": 0.6717948717948717,
      "HCM": 0.6936061381074169,
      "ARR": 0.47959183673469385,
      "CIA": 0.6846938775510205,
      "FALL": 0.8346938775510204,
      "LV": 0.8096385542168675
    }
  },
  "binary": {
    "accuracy": 0.6944444444444444,
    "f1": 0.8,
    "sensitivity": 0.8461538461538461,
    "specificity": 0.3,
    "roc_auc": 0.6717948717948717,
    "binary_labels": [
      0,
      0,
      0,
      0,
      0,
      0,
      0,
      0,
      0,
      0,
      0,
      0,
      0,
      0,
      0,
      0,
      0,
      0,
      0,
      0,
      0,
      0,
      0,
      0,
      0,
      0,
      0,
      0,
      0,
      0,
      1,
      1,
      1,
      1,
      1,
      1,
      1,
      1,
      1,
      1,
      1,
      1,
      1,
      1,
      1,
      1,
      1,
      1,
      1,
      1,
      1,
      1,
      1,
      1,
      1,
      1,
      1,
      1,
      1,
      1,
      1,
      1,
      1,
      1,
      1,
      1,
      1,
      1,
      1,
      1,
      1,
      1,
      1,
      1,
      1,
      1,
      1,
      1,
      1,
      1,
      1,
      1,
      1,
      1,
      1,
      1,
      1,
      1,
      1,
      1,
      1,
      1,
      1,
      1,
      1,
      1,
      1,
      1,
      1,
      1,
      1,
      1,
      1,
      1,
      1,
      1,
      1,
      1
    ],
    "binary_probs": [
      0.9997847127541544,
      0.9999780750768603,
      0.0031290693247770784,
      0.028327678908344867,
      0.7866131695406817,
      0.0008142315369790154,
      0.0007339622896805897,
      0.8664988071825342,
      0.1313131263692292,
      0.14005851327375474,
      0.9117316852319253,
      0.0072248321059382725,
      0.9999999407790139,
      0.9540351705656724,
      0.9906258014290324,
      0.9999931516080262,
      0.3617060982058551,
      0.999998433327583,
      0.9999749081338144,
      0.9940916167509156,
      0.9714978627768186,
      0.9525729687977272,
      0.9999993364722357,
      0.9904554556559152,
      0.9999798636043398,
      0.9999999997556087,
      0.9666526256673384,
      0.6490363097790142,
      0.9999084736671761,
      0.018793118341701276,
      0.9999919842660827,
      0.9999999929940601,
      0.9999962463546638,
      0.9990617986679935,
      0.9999876132660769,
      0.9999924529859516,
      0.9999928394833534,
      0.9999999999944212,
      0.9999999475097026,
      0.9999977559652025,
      0.9999926864731418,
      0.9999999336512967,
      0.9988096366562677,
      0.9999498408089917,
      0.9999999999678059,
      0.9950644090045648,
      0.9999999999941818,
      0.970211084261651,
      0.9998629035597202,
      0.9999997170919028,
      0.9999950542869753,
      0.003718156432456321,
      0.9999999999671095,
      0.9975455543322757,
      0.9999885810749449,
      0.86727654453913,
      0.9930997034090877,
      0.9801954082977891,
      0.9999971543966281,
      0.004711729767791106,
      0.0003526861607392462,
      0.9999978313257932,
      0.9697592854712239,
      0.001882330192106707,
      0.9999907434497592,
      0.5389904567499931,
      0.7577040215983049,
      0.8440329392240651,
      0.9999999999999627,
      0.2864966753282735,
      0.030120597814146777,
      0.08441173433243776,
      0.005448382816566011,
      0.03432960093928794,
      0.10762181168402274,
      0.9999498558056412,
      0.9999898965889434,
      0.18304362985473066,
      0.999989417958887,
      0.9999900031423048,
      0.9558729738202821,
      0.9999999999569519,
      0.9999999959884227,
      0.9999999980009329,
      0.8366727505664755,
      0.9999999999996516,
      0.9999997375333557,
      0.9964607144334985,
      0.999984672681326,
      0.9999888615799719,
      0.9999999563073225,
      0.9996583826053632,
      0.8358215059719855,
      0.9996566505839849,
      0.9790106898154824,
      0.38198280979692434,
      0.9998757729272829,
      0.9999989876472489,
      0.9999982311802955,
      0.9880369076144686,
      0.9999966333432767,
      0.9984679876422693,
      0.9999997293348666,
      0.9999999493582367,
      0.9984789847490305,
      0.999916849268145,
      0.9938336126729508,
      0.9920095531500732
    ]
  }
}