{
  "config": {
    "dataset": "mnm2",
    "backbone": "cinema",
    "model_name": "cinema_pretrained",
    "eval_mode": "logreg",
    "freeze_backbone": true,
    "pooling": "cls",
    "embed_dim": 768,
    "best_hyperparam": 0.5623413324356079,
    "hyperparam_name": "C",
    "num_classes": 6,
    "class_names": [
      "NOR",
      "HCM",
      "ARR",
      "CIA",
      "FALL",
      "LV"
    ]
  },
  "sweep_results": [
    {
      "param_value": 9.999999974752427e-07,
      "mean_cv_acc": 0.17857142857142858,
      "std_cv_acc": 0.0
    },
    {
      "param_value": 1.7782793975129607e-06,
      "mean_cv_acc": 0.17857142857142858,
      "std_cv_acc": 0.0
    },
    {
      "param_value": 3.1622776077711023e-06,
      "mean_cv_acc": 0.17857142857142858,
      "std_cv_acc": 0.0
    },
    {
      "param_value": 5.6234130170196295e-06,
      "mean_cv_acc": 0.17857142857142858,
      "std_cv_acc": 0.0
    },
    {
      "param_value": 9.999999747378752e-06,
      "mean_cv_acc": 0.17857142857142858,
      "std_cv_acc": 0.0
    },
    {
      "param_value": 1.778279329300858e-05,
      "mean_cv_acc": 0.17857142857142858,
      "std_cv_acc": 0.0
    },
    {
      "param_value": 3.162277789670043e-05,
      "mean_cv_acc": 0.25,
      "std_cv_acc": 0.0
    },
    {
      "param_value": 5.62341338081751e-05,
      "mean_cv_acc": 0.25,
      "std_cv_acc": 0.0
    },
    {
      "param_value": 9.999999747378752e-05,
      "mean_cv_acc": 0.25,
      "std_cv_acc": 0.0
    },
    {
      "param_value": 0.00017782794020604342,
      "mean_cv_acc": 0.32142857142857145,
      "std_cv_acc": 0.0
    },
    {
      "param_value": 0.0003162277571391314,
      "mean_cv_acc": 0.35714285714285715,
      "std_cv_acc": 0.0
    },
    {
      "param_value": 0.000562341301701963,
      "mean_cv_acc": 0.39285714285714285,
      "std_cv_acc": 0.0
    },
    {
      "param_value": 0.0010000000474974513,
      "mean_cv_acc": 0.5,
      "std_cv_acc": 0.0
    },
    {
      "param_value": 0.0017782794311642647,
      "mean_cv_acc": 0.5357142857142857,
      "std_cv_acc": 0.0
    },
    {
      "param_value": 0.003162277629598975,
      "mean_cv_acc": 0.5357142857142857,
      "std_cv_acc": 0.0
    },
    {
      "param_value": 0.005623413249850273,
      "mean_cv_acc": 0.5357142857142857,
      "std_cv_acc": 0.0
    },
    {
      "param_value": 0.009999999776482582,
      "mean_cv_acc": 0.5357142857142857,
      "std_cv_acc": 0.0
    },
    {
      "param_value": 0.017782794311642647,
      "mean_cv_acc": 0.5714285714285714,
      "std_cv_acc": 0.0
    },
    {
      "param_value": 0.03162277489900589,
      "mean_cv_acc": 0.5714285714285714,
      "std_cv_acc": 0.0
    },
    {
      "param_value": 0.05623413249850273,
      "mean_cv_acc": 0.5714285714285714,
      "std_cv_acc": 0.0
    },
    {
      "param_value": 0.10000000149011612,
      "mean_cv_acc": 0.6071428571428571,
      "std_cv_acc": 0.0
    },
    {
      "param_value": 0.17782793939113617,
      "mean_cv_acc": 0.6071428571428571,
      "std_cv_acc": 0.0
    },
    {
      "param_value": 0.3162277638912201,
      "mean_cv_acc": 0.6071428571428571,
      "std_cv_acc": 0.0
    },
    {
      "param_value": 0.5623413324356079,
      "mean_cv_acc": 0.6428571428571429,
      "std_cv_acc": 0.0
    },
    {
      "param_value": 1.0,
      "mean_cv_acc": 0.6071428571428571,
      "std_cv_acc": 0.0
    },
    {
      "param_value": 1.778279423713684,
      "mean_cv_acc": 0.6071428571428571,
      "std_cv_acc": 0.0
    },
    {
      "param_value": 3.1622776985168457,
      "mean_cv_acc": 0.6071428571428571,
      "std_cv_acc": 0.0
    },
    {
      "param_value": 5.6234130859375,
      "mean_cv_acc": 0.6071428571428571,
      "std_cv_acc": 0.0
    },
    {
      "param_value": 10.0,
      "mean_cv_acc": 0.6071428571428571,
      "std_cv_acc": 0.0
    },
    {
      "param_value": 17.782794952392578,
      "mean_cv_acc": 0.6071428571428571,
      "std_cv_acc": 0.0
    },
    {
      "param_value": 31.62277603149414,
      "mean_cv_acc": 0.6071428571428571,
      "std_cv_acc": 0.0
    },
    {
      "param_value": 56.234130859375,
      "mean_cv_acc": 0.6071428571428571,
      "std_cv_acc": 0.0
    },
    {
      "param_value": 100.0,
      "mean_cv_acc": 0.6071428571428571,
      "std_cv_acc": 0.0
    },
    {
      "param_value": 177.82794189453125,
      "mean_cv_acc": 0.6428571428571429,
      "std_cv_acc": 0.0
    },
    {
      "param_value": 316.2277526855469,
      "mean_cv_acc": 0.6428571428571429,
      "std_cv_acc": 0.0
    },
    {
      "param_value": 562.34130859375,
      "mean_cv_acc": 0.6428571428571429,
      "std_cv_acc": 0.0
    },
    {
      "param_value": 1000.0,
      "mean_cv_acc": 0.6428571428571429,
      "std_cv_acc": 0.0
    },
    {
      "param_value": 1778.2794189453125,
      "mean_cv_acc": 0.6428571428571429,
      "std_cv_acc": 0.0
    },
    {
      "param_value": 3162.277587890625,
      "mean_cv_acc": 0.6428571428571429,
      "std_cv_acc": 0.0
    },
    {
      "param_value": 5623.4130859375,
      "mean_cv_acc": 0.6428571428571429,
      "std_cv_acc": 0.0
    },
    {
      "param_value": 10000.0,
      "mean_cv_acc": 0.6428571428571429,
      "std_cv_acc": 0.0
    },
    {
      "param_value": 17782.794921875,
      "mean_cv_acc": 0.6428571428571429,
      "std_cv_acc": 0.0
    },
    {
      "param_value": 31622.77734375,
      "mean_cv_acc": 0.6428571428571429,
      "std_cv_acc": 0.0
    },
    {
      "param_value": 56234.1328125,
      "mean_cv_acc": 0.6428571428571429,
      "std_cv_acc": 0.0
    },
    {
      "param_value": 100000.0,
      "mean_cv_acc": 0.6428571428571429,
      "std_cv_acc": 0.0
    }
  ],
  "five_way": {
    "accuracy": 0.3611111111111111,
    "macro_f1": 0.3316632784663475,
    "macro_sensitivity": 0.36632850241545895,
    "macro_specificity": 0.8693237134211115,
    "per_class_sensitivity": {
      "NOR": 0.26666666666666666,
      "HCM": 0.391304347826087,
      "ARR": 0.1,
      "CIA": 0.3,
      "FALL": 0.7,
      "LV": 0.44
    },
    "per_class_specificity": {
      "NOR": 0.8333333333333334,
      "HCM": 0.9176470588235294,
      "ARR": 0.9795918367346939,
      "CIA": 0.8979591836734694,
      "FALL": 0.8163265306122449,
      "LV": 0.7710843373493976
    },
    "confusion_matrix": [
      [
        8,
        1,
        0,
        4,
        6,
        11
      ],
      [
        8,
        9,
        0,
        0,
        4,
        2
      ],
      [
        1,
        2,
        1,
        1,
        0,
        5
      ],
      [
        3,
        1,
        0,
        3,
        2,
        1
      ],
      [
        0,
        1,
        0,
        2,
        7,
        0
      ],
      [
        1,
        2,
        2,
        3,
        6,
        11
      ]
    ],
    "classification_report": {
      "NOR": {
        "precision": 0.38095238095238093,
        "recall": 0.26666666666666666,
        "f1-score": 0.3137254901960784,
        "support": 30.0
      },
      "HCM": {
        "precision": 0.5625,
        "recall": 0.391304347826087,
        "f1-score": 0.46153846153846156,
        "support": 23.0
      },
      "ARR": {
        "precision": 0.3333333333333333,
        "recall": 0.1,
        "f1-score": 0.15384615384615385,
        "support": 10.0
      },
      "CIA": {
        "precision": 0.23076923076923078,
        "recall": 0.3,
        "f1-score": 0.2608695652173913,
        "support": 10.0
      },
      "FALL": {
        "precision": 0.28,
        "recall": 0.7,
        "f1-score": 0.4,
        "support": 10.0
      },
      "LV": {
        "precision": 0.36666666666666664,
        "recall": 0.44,
        "f1-score": 0.4,
        "support": 25.0
      },
      "accuracy": 0.3611111111111111,
      "macro avg": {
        "precision": 0.3590369352869353,
        "recall": 0.36632850241545895,
        "f1-score": 0.3316632784663475,
        "support": 108.0
      },
      "weighted avg": {
        "precision": 0.38864596052096045,
        "recall": 0.3611111111111111,
        "f1-score": 0.35346580103613356,
        "support": 108.0
      }
    },
    "probabilities": [
      [
        0.000831739020941962,
        0.003067629928780054,
        4.0262794949125334e-05,
        0.1955396287145759,
        0.0013124343032945645,
        0.7992083052374584
      ],
      [
        0.05243540713029264,
        0.10759024023084685,
        0.05672758593284139,
        0.010738002592399367,
        0.03402470918298998,
        0.7384840549306299
      ],
      [
        0.9870343591332428,
        2.843860881367796e-06,
        4.426103224279311e-06,
        0.012764038702707304,
        5.3961915018937634e-05,
        0.00014037028492537449
      ],
      [
        0.631798245054063,
        0.042902608193144086,
        0.32310783777825247,
        0.001681643864161814,
        6.083179727743835e-05,
        0.00044883331310126084
      ],
      [
        0.422721617689801,
        0.00036930868687200404,
        0.00028843861181854864,
        0.5714642517306634,
        0.0051323222766968156,
        2.4061004148177738e-05
      ],
      [
        0.21712264722958913,
        0.0014733773703458524,
        0.00012037575926454913,
        0.011815418826638951,
        0.00422196217762177,
        0.7652462186365397
      ],
      [
        0.9999895883997275,
        2.2278150981635088e-07,
        1.1978881986524313e-06,
        7.21148491558837e-07,
        7.499157207506775e-06,
        7.706248648201471e-07
      ],
      [
        0.572376067480479,
        0.00020624844118594004,
        0.0012469576506454728,
        0.42355942200964536,
        0.0017875610578296285,
        0.0008237433602145526
      ],
      [
        0.3637209338075613,
        0.00014770043383634777,
        0.00014128010090226536,
        2.1288317497364144e-05,
        0.6354735907832915,
        0.000495206556911315
      ],
      [
        0.9956810115697412,
        0.002776813702059491,
        3.688614321572085e-05,
        0.0013565383625496461,
        0.00014842828344295442,
        3.2193899056838894e-07
      ],
      [
        0.17081089143328823,
        0.013833113748354019,
        0.0003621423243564345,
        0.0373756319883471,
        0.7392314635870086,
        0.03838675691864562
      ],
      [
        0.6968642744558373,
        0.004289275377493818,
        0.010270210586011679,
        0.19081900235687282,
        0.05297405886318418,
        0.044783178360600084
      ],
      [
        0.0031976974676683643,
        0.07272261416120057,
        0.0005313517435273097,
        0.09848065327141468,
        0.14821298354200274,
        0.6768546998141863
      ],
      [
        0.05146990554595468,
        0.00025198188722021095,
        0.00023459549303112367,
        0.8647752474586954,
        0.0667974498256609,
        0.01647081978943766
      ],
      [
        0.04629224832807726,
        0.0022624275157328328,
        0.023262865731773927,
        0.31336375643684455,
        0.3602031206519691,
        0.25461558133560236
      ],
      [
        0.00014120164972854628,
        0.00011401053401601716,
        8.839410837235003e-06,
        0.0021516238712456265,
        0.0021931653893154167,
        0.9953911591448571
      ],
      [
        0.6524196638224935,
        9.001531907847063e-05,
        1.0616524714213388e-05,
        0.0036532583532266506,
        0.33930381597006704,
        0.004522630010420012
      ],
      [
        0.0002472789117169611,
        0.0015026570609032485,
        0.0026333431432980074,
        0.03317414844581187,
        0.00404309941614279,
        0.9583994730221271
      ],
      [
        0.026376424557306998,
        0.04397195822841905,
        0.005625973766874899,
        0.15884965169495296,
        0.631343503450609,
        0.13383248830183717
      ],
      [
        0.010000195426628635,
        0.05993769401305938,
        0.01606167405071609,
        0.3084824881049137,
        0.28859992877910146,
        0.3169180196255808
      ],
      [
        0.0124104277736835,
        0.0019141585092286378,
        0.00045047028028291473,
        0.16454583725363567,
        0.760218999419342,
        0.06046010676382724
      ],
      [
        0.10528976226592233,
        0.006532162758871432,
        0.001762664038099093,
        0.5489073438547405,
        0.00699188529121123,
        0.33051618179115533
      ],
      [
        0.0003534445179625317,
        0.07163011850991753,
        0.05537873165800699,
        0.03963167916631913,
        0.09462393722915355,
        0.7383820889186402
      ],
      [
        0.023038649556829858,
        0.03192714258381019,
        0.0799242618397282,
        0.13139098888162085,
        0.16525152572770868,
        0.5684674314103023
      ],
      [
        0.00026896169190602826,
        0.0013576439230125973,
        0.002494294925777789,
        0.009280393090463574,
        0.8986743970928746,
        0.08792430927596541
      ],
      [
        2.9330777986758985e-06,
        0.5284816146314969,
        1.9827770054696354e-05,
        0.015880394225710567,
        0.00035837153882023427,
        0.455256858756119
      ],
      [
        0.04380948625998217,
        0.0217572295547988,
        0.19241724590118506,
        0.009782146854496323,
        0.027385854319956493,
        0.7048480371095811
      ],
      [
        0.27780876321490516,
        0.006316390776402166,
        0.01024060872948894,
        0.6463345094141871,
        0.024899657038655487,
        0.034400070826361095
      ],
      [
        0.13402117066201177,
        0.009023023440188039,
        0.15347540994500167,
        0.06646908355033826,
        0.05311566309672393,
        0.5838956493057363
      ],
      [
        0.48726187410466526,
        0.012581578079744964,
        0.0008884587768126857,
        0.0907473117050036,
        0.10548962052806872,
        0.3030311568057049
      ],
      [
        8.89576398107235e-05,
        0.3147309536715556,
        0.0017935687521313897,
        0.03343115618800444,
        0.0021336785473223966,
        0.6478216852011754
      ],
      [
        3.6017639953720805e-05,
        0.01779747037713932,
        0.0047882930792149505,
        0.000964681490825475,
        0.0009232783538718095,
        0.9754902590589947
      ],
      [
        0.0063665926243111435,
        0.39439555254934877,
        0.007788101749438637,
        0.019223358452934547,
        0.03764765731706939,
        0.5345787373068975
      ],
      [
        0.027798832312590737,
        0.0006281326259416445,
        0.0006852116657688616,
        0.04479821966022279,
        0.08890133804430464,
        0.8371882656911713
      ],
      [
        0.00014892559710789492,
        0.06268596096350118,
        0.46087613720437365,
        0.0008813977809058393,
        0.0006392843781183115,
        0.4747682940759931
      ],
      [
        1.6299726455275178e-05,
        0.0120739910172249,
        0.00018516960173188944,
        0.008070653077444877,
        0.010666546136641608,
        0.9689873404405014
      ],
      [
        0.0002120960829466422,
        0.0002629836880855626,
        0.507684648845665,
        0.019536110270435586,
        5.2789038728027355e-05,
        0.4722513720741392
      ],
      [
        2.2995491620350697e-06,
        0.006782637636177101,
        6.309249913929344e-07,
        0.0037530446142727833,
        0.7330578490990813,
        0.2564035381763154
      ],
      [
        5.174961173096234e-07,
        0.008047124295676911,
        6.733424833241603e-08,
        0.005885476820081047,
        0.0013711762072068788,
        0.9846956378466695
      ],
      [
        1.556235703246576e-05,
        0.7273651513293408,
        0.00036642955918626753,
        0.007895147781411689,
        0.000570225783802019,
        0.2637874831892269
      ],
      [
        5.332154811105202e-05,
        0.3059091096722373,
        0.003966634601040643,
        0.08506495818331737,
        0.2894991782527917,
        0.315506797742502
      ],
      [
        4.962689154016039e-06,
        0.06368159972539898,
        6.162809676307416e-05,
        0.00018147072295224818,
        0.01042641210045549,
        0.9256439266652761
      ],
      [
        0.002728219963029192,
        0.004502204081549854,
        0.00021834620841895341,
        0.023446167738047804,
        0.9005065960966512,
        0.06859846591230293
      ],
      [
        6.024705277806879e-05,
        0.5744814775150864,
        0.00135068779584772,
        0.046501937422598505,
        0.0026535945464822154,
        0.3749520556672071
      ],
      [
        2.9383236328922244e-08,
        0.09683076830162468,
        3.854391804088047e-08,
        0.0037501715816087872,
        0.020820337211375883,
        0.8785986549782362
      ],
      [
        0.010841666809916438,
        0.0001125097894170859,
        0.0013857097212107133,
        0.9564848555336245,
        0.002840495533924082,
        0.02833476261190702
      ],
      [
        3.7285899546912843e-07,
        0.013895981242859727,
        4.6010559615349294e-05,
        0.21776258556683858,
        0.4999381884817982,
        0.26835686128989267
      ],
      [
        0.005083606699197076,
        0.0443765966933582,
        0.007674026130554283,
        0.6945176861974972,
        0.10871730365430955,
        0.13963078062508366
      ],
      [
        0.0018850521388649054,
        0.20140629138057167,
        0.00014032900163128673,
        0.003800414974962656,
        0.602682472474241,
        0.1900854400297284
      ],
      [
        0.00041565326216845647,
        0.01915782189598198,
        0.000793509433688678,
        0.01997239427739445,
        0.4266276267186777,
        0.5330329944120887
      ],
      [
        0.00305576938706134,
        0.05918058308138234,
        0.5837632061582017,
        0.0006645900873309938,
        0.0023267043507112185,
        0.35100914693531254
      ],
      [
        0.8982703359345102,
        0.00010164341023230116,
        4.758586418207012e-06,
        0.07698638189002877,
        0.015494218796366588,
        0.00914266138244384
      ],
      [
        1.6425124760662715e-06,
        0.09211430288089845,
        2.2314460318509967e-07,
        5.013383738187757e-05,
        0.7831931829608115,
        0.12464051466382899
      ],
      [
        0.3763573498217512,
        0.0010853065980457658,
        0.0002570988170061449,
        0.5277980452468269,
        0.08851783801002489,
        0.005984361506345092
      ],
      [
        0.0009011505115010784,
        0.006832220877651986,
        1.0397961999995925e-06,
        0.0007596018215492606,
        0.9132300881920911,
        0.07827589880100662
      ],
      [
        0.24895306463102826,
        0.001039537994351882,
        0.002724820321506693,
        0.0003807193879214659,
        0.7468603705890072,
        4.148707618455858e-05
      ],
      [
        0.020656827526495104,
        0.0019237502640295642,
        2.4769477295546178e-05,
        0.07969980964957887,
        0.7458938502583905,
        0.1518009928242105
      ],
      [
        0.1439349697663604,
        0.4240339548594785,
        0.03232317019967811,
        0.03366751408901467,
        0.3642674819931173,
        0.001772909092350971
      ],
      [
        1.1763013112161932e-05,
        0.9566006705266061,
        0.0036855931717455644,
        0.0007860044238277732,
        0.0008449522527680476,
        0.03807101661194031
      ],
      [
        0.9045942758532449,
        8.49284356010332e-06,
        0.00024219166793898868,
        0.09505168168367323,
        0.00010083398865728145,
        2.52396292563429e-06
      ],
      [
        0.9867178297672996,
        0.010390009729306255,
        5.5502179087148085e-06,
        0.00019017101536239318,
        0.0026446212409823584,
        5.181802914066033e-05
      ],
      [
        0.025260291151963092,
        0.2502608105946403,
        0.00029745526173113824,
        0.0003556579160556266,
        0.010202386030699272,
        0.7136233990449106
      ],
      [
        0.10470971418752159,
        0.5176086924537302,
        0.052861191358766296,
        0.011562807310784946,
        0.3115179467010496,
        0.0017396479881474243
      ],
      [
        0.9746023882349643,
        0.00026333978737149013,
        6.586419830399583e-05,
        0.00019558124055958601,
        0.024871086503759375,
        1.740035041246926e-06
      ],
      [
        8.517594292327933e-06,
        0.9666247082262402,
        7.781928426509923e-05,
        0.018652915856283113,
        0.00012020933945556943,
        0.014515829699463804
      ],
      [
        0.008507528752465115,
        0.8609812311589031,
        0.000544344122124971,
        0.022951701634744057,
        2.221212009021676e-05,
        0.10699298221167271
      ],
      [
        0.8274944254804805,
        0.05677194306492482,
        0.015682192370299778,
        0.027024855709716696,
        0.07260048309210035,
        0.0004261002824780562
      ],
      [
        0.017164769096157162,
        0.0272185004674938,
        0.005198240001648449,
        0.0008345593476308519,
        0.9494487542783764,
        0.00013517680869327135
      ],
      [
        4.44401416677325e-10,
        0.4461613163007503,
        4.4289630025874204e-07,
        8.125065666496677e-05,
        0.000523585200752412,
        0.5532334045011307
      ],
      [
        0.03279777538415801,
        0.7032801901442254,
        0.000319089299769927,
        0.00985780679179313,
        0.2537412233271525,
        3.915052900996095e-06
      ],
      [
        0.82100148597408,
        0.14665271410667924,
        0.003939377223847544,
        0.0014834148750255164,
        0.026604672085691655,
        0.00031833573467585476
      ],
      [
        0.8798737588036024,
        0.014435253822303179,
        0.018751422016780483,
        0.00016661916607070974,
        0.0865573127520427,
        0.00021563343920052102
      ],
      [
        0.5944788960260411,
        0.3357961817054523,
        0.011833089213846675,
        0.00587561770735359,
        0.05152648011467425,
        0.0004897352326321071
      ],
      [
        0.4388685170636066,
        0.49304285513042306,
        0.01313410893472041,
        0.015060788399502813,
        0.03674423396590137,
        0.003149496505845657
      ],
      [
        0.5849875108820002,
        0.22531028648498852,
        0.0003873976885671786,
        0.0010260605807002419,
        0.18827373535240938,
        1.5009011334353198e-05
      ],
      [
        0.0035215162831538516,
        0.9090326533288119,
        0.0001865383012698292,
        0.003047467410499181,
        0.0833184397900476,
        0.0008933848862176384
      ],
      [
        5.02010544974449e-05,
        0.47687669847527253,
        0.398927106727988,
        0.011038362465649649,
        0.02027844121165474,
        0.0928291900649376
      ],
      [
        0.19700994787036333,
        0.2819714302438429,
        0.01854650254211614,
        0.014044173507132347,
        0.48799582039816,
        0.0004321254383852122
      ],
      [
        0.0001739392463748851,
        0.18129808259304225,
        0.03253890836776101,
        0.09276939685682074,
        0.1713662093170207,
        0.5218534636189804
      ],
      [
        3.2125164359053326e-05,
        0.000867999225909828,
        3.6422096473447457e-07,
        0.8918267431425236,
        0.10603673199103388,
        0.0012360362552088573
      ],
      [
        0.014546972450023272,
        0.9585463921444373,
        3.704212974750316e-05,
        0.013815030383815456,
        9.605386146543132e-05,
        0.012958509030510981
      ],
      [
        1.2182007967145455e-08,
        0.0009608065869481492,
        0.005111863611990443,
        0.006328982646271959,
        0.00019926070927013168,
        0.9873990742635114
      ],
      [
        1.7310670066351833e-05,
        0.06143788844776956,
        1.3642803379198801e-05,
        0.0009721747193882416,
        0.0018228455394557795,
        0.9357361378199409
      ],
      [
        5.2475831377013106e-05,
        0.12188212024907993,
        1.0683389437438936e-05,
        0.02006213501013623,
        0.004983764245048643,
        0.8530088212749208
      ],
      [
        0.483660135360765,
        0.4052967547634017,
        8.82880508749374e-05,
        0.015976780334133824,
        0.000275814397080177,
        0.09470222709374447
      ],
      [
        1.1246181572746978e-07,
        0.02162949602824091,
        1.5162085786338131e-06,
        0.00046072578309093123,
        0.057973294050205425,
        0.9199348554680684
      ],
      [
        6.500320797760529e-05,
        0.9975910728107348,
        0.0011086558160769786,
        0.0011822336858043415,
        2.421855181203807e-05,
        2.881592759425557e-05
      ],
      [
        0.006779148943385889,
        0.3765221230039608,
        0.4185492032886128,
        0.0165829909443673,
        0.0004068778590840961,
        0.1811596559605892
      ],
      [
        5.009616300351141e-05,
        0.0004306751698261368,
        3.2947277485512595e-06,
        0.003422656437900808,
        0.9960845869338546,
        8.690567666375249e-06
      ],
      [
        0.005330701278176563,
        0.00012871048681861036,
        2.294517730606783e-05,
        0.0005706108620120337,
        0.9938741938524596,
        7.28383432271846e-05
      ],
      [
        2.6930677215869894e-05,
        0.00010897790379838278,
        4.9314832909465876e-06,
        0.0014520579218588014,
        0.9979767207656685,
        0.00043038124816760005
      ],
      [
        0.008820077939529483,
        0.010545802099217983,
        0.0001148827337054453,
        0.10111483342322368,
        0.8607118134044174,
        0.018692590399906027
      ],
      [
        0.01682188679827912,
        0.0005875277870028816,
        1.6660026759062905e-05,
        0.9629856144012469,
        0.019526934987781998,
        6.137599892996993e-05
      ],
      [
        0.00041178402421659975,
        0.008235462210487756,
        0.005584679540768761,
        0.04302965576222571,
        0.8827732966783384,
        0.05996512178396283
      ],
      [
        0.006082100415413914,
        0.0010877587071545956,
        0.002254529946889284,
        0.15616830948658417,
        0.8331445152634555,
        0.0012627861805026698
      ],
      [
        0.2906076306473132,
        3.6448220258936375e-05,
        4.961236125128095e-06,
        0.10166242853406347,
        0.6076754381027606,
        1.3093259478611759e-05
      ],
      [
        0.0017295287605931806,
        0.334282833169164,
        0.00603961701074631,
        0.32107568085153687,
        0.3246321326347829,
        0.012240207573176828
      ],
      [
        0.00022485804633895398,
        5.775662464061162e-05,
        1.438587096132292e-07,
        0.9992720721773286,
        0.00036391568763677237,
        8.125360534559993e-05
      ],
      [
        0.0007316947955435645,
        0.5149635828573851,
        0.11161123098504422,
        0.172378050306829,
        0.0007581208511429866,
        0.199557320204055
      ],
      [
        0.4941516651093503,
        0.034449610719189734,
        0.13452730124205942,
        0.31880329399027585,
        0.014337376689822493,
        0.0037307522493022875
      ],
      [
        0.6167116497950371,
        0.05311425668268244,
        0.2861372624909144,
        0.0013704031043807016,
        0.007188375090734277,
        0.03547805283625113
      ],
      [
        0.002786683879078688,
        0.010406017609163626,
        0.00021613849262515825,
        0.39845794867956097,
        0.5869914785412363,
        0.0011417327983351464
      ],
      [
        0.0005789021321665352,
        3.490870361776034e-05,
        0.002669320556854519,
        0.2174436047681727,
        0.5088037055385697,
        0.2704695583006187
      ],
      [
        0.001705845521626613,
        0.0005111220456967649,
        0.007413806168405907,
        0.9629643669982118,
        0.02516390256895712,
        0.002240956697101643
      ],
      [
        0.14688348497956913,
        0.027669746023353307,
        0.025189429560541834,
        0.14817185261051666,
        0.017153060569645575,
        0.6349324262563736
      ],
      [
        0.014417531432996022,
        0.0010785777411121186,
        0.005821626939286449,
        0.7478755779034361,
        0.006030355228024468,
        0.22477633075514483
      ],
      [
        0.006419080967451991,
        0.0002694467155452328,
        0.0031835759796804554,
        0.6918684998776342,
        0.2963619616274687,
        0.0018974348322194502
      ],
      [
        0.6497227146446815,
        0.00018420658411778777,
        1.6307998334686375e-05,
        0.16784622885795394,
        0.18193598690640556,
        0.0002945550085065287
      ]
    ],
    "predictions": [
      5,
      5,
      0,
      0,
      3,
      5,
      0,
      0,
      4,
      0,
      4,
      0,
      5,
      3,
      4,
      5,
      0,
      5,
      4,
      5,
      4,
      3,
      5,
      5,
      4,
      1,
      5,
      3,
      5,
      0,
      5,
      5,
      5,
      5,
      5,
      5,
      2,
      4,
      5,
      1,
      5,
      5,
      4,
      1,
      5,
      3,
      4,
      3,
      4,
      5,
      2,
      0,
      4,
      3,
      4,
      4,
      4,
      1,
      1,
      0,
      0,
      5,
      1,
      0,
      1,
      1,
      0,
      4,
      5,
      1,
      0,
      0,
      0,
      1,
      0,
      1,
      1,
      4,
      5,
      3,
      1,
      5,
      5,
      5,
      0,
      5,
      1,
      2,
      4,
      4,
      4,
      4,
      3,
      4,
      4,
      4,
      1,
      3,
      1,
      0,
      0,
      4,
      4,
      3,
      5,
      3,
      3,
      0
    ],
    "true_labels": [
      0,
      0,
      0,
      0,
      0,
      0,
      0,
      0,
      0,
      0,
      0,
      0,
      0,
      0,
      0,
      0,
      0,
      0,
      0,
      0,
      0,
      0,
      0,
      0,
      0,
      0,
      0,
      0,
      0,
      0,
      5,
      5,
      5,
      5,
      5,
      5,
      5,
      5,
      5,
      5,
      5,
      5,
      5,
      5,
      5,
      5,
      5,
      5,
      5,
      5,
      5,
      5,
      5,
      5,
      5,
      1,
      1,
      1,
      1,
      1,
      1,
      1,
      1,
      1,
      1,
      1,
      1,
      1,
      1,
      1,
      1,
      1,
      1,
      1,
      1,
      1,
      1,
      1,
      2,
      2,
      2,
      2,
      2,
      2,
      2,
      2,
      2,
      2,
      4,
      4,
      4,
      4,
      4,
      4,
      4,
      4,
      4,
      4,
      3,
      3,
      3,
      3,
      3,
      3,
      3,
      3,
      3,
      3
    ],
    "patient_ids": [
      "201",
      "202",
      "203",
      "204",
      "205",
      "206",
      "207",
      "208",
      "209",
      "210",
      "211",
      "212",
      "213",
      "214",
      "215",
      "216",
      "217",
      "218",
      "219",
      "220",
      "221",
      "222",
      "223",
      "224",
      "225",
      "226",
      "227",
      "228",
      "229",
      "230",
      "231",
      "232",
      "233",
      "234",
      "235",
      "236",
      "237",
      "238",
      "239",
      "240",
      "241",
      "242",
      "243",
      "244",
      "245",
      "246",
      "247",
      "248",
      "249",
      "250",
      "251",
      "252",
      "253",
      "254",
      "255",
      "256",
      "257",
      "258",
      "259",
      "260",
      "261",
      "262",
      "264",
      "265",
      "266",
      "267",
      "269",
      "270",
      "271",
      "272",
      "273",
      "274",
      "275",
      "276",
      "277",
      "278",
      "279",
      "280",
      "281",
      "282",
      "283",
      "284",
      "285",
      "286",
      "287",
      "288",
      "289",
      "290",
      "291",
      "292",
      "293",
      "294",
      "295",
      "296",
      "297",
      "298",
      "299",
      "300",
      "301",
      "302",
      "303",
      "304",
      "305",
      "306",
      "307",
      "308",
      "309",
      "310"
    ]
  },
  "roc_auc": {
    "macro_auc": 0.7023801383926797,
    "per_class_auc": {
      "NOR": 0.6948717948717948,
      "HCM": 0.7442455242966751,
      "ARR": 0.3948979591836735,
      "CIA": 0.8153061224489796,
      "FALL": 0.8112244897959184,
      "LV": 0.7537349397590362
    }
  },
  "binary": {
    "accuracy": 0.6851851851851852,
    "f1": 0.7976190476190477,
    "sensitivity": 0.8589743589743589,
    "specificity": 0.23333333333333334,
    "roc_auc": 0.694871794871795,
    "binary_labels": [
      0,
      0,
      0,
      0,
      0,
      0,
      0,
      0,
      0,
      0,
      0,
      0,
      0,
      0,
      0,
      0,
      0,
      0,
      0,
      0,
      0,
      0,
      0,
      0,
      0,
      0,
      0,
      0,
      0,
      0,
      1,
      1,
      1,
      1,
      1,
      1,
      1,
      1,
      1,
      1,
      1,
      1,
      1,
      1,
      1,
      1,
      1,
      1,
      1,
      1,
      1,
      1,
      1,
      1,
      1,
      1,
      1,
      1,
      1,
      1,
      1,
      1,
      1,
      1,
      1,
      1,
      1,
      1,
      1,
      1,
      1,
      1,
      1,
      1,
      1,
      1,
      1,
      1,
      1,
      1,
      1,
      1,
      1,
      1,
      1,
      1,
      1,
      1,
      1,
      1,
      1,
      1,
      1,
      1,
      1,
      1,
      1,
      1,
      1,
      1,
      1,
      1,
      1,
      1,
      1,
      1,
      1,
      1
    ],
    "binary_probs": [
      0.9991682609790581,
      0.9475645928697074,
      0.012965640866757222,
      0.368201754945937,
      0.577278382310199,
      0.7828773527704109,
      1.0411600272486332e-05,
      0.427623932519521,
      0.6362790661924387,
      0.004318988430258797,
      0.8291891085667118,
      0.3031357255441627,
      0.9968023025323316,
      0.9485300944540453,
      0.9537077516719228,
      0.9998587983502715,
      0.3475803361775065,
      0.9997527210882831,
      0.973623575442693,
      0.9899998045733713,
      0.9875895722263165,
      0.8947102377340777,
      0.9996465554820375,
      0.9769613504431701,
      0.999731038308094,
      0.9999970669222014,
      0.9561905137400178,
      0.7221912367850949,
      0.8659788293379882,
      0.5127381258953347,
      0.9999110423601892,
      0.9999639823600462,
      0.9936334073756888,
      0.9722011676874093,
      0.9998510744028921,
      0.9999837002735448,
      0.9997879039170534,
      0.9999977004508379,
      0.9999994825038827,
      0.9999844376429675,
      0.9999466784518889,
      0.9999950373108459,
      0.9972717800369708,
      0.9999397529472219,
      0.9999999706167637,
      0.9891583331900836,
      0.9999996271410045,
      0.994916393300803,
      0.9981149478611351,
      0.9995843467378316,
      0.9969442306129387,
      0.10172966406548978,
      0.999998357487524,
      0.6236426501782488,
      0.9990988494884989,
      0.7510469353689717,
      0.9793431724735049,
      0.8560650302336397,
      0.9999882369868879,
      0.09540572414675508,
      0.013282170232700397,
      0.974739708848037,
      0.8952902858124784,
      0.025397611765035744,
      0.9999914824057077,
      0.9914924712475349,
      0.17250557451951953,
      0.9828352309038428,
      0.9999999995555986,
      0.967202224615842,
      0.17899851402592004,
      0.12012624119639759,
      0.4055211039739589,
      0.5611314829363934,
      0.4150124891179998,
      0.9964784837168461,
      0.9999497989455025,
      0.8029900521296367,
      0.9998260607536251,
      0.999967874835641,
      0.9854530275499768,
      0.999999987817992,
      0.9999826893299336,
      0.999947524168623,
      0.516339864639235,
      0.9999998875381843,
      0.9999349967920224,
      0.9932208510566141,
      0.9999499038369964,
      0.9946692987218234,
      0.9999730693227842,
      0.9911799220604706,
      0.9831781132017209,
      0.9995882159757834,
      0.9939178995845861,
      0.7093923693526868,
      0.9982704712394068,
      0.999775141953661,
      0.9992683052044564,
      0.5058483348906497,
      0.3832883502049629,
      0.9972133161209213,
      0.9994210978678335,
      0.9982941544783734,
      0.8531165150204308,
      0.9855824685670039,
      0.993580919032548,
      0.35027728535531855
    ]
  }
}