{
  "config": {
    "dataset": "mnm2",
    "backbone": "dinov3",
    "model_name": "dinov3_vits16",
    "eval_mode": "logreg",
    "freeze_backbone": true,
    "pooling": "cls",
    "embed_dim": 384,
    "best_hyperparam": 0.005623413249850273,
    "hyperparam_name": "C",
    "num_classes": 6,
    "class_names": [
      "NOR",
      "HCM",
      "ARR",
      "CIA",
      "FALL",
      "LV"
    ]
  },
  "sweep_results": [
    {
      "param_value": 9.999999974752427e-07,
      "mean_cv_acc": 0.17857142857142858,
      "std_cv_acc": 0.0
    },
    {
      "param_value": 1.7782793975129607e-06,
      "mean_cv_acc": 0.17857142857142858,
      "std_cv_acc": 0.0
    },
    {
      "param_value": 3.1622776077711023e-06,
      "mean_cv_acc": 0.17857142857142858,
      "std_cv_acc": 0.0
    },
    {
      "param_value": 5.6234130170196295e-06,
      "mean_cv_acc": 0.17857142857142858,
      "std_cv_acc": 0.0
    },
    {
      "param_value": 9.999999747378752e-06,
      "mean_cv_acc": 0.17857142857142858,
      "std_cv_acc": 0.0
    },
    {
      "param_value": 1.778279329300858e-05,
      "mean_cv_acc": 0.17857142857142858,
      "std_cv_acc": 0.0
    },
    {
      "param_value": 3.162277789670043e-05,
      "mean_cv_acc": 0.25,
      "std_cv_acc": 0.0
    },
    {
      "param_value": 5.62341338081751e-05,
      "mean_cv_acc": 0.25,
      "std_cv_acc": 0.0
    },
    {
      "param_value": 9.999999747378752e-05,
      "mean_cv_acc": 0.2857142857142857,
      "std_cv_acc": 0.0
    },
    {
      "param_value": 0.00017782794020604342,
      "mean_cv_acc": 0.35714285714285715,
      "std_cv_acc": 0.0
    },
    {
      "param_value": 0.0003162277571391314,
      "mean_cv_acc": 0.42857142857142855,
      "std_cv_acc": 0.0
    },
    {
      "param_value": 0.000562341301701963,
      "mean_cv_acc": 0.4642857142857143,
      "std_cv_acc": 0.0
    },
    {
      "param_value": 0.0010000000474974513,
      "mean_cv_acc": 0.5357142857142857,
      "std_cv_acc": 0.0
    },
    {
      "param_value": 0.0017782794311642647,
      "mean_cv_acc": 0.5714285714285714,
      "std_cv_acc": 0.0
    },
    {
      "param_value": 0.003162277629598975,
      "mean_cv_acc": 0.6071428571428571,
      "std_cv_acc": 0.0
    },
    {
      "param_value": 0.005623413249850273,
      "mean_cv_acc": 0.6428571428571429,
      "std_cv_acc": 0.0
    },
    {
      "param_value": 0.009999999776482582,
      "mean_cv_acc": 0.6428571428571429,
      "std_cv_acc": 0.0
    },
    {
      "param_value": 0.017782794311642647,
      "mean_cv_acc": 0.6428571428571429,
      "std_cv_acc": 0.0
    },
    {
      "param_value": 0.03162277489900589,
      "mean_cv_acc": 0.6428571428571429,
      "std_cv_acc": 0.0
    },
    {
      "param_value": 0.05623413249850273,
      "mean_cv_acc": 0.6428571428571429,
      "std_cv_acc": 0.0
    },
    {
      "param_value": 0.10000000149011612,
      "mean_cv_acc": 0.6428571428571429,
      "std_cv_acc": 0.0
    },
    {
      "param_value": 0.17782793939113617,
      "mean_cv_acc": 0.6071428571428571,
      "std_cv_acc": 0.0
    },
    {
      "param_value": 0.3162277638912201,
      "mean_cv_acc": 0.6071428571428571,
      "std_cv_acc": 0.0
    },
    {
      "param_value": 0.5623413324356079,
      "mean_cv_acc": 0.6071428571428571,
      "std_cv_acc": 0.0
    },
    {
      "param_value": 1.0,
      "mean_cv_acc": 0.6071428571428571,
      "std_cv_acc": 0.0
    },
    {
      "param_value": 1.778279423713684,
      "mean_cv_acc": 0.6071428571428571,
      "std_cv_acc": 0.0
    },
    {
      "param_value": 3.1622776985168457,
      "mean_cv_acc": 0.6428571428571429,
      "std_cv_acc": 0.0
    },
    {
      "param_value": 5.6234130859375,
      "mean_cv_acc": 0.6428571428571429,
      "std_cv_acc": 0.0
    },
    {
      "param_value": 10.0,
      "mean_cv_acc": 0.6428571428571429,
      "std_cv_acc": 0.0
    },
    {
      "param_value": 17.782794952392578,
      "mean_cv_acc": 0.6428571428571429,
      "std_cv_acc": 0.0
    },
    {
      "param_value": 31.62277603149414,
      "mean_cv_acc": 0.6428571428571429,
      "std_cv_acc": 0.0
    },
    {
      "param_value": 56.234130859375,
      "mean_cv_acc": 0.6428571428571429,
      "std_cv_acc": 0.0
    },
    {
      "param_value": 100.0,
      "mean_cv_acc": 0.6428571428571429,
      "std_cv_acc": 0.0
    },
    {
      "param_value": 177.82794189453125,
      "mean_cv_acc": 0.6428571428571429,
      "std_cv_acc": 0.0
    },
    {
      "param_value": 316.2277526855469,
      "mean_cv_acc": 0.6428571428571429,
      "std_cv_acc": 0.0
    },
    {
      "param_value": 562.34130859375,
      "mean_cv_acc": 0.6428571428571429,
      "std_cv_acc": 0.0
    },
    {
      "param_value": 1000.0,
      "mean_cv_acc": 0.6428571428571429,
      "std_cv_acc": 0.0
    },
    {
      "param_value": 1778.2794189453125,
      "mean_cv_acc": 0.6428571428571429,
      "std_cv_acc": 0.0
    },
    {
      "param_value": 3162.277587890625,
      "mean_cv_acc": 0.6428571428571429,
      "std_cv_acc": 0.0
    },
    {
      "param_value": 5623.4130859375,
      "mean_cv_acc": 0.6428571428571429,
      "std_cv_acc": 0.0
    },
    {
      "param_value": 10000.0,
      "mean_cv_acc": 0.6428571428571429,
      "std_cv_acc": 0.0
    },
    {
      "param_value": 17782.794921875,
      "mean_cv_acc": 0.6428571428571429,
      "std_cv_acc": 0.0
    },
    {
      "param_value": 31622.77734375,
      "mean_cv_acc": 0.6428571428571429,
      "std_cv_acc": 0.0
    },
    {
      "param_value": 56234.1328125,
      "mean_cv_acc": 0.6428571428571429,
      "std_cv_acc": 0.0
    },
    {
      "param_value": 100000.0,
      "mean_cv_acc": 0.6428571428571429,
      "std_cv_acc": 0.0
    }
  ],
  "five_way": {
    "accuracy": 0.4351851851851852,
    "macro_f1": 0.3780684612048187,
    "macro_sensitivity": 0.4096618357487923,
    "macro_specificity": 0.8803628216810356,
    "per_class_sensitivity": {
      "NOR": 0.26666666666666666,
      "HCM": 0.391304347826087,
      "ARR": 0.0,
      "CIA": 0.2,
      "FALL": 0.8,
      "LV": 0.8
    },
    "per_class_specificity": {
      "NOR": 0.8461538461538461,
      "HCM": 0.9764705882352941,
      "ARR": 0.9795918367346939,
      "CIA": 0.9285714285714286,
      "FALL": 0.9489795918367347,
      "LV": 0.6024096385542169
    },
    "confusion_matrix": [
      [
        8,
        0,
        1,
        3,
        0,
        18
      ],
      [
        10,
        9,
        1,
        0,
        0,
        3
      ],
      [
        0,
        1,
        0,
        1,
        1,
        7
      ],
      [
        2,
        0,
        0,
        2,
        1,
        5
      ],
      [
        0,
        0,
        0,
        2,
        8,
        0
      ],
      [
        0,
        1,
        0,
        1,
        3,
        20
      ]
    ],
    "classification_report": {
      "NOR": {
        "precision": 0.4,
        "recall": 0.26666666666666666,
        "f1-score": 0.32,
        "support": 30.0
      },
      "HCM": {
        "precision": 0.8181818181818182,
        "recall": 0.391304347826087,
        "f1-score": 0.5294117647058824,
        "support": 23.0
      },
      "ARR": {
        "precision": 0.0,
        "recall": 0.0,
        "f1-score": 0.0,
        "support": 10.0
      },
      "CIA": {
        "precision": 0.2222222222222222,
        "recall": 0.2,
        "f1-score": 0.21052631578947367,
        "support": 10.0
      },
      "FALL": {
        "precision": 0.6153846153846154,
        "recall": 0.8,
        "f1-score": 0.6956521739130435,
        "support": 10.0
      },
      "LV": {
        "precision": 0.37735849056603776,
        "recall": 0.8,
        "f1-score": 0.5128205128205128,
        "support": 25.0
      },
      "accuracy": 0.4351851851851852,
      "macro avg": {
        "precision": 0.40552452439244896,
        "recall": 0.4096618357487923,
        "f1-score": 0.3780684612048187,
        "support": 108.0
      },
      "weighted avg": {
        "precision": 0.4502612264666772,
        "recall": 0.4351851851851852,
        "f1-score": 0.40424785468308594,
        "support": 108.0
      }
    },
    "probabilities": [
      [
        0.053400196721712624,
        0.05473623811139744,
        0.03340471617603964,
        0.13751082459356584,
        0.009451602409312166,
        0.7114964219879724
      ],
      [
        0.048545411044392056,
        0.05035224930752027,
        0.11479907366772077,
        0.07229654740439928,
        0.08070540566252363,
        0.6333013129134439
      ],
      [
        0.7979550869719304,
        0.12804079578937272,
        0.01698533703494358,
        0.04691532277247,
        0.004492609351818281,
        0.005610848079464899
      ],
      [
        0.6350793491753908,
        0.16050346189143036,
        0.09735050163926766,
        0.08866066917233494,
        0.00624885161483555,
        0.012157166506740742
      ],
      [
        0.8666447054817105,
        0.010208438034213802,
        0.01623927043185835,
        0.08976800394831724,
        0.014170691631340002,
        0.0029688904725603117
      ],
      [
        0.7629488085603625,
        0.007058163961078934,
        0.0999270250680448,
        0.07067065553401096,
        0.007723023660325969,
        0.051672323216176805
      ],
      [
        0.5500174702943245,
        0.02818612403799052,
        0.31163486016484687,
        0.06115810742098265,
        0.014471045585641985,
        0.034532392496213496
      ],
      [
        0.7319339807320566,
        0.012605646350959643,
        0.04999099252071081,
        0.14186699544550088,
        0.010571539654948546,
        0.05303084529582333
      ],
      [
        0.8530719334052799,
        0.004688660636245635,
        0.07179678787338323,
        0.045788152332479154,
        0.021075620227445583,
        0.003578845525166524
      ],
      [
        0.8065830954665606,
        0.00510106390444933,
        0.0954273513830677,
        0.07313992263615271,
        0.006253479615802868,
        0.013495086993966818
      ],
      [
        0.02402633442261755,
        0.0673164845713312,
        0.10986408811026016,
        0.04779407240581449,
        0.08936977845961132,
        0.6616292420303653
      ],
      [
        0.06921776569340611,
        0.08811137454859107,
        0.39257620262754966,
        0.0735292944308433,
        0.045560338462576656,
        0.3310050242370332
      ],
      [
        0.03156085987261684,
        0.009804108166477222,
        0.016634702604331975,
        0.5366106668720805,
        0.006790010276889037,
        0.39859965220760446
      ],
      [
        0.03494452478305239,
        0.026304471703990275,
        0.14072831444530834,
        0.1885524101132203,
        0.05979994178755524,
        0.5496703371668734
      ],
      [
        0.061304294361728476,
        0.0987534070123802,
        0.045815324597988115,
        0.4135019939917976,
        0.027819020689164538,
        0.3528059593469411
      ],
      [
        0.013701369487209788,
        0.028315290756457646,
        0.10956371800631542,
        0.04741644220457426,
        0.014511791449175302,
        0.7864913880962675
      ],
      [
        0.05610090961049933,
        0.038967541615774905,
        0.03605263311012758,
        0.13588136493239564,
        0.061948740498430056,
        0.6710488102327724
      ],
      [
        0.028057973932927204,
        0.20194803691887214,
        0.07862021704946612,
        0.10190306573392735,
        0.02780911478333265,
        0.5616615915814746
      ],
      [
        0.014194950835580429,
        0.03620138061827621,
        0.015625052789593214,
        0.3322410867071909,
        0.011883981161617097,
        0.5898535478877421
      ],
      [
        0.04208077995518259,
        0.04159586688106714,
        0.10539733214028403,
        0.1928083060414389,
        0.041799273047689774,
        0.5763184419343375
      ],
      [
        0.0410161776436482,
        0.03583078387464594,
        0.06537205001244714,
        0.08467607427204658,
        0.10484789216809991,
        0.6682570220291122
      ],
      [
        0.05200934294206405,
        0.009358550551361578,
        0.009453141324152835,
        0.37239317858701565,
        0.04326416630879342,
        0.5135216202866125
      ],
      [
        0.023232073028418565,
        0.053204237869577085,
        0.10608516908964179,
        0.02682919616194215,
        0.05663472324588338,
        0.734014600604537
      ],
      [
        0.025404027752431124,
        0.06004723897286366,
        0.027270519243914916,
        0.1312733019724066,
        0.020722951772084188,
        0.7352819602862996
      ],
      [
        0.025380656591006336,
        0.05376421030099751,
        0.05544052880493244,
        0.04484629173150468,
        0.048419193864271584,
        0.7721491187072873
      ],
      [
        0.03040346513432032,
        0.010446145415420258,
        0.032318215672493836,
        0.23867382380406715,
        0.006938268931185247,
        0.6812200810425132
      ],
      [
        0.04466228582653968,
        0.05409762488808613,
        0.0652822015955631,
        0.26291215554818786,
        0.0427449412843684,
        0.5303007908572548
      ],
      [
        0.016178048082180405,
        0.011905245795120629,
        0.017805290612983617,
        0.10617682608915754,
        0.01073154009375692,
        0.8372030493268008
      ],
      [
        0.11895734558994359,
        0.13127751272713312,
        0.05761582044440791,
        0.20724698241071907,
        0.014621845809717352,
        0.47028049301807895
      ],
      [
        0.08702446320010937,
        0.08478775397731944,
        0.06885757376266094,
        0.4608787337165708,
        0.03746529924429264,
        0.2609861760990467
      ],
      [
        0.014722494841609412,
        0.20888586374943588,
        0.015090837268782244,
        0.18313077477510978,
        0.023303677594282986,
        0.5548663517707797
      ],
      [
        0.009350758095804284,
        0.031100481874221417,
        0.04670403709580211,
        0.02734864769349807,
        0.042113898383021105,
        0.8433821768576529
      ],
      [
        0.002725356150565962,
        0.06944653472688636,
        0.07855046144960567,
        0.028751554356197997,
        0.014892836112508002,
        0.8056332572042361
      ],
      [
        0.02475597766424366,
        0.03153190069941066,
        0.09453322656282641,
        0.19679408899421508,
        0.06809453023913266,
        0.5842902758401716
      ],
      [
        0.05590583195908842,
        0.027052620183068258,
        0.34761833582052004,
        0.08478403564084921,
        0.13452732275755827,
        0.35011185363891584
      ],
      [
        0.006772366796233706,
        0.015977592041620668,
        0.04163733069977561,
        0.1318652728282014,
        0.03179589956635843,
        0.7719515380678103
      ],
      [
        0.03375337394894419,
        0.09441720675567632,
        0.179311735167555,
        0.07874436761076123,
        0.03658462747792707,
        0.5771886890391363
      ],
      [
        0.01438940400489272,
        0.031244854181982827,
        0.08763048756794012,
        0.04302918132550704,
        0.045482977511803274,
        0.7782230954078739
      ],
      [
        0.007330346638310769,
        0.09437512338289551,
        0.023866788092760865,
        0.16936780885792738,
        0.015983959800204832,
        0.6890759732279006
      ],
      [
        0.01976023465096321,
        0.5769167730603765,
        0.06765841987035398,
        0.2201684869076798,
        0.07045123810336375,
        0.04504484740726278
      ],
      [
        0.010656426952104139,
        0.032407478383595575,
        0.13352063867982586,
        0.024859199360719276,
        0.04369808094520884,
        0.7548581756785463
      ],
      [
        0.001449678093372586,
        0.04615629364914963,
        0.022227246677335357,
        0.019590297728438278,
        0.04542711665508605,
        0.8651493671966181
      ],
      [
        0.016386616658628762,
        0.08977423270177295,
        0.12007808798170083,
        0.08192765389447444,
        0.028308755570025716,
        0.6635246531933974
      ],
      [
        0.007836581103650972,
        0.04650498380722032,
        0.058082061920986194,
        0.18362372540301536,
        0.0497271594808024,
        0.6542254882843248
      ],
      [
        0.0025594259017911345,
        0.07648135286115794,
        0.010820202195507882,
        0.023669697135084676,
        0.05713136188351449,
        0.829337960022944
      ],
      [
        0.03807771830157244,
        0.03420635218784299,
        0.05186173845734442,
        0.3812773127634967,
        0.12722867551748265,
        0.36734820277226077
      ],
      [
        0.04530415576130871,
        0.0823292486384698,
        0.09836500097859027,
        0.12294974538118346,
        0.5173720266574059,
        0.13367982258304187
      ],
      [
        0.017116673686933065,
        0.04878618305014463,
        0.27302590195918897,
        0.15390764233782336,
        0.041988145594051576,
        0.46517545337185845
      ],
      [
        0.0035384926452508817,
        0.04976048121178496,
        0.04531060894393725,
        0.04083451531615896,
        0.024501370116422845,
        0.8360545317664451
      ],
      [
        0.010298441889450746,
        0.01748906591976652,
        0.09721869860082043,
        0.04340207071304911,
        0.019273631127345724,
        0.8123180917495674
      ],
      [
        0.019484628270114858,
        0.037374156367315996,
        0.08107397750813854,
        0.054386396687118366,
        0.05889734961666967,
        0.7487834915506425
      ],
      [
        0.15510300141476438,
        0.012705842174719146,
        0.10420081523272344,
        0.23780223110720358,
        0.3172932750603839,
        0.17289483501020544
      ],
      [
        0.002244555276194214,
        0.01452745553455203,
        0.03616254948816667,
        0.019352917673904887,
        0.07533582147659379,
        0.8523767005505885
      ],
      [
        0.02185264988012386,
        0.10957092331205226,
        0.08773560892247692,
        0.18379424035096906,
        0.3159836799656713,
        0.28106289756870656
      ],
      [
        0.008767838620561826,
        0.024812200406977007,
        0.03319195080752463,
        0.023064622450757213,
        0.02494816104905175,
        0.8852152266651275
      ],
      [
        0.7482810624123776,
        0.0401067348307812,
        0.08714456620077893,
        0.04109646159349288,
        0.07566617530862245,
        0.007704999653947179
      ],
      [
        0.03199350476705065,
        0.3832252824955309,
        0.09792833753562472,
        0.06988748562626189,
        0.11392704346581219,
        0.3030383461097197
      ],
      [
        0.4631198540039484,
        0.4137659703348138,
        0.0654973317171841,
        0.04138067441172807,
        0.012638842230427839,
        0.0035973273018976475
      ],
      [
        0.04227136179267867,
        0.5260448084896238,
        0.10654665016406856,
        0.12028385233291898,
        0.03796761246804661,
        0.16688571475266348
      ],
      [
        0.4791859200516356,
        0.19599564457902774,
        0.26651681543339456,
        0.041581979346320366,
        0.009425140913384679,
        0.007294499676237114
      ],
      [
        0.8346544397377257,
        0.1002532401358757,
        0.0362854868427267,
        0.020477301551789732,
        0.0061622024414604935,
        0.0021673292904216073
      ],
      [
        0.021635165294488657,
        0.3256438121605959,
        0.1037809456964315,
        0.062404181651779835,
        0.044983486175847326,
        0.4415524090208567
      ],
      [
        0.4277063582985636,
        0.4340019796339015,
        0.10572628476741264,
        0.02262988029367044,
        0.00755118075068674,
        0.0023843162557651222
      ],
      [
        0.610236332350334,
        0.29852050048169027,
        0.03531443213295597,
        0.03499425896728984,
        0.019053420277121053,
        0.0018810557906089194
      ],
      [
        0.018875992921881832,
        0.2299532058199064,
        0.16216604747629212,
        0.08077827861641075,
        0.04676399840943501,
        0.4614624767560739
      ],
      [
        0.029133875181918633,
        0.32816094577151766,
        0.033304836823451874,
        0.11875166181091786,
        0.05126240926626477,
        0.4393862711459291
      ],
      [
        0.4523777135205478,
        0.37271313300034137,
        0.13159527637610074,
        0.02688988915686904,
        0.007958083318197508,
        0.008465904627943508
      ],
      [
        0.7649367048766412,
        0.04917039424276557,
        0.10291470744099505,
        0.03832731681218485,
        0.03602643573802605,
        0.008624440889387255
      ],
      [
        0.0208113295546015,
        0.7307460714081433,
        0.013172828225146704,
        0.03467527672884728,
        0.035916257495555166,
        0.1646782365877061
      ],
      [
        0.25597756790182136,
        0.6784500289297345,
        0.03671125175729953,
        0.015450413577802323,
        0.011842172337470053,
        0.0015685654958723148
      ],
      [
        0.09312739480605944,
        0.15214001833058294,
        0.636522650251749,
        0.0847337478264555,
        0.011944359655024689,
        0.021531829130128514
      ],
      [
        0.4941260290195015,
        0.20418210536482273,
        0.24731071884271347,
        0.03462252691090301,
        0.014665506084994841,
        0.0050931137770642895
      ],
      [
        0.3014952483512965,
        0.46958199195303413,
        0.15673246852964406,
        0.049132915772663814,
        0.0160377220566583,
        0.007019653336703348
      ],
      [
        0.08787496714576085,
        0.840984814832862,
        0.036619276039509985,
        0.026211741796683324,
        0.003284896030287238,
        0.005024304154896664
      ],
      [
        0.5552190265019343,
        0.3336094586711098,
        0.07544498551274918,
        0.022202220716630597,
        0.011482111306436773,
        0.002042197291139252
      ],
      [
        0.059445707939817044,
        0.4755589170038276,
        0.13650635576682446,
        0.0556036098400018,
        0.04544891473731371,
        0.22743649471221536
      ],
      [
        0.08511221758658945,
        0.5068656304495137,
        0.28924107567148033,
        0.02780278518706662,
        0.06424877394131313,
        0.02672951716403667
      ],
      [
        0.46025391863384485,
        0.3371037142762505,
        0.15643652368814165,
        0.030972266614410517,
        0.01344967481998321,
        0.0017839019673693635
      ],
      [
        0.04756117477915384,
        0.07654574883646102,
        0.037758457068279454,
        0.12555341269241005,
        0.05793128066932401,
        0.6546499259543717
      ],
      [
        0.23201498580657007,
        0.030363114619947926,
        0.19905073693643607,
        0.17762845154919477,
        0.24295813678904973,
        0.11798457429880142
      ],
      [
        0.07480410620211357,
        0.34239204703959025,
        0.07948718571126426,
        0.0916799121635254,
        0.01977872838352768,
        0.3918580204999787
      ],
      [
        0.05866288580277369,
        0.03805581235487324,
        0.22595811494525553,
        0.3619461382716964,
        0.11535256514060907,
        0.20002448348479215
      ],
      [
        0.026368637168305384,
        0.036852879576034954,
        0.04555264418975281,
        0.2560784925363965,
        0.009324496096030473,
        0.6258228504334798
      ],
      [
        0.014563078177735228,
        0.05347619444685359,
        0.03484539195490712,
        0.12307352425512558,
        0.023067255642930856,
        0.7509745555224477
      ],
      [
        0.06215809479897909,
        0.17309339956168587,
        0.034029291288061224,
        0.2036812674926115,
        0.024184673368339214,
        0.5028532734903232
      ],
      [
        0.003091425715137276,
        0.033344981826175665,
        0.020886498177609396,
        0.029034503797284516,
        0.015792298971805112,
        0.897850291511988
      ],
      [
        0.09266740237953663,
        0.47258305565264075,
        0.3579082007447313,
        0.03814855937171561,
        0.020133426351500058,
        0.018559355499875613
      ],
      [
        0.007755097938143677,
        0.08864215900316158,
        0.05810842429959105,
        0.0777285711288454,
        0.02492718241110878,
        0.7428385652191496
      ],
      [
        0.02293017771706711,
        0.02350030274332996,
        0.015006795077221765,
        0.12899704052219285,
        0.8035750127000455,
        0.005990671240142834
      ],
      [
        0.08820913229972367,
        0.07213812669271595,
        0.0351443453743326,
        0.17612935356680243,
        0.6024279584540225,
        0.02595108361240273
      ],
      [
        0.016043664449305634,
        0.014297652199286696,
        0.03447224194038116,
        0.14919296538250065,
        0.7301557909910149,
        0.05583768503751094
      ],
      [
        0.03677679386014845,
        0.012014457346891376,
        0.020073275470738228,
        0.6650928299465219,
        0.20722296773292853,
        0.05881967564277141
      ],
      [
        0.02447522522615462,
        0.06793346125196653,
        0.18571388823566934,
        0.10943165686351926,
        0.5489621126650429,
        0.0634836557576474
      ],
      [
        0.01792772930389547,
        0.03332537532106036,
        0.2377731755785526,
        0.06449420966931739,
        0.5925623165486779,
        0.05391719357849629
      ],
      [
        0.07679780083530113,
        0.08709028938032119,
        0.0339000009923474,
        0.37988630385635447,
        0.3934951121270485,
        0.028830492808627338
      ],
      [
        0.06244678543961143,
        0.11658479390078468,
        0.11008958271340849,
        0.11968957007564282,
        0.5613595719663754,
        0.02982969590417718
      ],
      [
        0.009991911861305406,
        0.09590670060961401,
        0.08208741467204064,
        0.15589543861349317,
        0.5783652415037848,
        0.07775329273976207
      ],
      [
        0.020852496100148114,
        0.11356886963977622,
        0.03526814896068746,
        0.30535030672035723,
        0.2953832013391671,
        0.22957697723986384
      ],
      [
        0.03878978550402391,
        0.13881421801244517,
        0.06479568876487848,
        0.1736836870926089,
        0.04163799751187812,
        0.5422786231141654
      ],
      [
        0.6782378055236489,
        0.07605397274600788,
        0.07594224288873051,
        0.13898925001384213,
        0.012081340236448579,
        0.018695388591322085
      ],
      [
        0.2023483558720157,
        0.009617332207280095,
        0.021169580956909146,
        0.3740331923543504,
        0.31429320136149586,
        0.07853833724794877
      ],
      [
        0.46377632130301166,
        0.0691523451278592,
        0.012637211803264164,
        0.36886055262908046,
        0.08347197470496456,
        0.002101594431819977
      ],
      [
        0.037866612301000115,
        0.0392123683904121,
        0.050433741063558794,
        0.19256511316250796,
        0.1326339803575513,
        0.5472881847249697
      ],
      [
        0.03625761454229833,
        0.019251947006713913,
        0.1934127490866584,
        0.3776352747992136,
        0.13115120720537488,
        0.24229120735974077
      ],
      [
        0.01347619068816037,
        0.04810076595570982,
        0.01905208207001452,
        0.14986885005766806,
        0.05727135760297785,
        0.7122307536254694
      ],
      [
        0.006077832246013186,
        0.009808398762851604,
        0.012285168699861232,
        0.28156634541722286,
        0.08901935190146883,
        0.6012429029725823
      ],
      [
        0.019898247329317498,
        0.014299245441745575,
        0.03123258919867143,
        0.11404475387279119,
        0.7092878262358617,
        0.11123733792161274
      ],
      [
        0.20973769796613698,
        0.005561353801421474,
        0.03618435527079312,
        0.18502015395961866,
        0.2486632292296709,
        0.31483320977235885
      ]
    ],
    "predictions": [
      5,
      5,
      0,
      0,
      0,
      0,
      0,
      0,
      0,
      0,
      5,
      2,
      3,
      5,
      3,
      5,
      5,
      5,
      5,
      5,
      5,
      5,
      5,
      5,
      5,
      5,
      5,
      5,
      5,
      3,
      5,
      5,
      5,
      5,
      5,
      5,
      5,
      5,
      5,
      1,
      5,
      5,
      5,
      5,
      5,
      3,
      4,
      5,
      5,
      5,
      5,
      4,
      5,
      4,
      5,
      0,
      1,
      0,
      1,
      0,
      0,
      5,
      1,
      0,
      5,
      5,
      0,
      0,
      1,
      1,
      2,
      0,
      1,
      1,
      0,
      1,
      1,
      0,
      5,
      4,
      5,
      3,
      5,
      5,
      5,
      5,
      1,
      5,
      4,
      4,
      4,
      3,
      4,
      4,
      4,
      4,
      4,
      3,
      5,
      0,
      3,
      0,
      5,
      3,
      5,
      5,
      4,
      5
    ],
    "true_labels": [
      0,
      0,
      0,
      0,
      0,
      0,
      0,
      0,
      0,
      0,
      0,
      0,
      0,
      0,
      0,
      0,
      0,
      0,
      0,
      0,
      0,
      0,
      0,
      0,
      0,
      0,
      0,
      0,
      0,
      0,
      5,
      5,
      5,
      5,
      5,
      5,
      5,
      5,
      5,
      5,
      5,
      5,
      5,
      5,
      5,
      5,
      5,
      5,
      5,
      5,
      5,
      5,
      5,
      5,
      5,
      1,
      1,
      1,
      1,
      1,
      1,
      1,
      1,
      1,
      1,
      1,
      1,
      1,
      1,
      1,
      1,
      1,
      1,
      1,
      1,
      1,
      1,
      1,
      2,
      2,
      2,
      2,
      2,
      2,
      2,
      2,
      2,
      2,
      4,
      4,
      4,
      4,
      4,
      4,
      4,
      4,
      4,
      4,
      3,
      3,
      3,
      3,
      3,
      3,
      3,
      3,
      3,
      3
    ],
    "patient_ids": [
      "201",
      "202",
      "203",
      "204",
      "205",
      "206",
      "207",
      "208",
      "209",
      "210",
      "211",
      "212",
      "213",
      "214",
      "215",
      "216",
      "217",
      "218",
      "219",
      "220",
      "221",
      "222",
      "223",
      "224",
      "225",
      "226",
      "227",
      "228",
      "229",
      "230",
      "231",
      "232",
      "233",
      "234",
      "235",
      "236",
      "237",
      "238",
      "239",
      "240",
      "241",
      "242",
      "243",
      "244",
      "245",
      "246",
      "247",
      "248",
      "249",
      "250",
      "251",
      "252",
      "253",
      "254",
      "255",
      "256",
      "257",
      "258",
      "259",
      "260",
      "261",
      "262",
      "264",
      "265",
      "266",
      "267",
      "269",
      "270",
      "271",
      "272",
      "273",
      "274",
      "275",
      "276",
      "277",
      "278",
      "279",
      "280",
      "281",
      "282",
      "283",
      "284",
      "285",
      "286",
      "287",
      "288",
      "289",
      "290",
      "291",
      "292",
      "293",
      "294",
      "295",
      "296",
      "297",
      "298",
      "299",
      "300",
      "301",
      "302",
      "303",
      "304",
      "305",
      "306",
      "307",
      "308",
      "309",
      "310"
    ]
  },
  "roc_auc": {
    "macro_auc": 0.7785274519204465,
    "per_class_auc": {
      "NOR": 0.6346153846153846,
      "HCM": 0.9268542199488491,
      "ARR": 0.5163265306122449,
      "CIA": 0.8040816326530612,
      "FALL": 0.9806122448979592,
      "LV": 0.8086746987951807
    }
  },
  "binary": {
    "accuracy": 0.7407407407407407,
    "f1": 0.8372093023255814,
    "sensitivity": 0.9230769230769231,
    "specificity": 0.26666666666666666,
    "roc_auc": 0.6346153846153846,
    "binary_labels": [
      0,
      0,
      0,
      0,
      0,
      0,
      0,
      0,
      0,
      0,
      0,
      0,
      0,
      0,
      0,
      0,
      0,
      0,
      0,
      0,
      0,
      0,
      0,
      0,
      0,
      0,
      0,
      0,
      0,
      0,
      1,
      1,
      1,
      1,
      1,
      1,
      1,
      1,
      1,
      1,
      1,
      1,
      1,
      1,
      1,
      1,
      1,
      1,
      1,
      1,
      1,
      1,
      1,
      1,
      1,
      1,
      1,
      1,
      1,
      1,
      1,
      1,
      1,
      1,
      1,
      1,
      1,
      1,
      1,
      1,
      1,
      1,
      1,
      1,
      1,
      1,
      1,
      1,
      1,
      1,
      1,
      1,
      1,
      1,
      1,
      1,
      1,
      1,
      1,
      1,
      1,
      1,
      1,
      1,
      1,
      1,
      1,
      1,
      1,
      1,
      1,
      1,
      1,
      1,
      1,
      1,
      1,
      1
    ],
    "binary_probs": [
      0.9465998032782874,
      0.951454588955608,
      0.2020449130280696,
      0.3649206508246092,
      0.13335529451828954,
      0.2370511914396375,
      0.44998252970567554,
      0.2680660192679434,
      0.14692806659472013,
      0.1934169045334394,
      0.9759736655773824,
      0.9307822343065939,
      0.9684391401273832,
      0.9650554752169476,
      0.9386957056382715,
      0.9862986305127902,
      0.9438990903895007,
      0.9719420260670728,
      0.9858050491644196,
      0.9579192200448174,
      0.9589838223563518,
      0.947990657057936,
      0.9767679269715814,
      0.9745959722475689,
      0.9746193434089937,
      0.9695965348656796,
      0.9553377141734604,
      0.9838219519178196,
      0.8810426544100565,
      0.9129755367998906,
      0.9852775051583906,
      0.9906492419041957,
      0.997274643849434,
      0.9752440223357564,
      0.9440941680409116,
      0.9932276332037663,
      0.9662466260510558,
      0.9856105959951073,
      0.9926696533616892,
      0.9802397653490368,
      0.9893435730478959,
      0.9985503219066274,
      0.9836133833413713,
      0.9921634188963491,
      0.9974405740982089,
      0.9619222816984275,
      0.9546958442386912,
      0.982883326313067,
      0.9964615073547491,
      0.9897015581105493,
      0.9805153717298851,
      0.8448969985852356,
      0.9977554447238058,
      0.9781473501198762,
      0.9912321613794381,
      0.2517189375876224,
      0.9680064952329493,
      0.5368801459960516,
      0.9577286382073213,
      0.5208140799483644,
      0.16534556026227432,
      0.9783648347055114,
      0.5722936417014364,
      0.38976366764966597,
      0.9811240070781182,
      0.9708661248180813,
      0.5476222864794522,
      0.23506329512335877,
      0.9791886704453985,
      0.7440224320981786,
      0.9068726051939405,
      0.5058739709804985,
      0.6985047516487035,
      0.9121250328542392,
      0.44478097349806567,
      0.9405542920601829,
      0.9148877824134105,
      0.5397460813661552,
      0.9524388252208461,
      0.7679850141934299,
      0.9251958937978865,
      0.9413371141972263,
      0.9736313628316946,
      0.9854369218222647,
      0.937841905201021,
      0.9969085742848627,
      0.9073325976204634,
      0.9922449020618563,
      0.9770698222829329,
      0.9117908677002763,
      0.9839563355506944,
      0.9632232061398516,
      0.9755247747738454,
      0.9820722706961045,
      0.9232021991646988,
      0.9375532145603885,
      0.9900080881386946,
      0.9791475038998518,
      0.9612102144959761,
      0.3217621944763511,
      0.7976516441279843,
      0.5362236786969883,
      0.9621333876989999,
      0.9637423854577016,
      0.9865238093118396,
      0.9939221677539868,
      0.9801017526706826,
      0.790262302033863
    ]
  }
}