{
  "config": {
    "dataset": "mnm2",
    "backbone": "dinov3",
    "model_name": "dinov3_vitb16",
    "eval_mode": "logreg",
    "pooling": "cls",
    "embed_dim": 768,
    "best_hyperparam": 0.03162277489900589,
    "hyperparam_name": "C",
    "num_classes": 6,
    "class_names": [
      "NOR",
      "HCM",
      "ARR",
      "CIA",
      "FALL",
      "LV"
    ]
  },
  "sweep_results": [
    {
      "param_value": 9.999999974752427e-07,
      "mean_cv_acc": 0.17857142857142858,
      "std_cv_acc": 0.0
    },
    {
      "param_value": 1.7782793975129607e-06,
      "mean_cv_acc": 0.17857142857142858,
      "std_cv_acc": 0.0
    },
    {
      "param_value": 3.1622776077711023e-06,
      "mean_cv_acc": 0.17857142857142858,
      "std_cv_acc": 0.0
    },
    {
      "param_value": 5.6234130170196295e-06,
      "mean_cv_acc": 0.17857142857142858,
      "std_cv_acc": 0.0
    },
    {
      "param_value": 9.999999747378752e-06,
      "mean_cv_acc": 0.17857142857142858,
      "std_cv_acc": 0.0
    },
    {
      "param_value": 1.778279329300858e-05,
      "mean_cv_acc": 0.21428571428571427,
      "std_cv_acc": 0.0
    },
    {
      "param_value": 3.162277789670043e-05,
      "mean_cv_acc": 0.2857142857142857,
      "std_cv_acc": 0.0
    },
    {
      "param_value": 5.62341338081751e-05,
      "mean_cv_acc": 0.2857142857142857,
      "std_cv_acc": 0.0
    },
    {
      "param_value": 9.999999747378752e-05,
      "mean_cv_acc": 0.32142857142857145,
      "std_cv_acc": 0.0
    },
    {
      "param_value": 0.00017782794020604342,
      "mean_cv_acc": 0.39285714285714285,
      "std_cv_acc": 0.0
    },
    {
      "param_value": 0.0003162277571391314,
      "mean_cv_acc": 0.42857142857142855,
      "std_cv_acc": 0.0
    },
    {
      "param_value": 0.000562341301701963,
      "mean_cv_acc": 0.5,
      "std_cv_acc": 0.0
    },
    {
      "param_value": 0.0010000000474974513,
      "mean_cv_acc": 0.5,
      "std_cv_acc": 0.0
    },
    {
      "param_value": 0.0017782794311642647,
      "mean_cv_acc": 0.5,
      "std_cv_acc": 0.0
    },
    {
      "param_value": 0.003162277629598975,
      "mean_cv_acc": 0.5357142857142857,
      "std_cv_acc": 0.0
    },
    {
      "param_value": 0.005623413249850273,
      "mean_cv_acc": 0.5357142857142857,
      "std_cv_acc": 0.0
    },
    {
      "param_value": 0.009999999776482582,
      "mean_cv_acc": 0.5357142857142857,
      "std_cv_acc": 0.0
    },
    {
      "param_value": 0.017782794311642647,
      "mean_cv_acc": 0.5357142857142857,
      "std_cv_acc": 0.0
    },
    {
      "param_value": 0.03162277489900589,
      "mean_cv_acc": 0.5714285714285714,
      "std_cv_acc": 0.0
    },
    {
      "param_value": 0.05623413249850273,
      "mean_cv_acc": 0.5714285714285714,
      "std_cv_acc": 0.0
    },
    {
      "param_value": 0.10000000149011612,
      "mean_cv_acc": 0.5714285714285714,
      "std_cv_acc": 0.0
    },
    {
      "param_value": 0.17782793939113617,
      "mean_cv_acc": 0.5714285714285714,
      "std_cv_acc": 0.0
    },
    {
      "param_value": 0.3162277638912201,
      "mean_cv_acc": 0.5357142857142857,
      "std_cv_acc": 0.0
    },
    {
      "param_value": 0.5623413324356079,
      "mean_cv_acc": 0.5357142857142857,
      "std_cv_acc": 0.0
    },
    {
      "param_value": 1.0,
      "mean_cv_acc": 0.5357142857142857,
      "std_cv_acc": 0.0
    },
    {
      "param_value": 1.778279423713684,
      "mean_cv_acc": 0.5357142857142857,
      "std_cv_acc": 0.0
    },
    {
      "param_value": 3.1622776985168457,
      "mean_cv_acc": 0.5357142857142857,
      "std_cv_acc": 0.0
    },
    {
      "param_value": 5.6234130859375,
      "mean_cv_acc": 0.5357142857142857,
      "std_cv_acc": 0.0
    },
    {
      "param_value": 10.0,
      "mean_cv_acc": 0.5357142857142857,
      "std_cv_acc": 0.0
    },
    {
      "param_value": 17.782794952392578,
      "mean_cv_acc": 0.5357142857142857,
      "std_cv_acc": 0.0
    },
    {
      "param_value": 31.62277603149414,
      "mean_cv_acc": 0.5357142857142857,
      "std_cv_acc": 0.0
    },
    {
      "param_value": 56.234130859375,
      "mean_cv_acc": 0.5357142857142857,
      "std_cv_acc": 0.0
    },
    {
      "param_value": 100.0,
      "mean_cv_acc": 0.5357142857142857,
      "std_cv_acc": 0.0
    },
    {
      "param_value": 177.82794189453125,
      "mean_cv_acc": 0.5357142857142857,
      "std_cv_acc": 0.0
    },
    {
      "param_value": 316.2277526855469,
      "mean_cv_acc": 0.5714285714285714,
      "std_cv_acc": 0.0
    },
    {
      "param_value": 562.34130859375,
      "mean_cv_acc": 0.5714285714285714,
      "std_cv_acc": 0.0
    },
    {
      "param_value": 1000.0,
      "mean_cv_acc": 0.5714285714285714,
      "std_cv_acc": 0.0
    },
    {
      "param_value": 1778.2794189453125,
      "mean_cv_acc": 0.5714285714285714,
      "std_cv_acc": 0.0
    },
    {
      "param_value": 3162.277587890625,
      "mean_cv_acc": 0.5714285714285714,
      "std_cv_acc": 0.0
    },
    {
      "param_value": 5623.4130859375,
      "mean_cv_acc": 0.5714285714285714,
      "std_cv_acc": 0.0
    },
    {
      "param_value": 10000.0,
      "mean_cv_acc": 0.5714285714285714,
      "std_cv_acc": 0.0
    },
    {
      "param_value": 17782.794921875,
      "mean_cv_acc": 0.5714285714285714,
      "std_cv_acc": 0.0
    },
    {
      "param_value": 31622.77734375,
      "mean_cv_acc": 0.5714285714285714,
      "std_cv_acc": 0.0
    },
    {
      "param_value": 56234.1328125,
      "mean_cv_acc": 0.5714285714285714,
      "std_cv_acc": 0.0
    },
    {
      "param_value": 100000.0,
      "mean_cv_acc": 0.5714285714285714,
      "std_cv_acc": 0.0
    }
  ],
  "five_way": {
    "accuracy": 0.4351851851851852,
    "macro_f1": 0.41405122655122656,
    "macro_sensitivity": 0.4290821256038648,
    "macro_specificity": 0.8812349654103223,
    "per_class_sensitivity": {
      "NOR": 0.26666666666666666,
      "HCM": 0.34782608695652173,
      "ARR": 0.1,
      "CIA": 0.3,
      "FALL": 0.8,
      "LV": 0.76
    },
    "per_class_specificity": {
      "NOR": 0.8717948717948718,
      "HCM": 0.9764705882352941,
      "ARR": 0.9489795918367347,
      "CIA": 0.9183673469387755,
      "FALL": 0.9693877551020408,
      "LV": 0.6024096385542169
    },
    "confusion_matrix": [
      [
        8,
        0,
        1,
        3,
        0,
        18
      ],
      [
        8,
        8,
        4,
        0,
        0,
        3
      ],
      [
        0,
        1,
        1,
        1,
        0,
        7
      ],
      [
        2,
        0,
        0,
        3,
        1,
        4
      ],
      [
        0,
        0,
        0,
        1,
        8,
        1
      ],
      [
        0,
        1,
        0,
        3,
        2,
        19
      ]
    ],
    "classification_report": {
      "NOR": {
        "precision": 0.4444444444444444,
        "recall": 0.26666666666666666,
        "f1-score": 0.3333333333333333,
        "support": 30.0
      },
      "HCM": {
        "precision": 0.8,
        "recall": 0.34782608695652173,
        "f1-score": 0.48484848484848486,
        "support": 23.0
      },
      "ARR": {
        "precision": 0.16666666666666666,
        "recall": 0.1,
        "f1-score": 0.125,
        "support": 10.0
      },
      "CIA": {
        "precision": 0.2727272727272727,
        "recall": 0.3,
        "f1-score": 0.2857142857142857,
        "support": 10.0
      },
      "FALL": {
        "precision": 0.7272727272727273,
        "recall": 0.8,
        "f1-score": 0.7619047619047619,
        "support": 10.0
      },
      "LV": {
        "precision": 0.36538461538461536,
        "recall": 0.76,
        "f1-score": 0.4935064935064935,
        "support": 25.0
      },
      "accuracy": 0.4351851851851852,
      "macro avg": {
        "precision": 0.4627492877492878,
        "recall": 0.42908212560386466,
        "f1-score": 0.41405122655122656,
        "support": 108.0
      },
      "weighted avg": {
        "precision": 0.48643162393162387,
        "recall": 0.4351851851851852,
        "f1-score": 0.4186608144941478,
        "support": 108.0
      }
    },
    "probabilities": [
      [
        0.005523299459313488,
        0.0028904309482953817,
        0.000997198698064995,
        0.026553550351164062,
        0.0009731393237094114,
        0.9630623812194528
      ],
      [
        0.0059397410922121235,
        0.02114210730201248,
        0.101637337008456,
        0.02380020480243743,
        0.03351171632264828,
        0.8139688934722338
      ],
      [
        0.9464633486193998,
        0.04551928408563809,
        0.00020291671491448827,
        0.006819785553530157,
        0.0006705605454997939,
        0.00032410448101762414
      ],
      [
        0.7287269545454449,
        0.19776838947919564,
        0.024825489997289108,
        0.042333270477810825,
        0.003914783431740893,
        0.0024311120685186756
      ],
      [
        0.9703997789124541,
        0.0010969489219092858,
        0.0008536213799836419,
        0.026353675870564974,
        0.0010170155737731369,
        0.0002789593413147613
      ],
      [
        0.8964460911535623,
        0.003365142567223212,
        0.037947017304754985,
        0.023565206188615715,
        0.001361082469241976,
        0.03731546031660166
      ],
      [
        0.714248027041261,
        0.00779247943460108,
        0.26420759100935864,
        0.004249458433606183,
        0.0002739038127159962,
        0.009228540268456849
      ],
      [
        0.8622279676942116,
        0.0008480886327811016,
        0.06958418912239718,
        0.03570110448946044,
        0.000657478384217171,
        0.030981171676932488
      ],
      [
        0.960937921704069,
        0.0003060485350336865,
        0.03605907604023716,
        0.0005091115331869005,
        0.0012705965241976906,
        0.0009172456632754913
      ],
      [
        0.9548542501060613,
        0.0001734753349240922,
        0.028001599820703466,
        0.01665514265615341,
        0.00014834074194697958,
        0.00016719134021074547
      ],
      [
        0.0044404566458686534,
        0.10123118375838815,
        0.15374477575702705,
        0.01579862137842018,
        0.2337879677738902,
        0.49099699468640573
      ],
      [
        0.009197095471964973,
        0.020256345163324817,
        0.8673914259383992,
        0.012639671037754655,
        0.005874434283043091,
        0.08464102810551316
      ],
      [
        0.013364405034171764,
        0.0019435506033493508,
        0.0005825274887645619,
        0.5494913417792757,
        0.0014172317352049006,
        0.4332009433592337
      ],
      [
        0.007427624035262063,
        0.005019339895066342,
        0.02066822732396411,
        0.05606632531356218,
        0.030530588563397736,
        0.8802878948687477
      ],
      [
        0.009741628579958752,
        0.01236327063951888,
        0.0033596991408012347,
        0.5895483264575726,
        0.0016659890219411367,
        0.3833210861602074
      ],
      [
        0.00751365485270778,
        0.045689465371342816,
        0.04919047935959586,
        0.008596779227855057,
        0.00251820023754841,
        0.8864914209509501
      ],
      [
        0.016927097127696012,
        0.004458145057328743,
        0.007018938821183919,
        0.03561373730214809,
        0.005434168200077143,
        0.9305479134915661
      ],
      [
        0.006170493124916731,
        0.04097457218685068,
        0.0032639686627685184,
        0.03986937332455851,
        0.020048146585980187,
        0.8896734461149255
      ],
      [
        0.006342055469993394,
        0.006078689753657099,
        0.0022578423514775766,
        0.4674039580173137,
        0.0017150699821490952,
        0.5162023844254091
      ],
      [
        0.004154503253253966,
        0.009188366415505078,
        0.02140596203731135,
        0.14624777813108072,
        0.01343522705512614,
        0.8055681631077226
      ],
      [
        0.036003073086983146,
        0.04500348436268899,
        0.1380898987927853,
        0.07815926928197585,
        0.031489067718336046,
        0.6712552067572306
      ],
      [
        0.02079569573708555,
        0.010856749885447275,
        0.014121449720087578,
        0.44821417899671195,
        0.019449220302081703,
        0.4865627053585859
      ],
      [
        0.0016960876454546832,
        0.04374807342806397,
        0.05980754213446009,
        0.0018105750828072188,
        0.006857196169520819,
        0.8860805255396933
      ],
      [
        0.006060147051700606,
        0.005643899569249315,
        0.003520272858548977,
        0.03724250380665898,
        0.0024186170483004093,
        0.9451145596655418
      ],
      [
        0.00902769664571825,
        0.08821036662490371,
        0.08146067731946015,
        0.10732343637800293,
        0.029003335893493718,
        0.6849744871384212
      ],
      [
        0.0036590075518021744,
        0.014041235120514636,
        0.00054251396152447,
        0.373918421314647,
        0.0014109289122716745,
        0.6064278931392401
      ],
      [
        0.05667592360522657,
        0.05262670685387732,
        0.03799716499681698,
        0.22873172842824188,
        0.014313868517089417,
        0.6096546075987478
      ],
      [
        0.0013099082704335204,
        0.0013661470665054557,
        0.0017121673784612353,
        0.11611480867796437,
        0.0012528904830699016,
        0.8782440781235655
      ],
      [
        0.0922776984176704,
        0.05681653913859287,
        0.014215769464867896,
        0.19032277110605483,
        0.003465577100529915,
        0.6429016447722841
      ],
      [
        0.07599779039565957,
        0.18263896365028506,
        0.05385333695391025,
        0.4920219742765627,
        0.03857392621810322,
        0.15691400850547915
      ],
      [
        0.001247798232354602,
        0.007707972214007095,
        0.0010180807026593892,
        0.018836254788024132,
        0.004244831910506068,
        0.9669450621524488
      ],
      [
        0.00022237589195049816,
        0.006104456087834602,
        0.019369250249666226,
        0.002809781244754281,
        0.02021353644632303,
        0.9512806000794714
      ],
      [
        3.132153862825115e-05,
        0.22164154768313374,
        0.040879160370971376,
        0.010498933691843446,
        0.00908691158916416,
        0.717862125126259
      ],
      [
        0.004965012842811804,
        0.056457481125674926,
        0.08189058944175688,
        0.011246166022273872,
        0.02184683745848126,
        0.8235939131090012
      ],
      [
        0.002449481095811452,
        0.0958530984771556,
        0.3163517065865516,
        0.08627034136373192,
        0.14456618201124952,
        0.35450919046549995
      ],
      [
        0.0031067889225944584,
        0.017013828927836854,
        0.033542750808565516,
        0.093510338089771,
        0.006771109311401111,
        0.846055183939831
      ],
      [
        0.007548218085092888,
        0.18711290621434115,
        0.09327050899573203,
        0.443526175964874,
        0.017017748921839763,
        0.25152444181812017
      ],
      [
        0.002999458451136234,
        0.011115582920416847,
        0.07893859038607214,
        0.002375234630219622,
        0.011625301312549751,
        0.8929458322996053
      ],
      [
        0.0011382154423387877,
        0.16002748145119933,
        0.0014435577913743517,
        0.02866913761854813,
        0.0032296752814160645,
        0.8054919324151234
      ],
      [
        0.052653038425869256,
        0.7538851020563856,
        0.020230262980968944,
        0.06013680981996994,
        0.015312604399747489,
        0.09778218231705885
      ],
      [
        0.00018668276931951315,
        0.023351288767000378,
        0.0677205625295075,
        0.01624078291387784,
        0.009272599968631596,
        0.8832280830516631
      ],
      [
        0.00024649710239597173,
        0.20219529899028985,
        0.022246699816806777,
        0.011181535838619706,
        0.018723896391664656,
        0.745406071860223
      ],
      [
        0.004896537442505375,
        0.023852827126812283,
        0.050546198996368044,
        0.0077458090001913575,
        0.0037748900563320687,
        0.9091837373777909
      ],
      [
        0.00035215674734110806,
        0.15880071171493154,
        0.04701932606491776,
        0.025103346745940947,
        0.03478187459689858,
        0.73394258412997
      ],
      [
        2.4042089027702712e-05,
        0.011908796818235213,
        0.002101083823301783,
        0.0002508126289289591,
        0.005659616923482162,
        0.9800556477170241
      ],
      [
        0.002244573866680902,
        0.016343409916776224,
        0.0021904006086086937,
        0.6472849540952477,
        0.18166354751514752,
        0.15027311399753912
      ],
      [
        0.0055890490642893035,
        0.0049182090477926455,
        0.031078007173939413,
        0.09045287399420701,
        0.8199652856730664,
        0.04799657504670535
      ],
      [
        0.016254464487237472,
        0.03466141407610869,
        0.2493090141043092,
        0.07619575229792568,
        0.00811314322316271,
        0.6154662118112563
      ],
      [
        0.0003278395981103623,
        0.08171023905935561,
        0.023273442335747452,
        0.015572058756412524,
        0.003404979931137285,
        0.8757114403192369
      ],
      [
        0.001509311569685314,
        0.0032561516720902945,
        0.021195415663408993,
        0.0053005087889782575,
        0.001584465061476453,
        0.9671541472443607
      ],
      [
        0.0008207041270136252,
        0.00784362461001639,
        0.030594024329007825,
        0.003593816143226642,
        0.018364022107613537,
        0.938783808683122
      ],
      [
        0.010049608191763941,
        0.0072058678145545275,
        0.017548941584214866,
        0.3121562141171502,
        0.48145889563673966,
        0.17158047265557685
      ],
      [
        1.176107601529405e-05,
        0.0016766422506521328,
        0.0051575853487613585,
        0.001234214700417657,
        0.01586288878143189,
        0.9760569078427216
      ],
      [
        0.0003735375936419978,
        0.04957667004320048,
        0.006276549879061702,
        0.7563294251668837,
        0.17200847891225346,
        0.015435338404958532
      ],
      [
        0.00022228262215987955,
        0.004203863147309465,
        0.0076250989749207815,
        0.000147070850178899,
        0.003247368149636771,
        0.9845543162557943
      ],
      [
        0.7848692070995014,
        0.006409257134023469,
        0.19359895832359725,
        0.00024075256213739867,
        0.013605178443848396,
        0.0012766464368921273
      ],
      [
        0.008688074571527,
        0.6131169846036968,
        0.0907863578604803,
        0.015625523740192306,
        0.04774624167594935,
        0.22403681754815422
      ],
      [
        0.6860926887559118,
        0.21845886411473403,
        0.06925970900733903,
        0.02303979667352623,
        0.002795581300702766,
        0.00035336014778607336
      ],
      [
        0.1317526130216859,
        0.39858335392563166,
        0.07059235316453034,
        0.03669041151380458,
        0.026287350542053386,
        0.3360939178322941
      ],
      [
        0.24035107065021077,
        0.0649816132428048,
        0.6783075532330751,
        0.010957030492839043,
        0.0033825614702703163,
        0.0020201709107999476
      ],
      [
        0.8314982602223052,
        0.07310020632634055,
        0.06923285387213858,
        0.024891379536684306,
        0.0009509681387764564,
        0.0003263319037548724
      ],
      [
        0.0018226873766323242,
        0.0598242351394319,
        0.007110859674495128,
        0.002762352416640523,
        0.00924732110122433,
        0.9192325442915757
      ],
      [
        0.37947731964119036,
        0.11165743582125714,
        0.49385161287626117,
        0.013815283156305412,
        0.0007821656186378675,
        0.00041618288634800256
      ],
      [
        0.701934622787343,
        0.2889776056931142,
        0.0035486213362148815,
        0.0024838286976353926,
        0.0021641435080074272,
        0.0008911779776851502
      ],
      [
        0.0002945734095736511,
        0.06539442249026615,
        0.07498928360237621,
        0.009483592746923293,
        0.00559544820266286,
        0.8442426795481979
      ],
      [
        0.00454692475357478,
        0.5588648070506125,
        0.0046092124101263275,
        0.00922965416436651,
        0.02705748272371994,
        0.39569191889759986
      ],
      [
        0.34872291742016015,
        0.5697506150238473,
        0.0588699932474593,
        0.017639961506543646,
        0.0006357366386345838,
        0.004380776163355005
      ],
      [
        0.9014140507498062,
        0.0037562723143162277,
        0.08992083331706356,
        0.0014006622272112576,
        0.0019435974316856107,
        0.0015645839599170263
      ],
      [
        0.0013417348638597739,
        0.7241142921407772,
        0.00021949670596939873,
        0.0005746081105297963,
        0.009620441558276648,
        0.2641294266205873
      ],
      [
        0.20017672365919068,
        0.7813533363675671,
        0.01289307054315185,
        0.0038132580340508484,
        0.00146751202657593,
        0.0002960993694635927
      ],
      [
        0.13607634136019223,
        0.09738471508678162,
        0.704241364374768,
        0.04463189204542869,
        0.0016073826349900543,
        0.01605830449783924
      ],
      [
        0.6615211834678254,
        0.07631041051647587,
        0.24881343390725086,
        0.009438172385608226,
        0.0028587995957202648,
        0.0010580001271193438
      ],
      [
        0.39631668720937185,
        0.37005492440585697,
        0.22394670685467513,
        0.007497552292344739,
        0.0007178623580684409,
        0.0014662668796829395
      ],
      [
        0.004771092694964575,
        0.9686133795207715,
        0.004486434853099122,
        0.021213269500074378,
        0.00029940215734213416,
        0.0006164212737480168
      ],
      [
        0.8344688887819007,
        0.06566292076203595,
        0.09385167801450371,
        0.0035674268140564293,
        0.0021519432371161257,
        0.0002971423903869007
      ],
      [
        0.0036254042942116,
        0.411306062892704,
        0.04172884647472508,
        0.011732102968594945,
        0.01876429877058858,
        0.5128432845991757
      ],
      [
        0.23974186580705478,
        0.14460385246773427,
        0.5758422708321436,
        0.0008528209214300128,
        0.005692715909816122,
        0.0332664740618213
      ],
      [
        0.25122214899930195,
        0.6594586211442606,
        0.08530490131364926,
        0.0022032227447433333,
        0.0006788137903593064,
        0.0011322920076855926
      ],
      [
        0.005322094338736013,
        0.02036495813162952,
        0.003655473604215232,
        0.02683714435313144,
        0.004418526462689282,
        0.9394018031095986
      ],
      [
        0.07769711289408147,
        0.005350491562015691,
        0.029606971084700645,
        0.5241025699507296,
        0.2953467765770581,
        0.06789607793141454
      ],
      [
        0.041296522230147265,
        0.5654921370418535,
        0.0022566598982030296,
        0.018077690293492592,
        0.004725371259543101,
        0.3681516192767605
      ],
      [
        0.007289175795355605,
        0.029236290613485896,
        0.02665251944970132,
        0.31490207411143256,
        0.2118801641711356,
        0.41003977585888907
      ],
      [
        0.005727848759904861,
        0.0034007223635705375,
        0.010112258813717977,
        0.02976133767534494,
        0.0006616483338225911,
        0.9503361840536391
      ],
      [
        0.0007218758272630741,
        0.01505206026285916,
        0.002946487705515509,
        0.033814459198922515,
        0.006690720581256381,
        0.9407743964241833
      ],
      [
        0.00681265347426486,
        0.13654552060885633,
        0.00315941597174703,
        0.02169050858688158,
        0.002491277565474253,
        0.8293006237927759
      ],
      [
        0.0003065166454879564,
        0.014033584663745746,
        0.01285836374711768,
        0.0078107478439716676,
        0.009943348762691435,
        0.9550474383369856
      ],
      [
        0.0197497780111327,
        0.2999239869848631,
        0.6245169601178876,
        0.04063247830779006,
        0.011881171621384044,
        0.0032956249569425183
      ],
      [
        0.001733696633752045,
        0.15648247194245246,
        0.018021349582678526,
        0.2378805681676641,
        0.014459048116271338,
        0.5714228655571816
      ],
      [
        0.003140885931534988,
        0.0060900025094617425,
        0.0007078812945292504,
        0.05310861823166182,
        0.9350797234313352,
        0.001872888601476981
      ],
      [
        0.012305964807592974,
        0.012596920110807144,
        0.004165122618315334,
        0.20607988872211203,
        0.7511619726720271,
        0.013690131069145493
      ],
      [
        0.004523694763431591,
        0.00046855925893187736,
        0.008060666597443948,
        0.04737492834883514,
        0.8419748142938369,
        0.09759733673752051
      ],
      [
        0.06648618747020052,
        0.0023929843267240067,
        0.0009419576168244217,
        0.6786055830526093,
        0.22481889821045978,
        0.026754389323181964
      ],
      [
        0.0001260192734258249,
        0.02120507144191529,
        0.01012168884874608,
        0.3316182501497673,
        0.6300359215992652,
        0.006893048686880023
      ],
      [
        0.0015565758008946884,
        0.004012975531851075,
        0.02249944985533245,
        0.373614758572781,
        0.5916905460317017,
        0.006625694207439188
      ],
      [
        0.007315278436931698,
        0.022433789859442558,
        0.015602391451740968,
        0.4073333299166481,
        0.451422338931113,
        0.09589287140412368
      ],
      [
        0.004757062598232484,
        0.039321167248821995,
        0.012381884954743872,
        0.2319229082834503,
        0.707433089843152,
        0.00418388707159931
      ],
      [
        0.00045881102965258003,
        0.02389810046574021,
        0.0036485894203731116,
        0.15432589153850246,
        0.7782219218311645,
        0.039446685714567234
      ],
      [
        0.008639425476170632,
        0.10873274381253709,
        0.0005008493397806385,
        0.08813730726570351,
        0.22328666476117534,
        0.5707030093446328
      ],
      [
        0.010506850476150038,
        0.023778945113066854,
        0.03469362614838823,
        0.47062462402214444,
        0.02189886520330244,
        0.43849708903694806
      ],
      [
        0.8558502708604795,
        0.03926331886332799,
        0.004041359536411551,
        0.09736901309305643,
        0.0014146826890441909,
        0.0020613549576801197
      ],
      [
        0.4495599963231548,
        0.000268418095325848,
        0.0017236096398890116,
        0.3824425056842843,
        0.1615938265850661,
        0.004411643672279806
      ],
      [
        0.2188592655485433,
        0.005939330848780149,
        0.001108403105745967,
        0.6171859631397268,
        0.15638504502923792,
        0.0005219923279658953
      ],
      [
        0.01599288891510888,
        0.061495832074440565,
        0.007157677914977723,
        0.13609739699434975,
        0.3497378078624847,
        0.42951839623863836
      ],
      [
        0.00726133701035533,
        0.002920760735309742,
        0.04610147053005304,
        0.6852478443558353,
        0.03942867787463544,
        0.21903990949381102
      ],
      [
        0.01870768877591033,
        0.007937390383114525,
        0.003555209225479578,
        0.10293804958513016,
        0.003291314443951331,
        0.863570347586414
      ],
      [
        0.000515178422430977,
        0.0031175800429352088,
        0.0028963484457060623,
        0.21382924621381574,
        0.06523870786287843,
        0.7144029390122335
      ],
      [
        0.00012113757159839764,
        0.001155766601878688,
        0.002627378687366155,
        0.11637236549902662,
        0.8390555855344434,
        0.04066776610568668
      ],
      [
        0.03253021806333173,
        0.005148536118843738,
        0.02132896793439406,
        0.3175220609341549,
        0.2547459666797867,
        0.36872425026948885
      ]
    ],
    "predictions": [
      5,
      5,
      0,
      0,
      0,
      0,
      0,
      0,
      0,
      0,
      5,
      2,
      3,
      5,
      3,
      5,
      5,
      5,
      5,
      5,
      5,
      5,
      5,
      5,
      5,
      5,
      5,
      5,
      5,
      3,
      5,
      5,
      5,
      5,
      5,
      5,
      3,
      5,
      5,
      1,
      5,
      5,
      5,
      5,
      5,
      3,
      4,
      5,
      5,
      5,
      5,
      4,
      5,
      3,
      5,
      0,
      1,
      0,
      1,
      2,
      0,
      5,
      2,
      0,
      5,
      1,
      1,
      0,
      1,
      1,
      2,
      0,
      0,
      1,
      0,
      5,
      2,
      1,
      5,
      3,
      1,
      5,
      5,
      5,
      5,
      5,
      2,
      5,
      4,
      4,
      4,
      3,
      4,
      4,
      4,
      4,
      4,
      5,
      3,
      0,
      0,
      3,
      5,
      3,
      5,
      5,
      4,
      5
    ],
    "true_labels": [
      0,
      0,
      0,
      0,
      0,
      0,
      0,
      0,
      0,
      0,
      0,
      0,
      0,
      0,
      0,
      0,
      0,
      0,
      0,
      0,
      0,
      0,
      0,
      0,
      0,
      0,
      0,
      0,
      0,
      0,
      5,
      5,
      5,
      5,
      5,
      5,
      5,
      5,
      5,
      5,
      5,
      5,
      5,
      5,
      5,
      5,
      5,
      5,
      5,
      5,
      5,
      5,
      5,
      5,
      5,
      1,
      1,
      1,
      1,
      1,
      1,
      1,
      1,
      1,
      1,
      1,
      1,
      1,
      1,
      1,
      1,
      1,
      1,
      1,
      1,
      1,
      1,
      1,
      2,
      2,
      2,
      2,
      2,
      2,
      2,
      2,
      2,
      2,
      4,
      4,
      4,
      4,
      4,
      4,
      4,
      4,
      4,
      4,
      3,
      3,
      3,
      3,
      3,
      3,
      3,
      3,
      3,
      3
    ],
    "patient_ids": [
      "201",
      "202",
      "203",
      "204",
      "205",
      "206",
      "207",
      "208",
      "209",
      "210",
      "211",
      "212",
      "213",
      "214",
      "215",
      "216",
      "217",
      "218",
      "219",
      "220",
      "221",
      "222",
      "223",
      "224",
      "225",
      "226",
      "227",
      "228",
      "229",
      "230",
      "231",
      "232",
      "233",
      "234",
      "235",
      "236",
      "237",
      "238",
      "239",
      "240",
      "241",
      "242",
      "243",
      "244",
      "245",
      "246",
      "247",
      "248",
      "249",
      "250",
      "251",
      "252",
      "253",
      "254",
      "255",
      "256",
      "257",
      "258",
      "259",
      "260",
      "261",
      "262",
      "264",
      "265",
      "266",
      "267",
      "269",
      "270",
      "271",
      "272",
      "273",
      "274",
      "275",
      "276",
      "277",
      "278",
      "279",
      "280",
      "281",
      "282",
      "283",
      "284",
      "285",
      "286",
      "287",
      "288",
      "289",
      "290",
      "291",
      "292",
      "293",
      "294",
      "295",
      "296",
      "297",
      "298",
      "299",
      "300",
      "301",
      "302",
      "303",
      "304",
      "305",
      "306",
      "307",
      "308",
      "309",
      "310"
    ]
  },
  "roc_auc": {
    "macro_auc": 0.7525926759738294,
    "per_class_auc": {
      "NOR": 0.6666666666666667,
      "HCM": 0.8552429667519181,
      "ARR": 0.4061224489795918,
      "CIA": 0.8459183673469388,
      "FALL": 0.9724489795918367,
      "LV": 0.7691566265060241
    }
  },
  "binary": {
    "accuracy": 0.7222222222222222,
    "f1": 0.8235294117647058,
    "sensitivity": 0.8974358974358975,
    "specificity": 0.26666666666666666,
    "roc_auc": 0.6666666666666667,
    "binary_labels": [
      0,
      0,
      0,
      0,
      0,
      0,
      0,
      0,
      0,
      0,
      0,
      0,
      0,
      0,
      0,
      0,
      0,
      0,
      0,
      0,
      0,
      0,
      0,
      0,
      0,
      0,
      0,
      0,
      0,
      0,
      1,
      1,
      1,
      1,
      1,
      1,
      1,
      1,
      1,
      1,
      1,
      1,
      1,
      1,
      1,
      1,
      1,
      1,
      1,
      1,
      1,
      1,
      1,
      1,
      1,
      1,
      1,
      1,
      1,
      1,
      1,
      1,
      1,
      1,
      1,
      1,
      1,
      1,
      1,
      1,
      1,
      1,
      1,
      1,
      1,
      1,
      1,
      1,
      1,
      1,
      1,
      1,
      1,
      1,
      1,
      1,
      1,
      1,
      1,
      1,
      1,
      1,
      1,
      1,
      1,
      1,
      1,
      1,
      1,
      1,
      1,
      1,
      1,
      1,
      1,
      1,
      1,
      1
    ],
    "binary_probs": [
      0.9944767005406865,
      0.9940602589077879,
      0.05353665138060015,
      0.2712730454545551,
      0.029600221087545897,
      0.10355390884643767,
      0.285751972958739,
      0.13777203230578838,
      0.039062078295931,
      0.045145749893938714,
      0.9955595433541313,
      0.990802904528035,
      0.9866355949658282,
      0.9925723759647379,
      0.9902583714200413,
      0.9924863451472922,
      0.983072902872304,
      0.9938295068750833,
      0.9936579445300066,
      0.995845496746746,
      0.9639969269130169,
      0.9792043042629145,
      0.9983039123545453,
      0.9939398529482993,
      0.9909723033542818,
      0.9963409924481978,
      0.9433240763947734,
      0.9986900917295665,
      0.9077223015823296,
      0.9240022096043404,
      0.9987522017676455,
      0.9997776241080495,
      0.9999686784613717,
      0.9950349871571882,
      0.9975505189041886,
      0.9968932110774056,
      0.9924517819149071,
      0.9970005415488638,
      0.9988617845576612,
      0.9473469615741308,
      0.9998133172306805,
      0.999753502897604,
      0.9951034625574946,
      0.9996478432526589,
      0.9999759579109723,
      0.9977554261333191,
      0.9944109509357107,
      0.9837455355127626,
      0.9996721604018897,
      0.9984906884303146,
      0.9991792958729864,
      0.9899503918082361,
      0.9999882389239847,
      0.999626462406358,
      0.9997777173778402,
      0.21513079290049864,
      0.991311925428473,
      0.3139073112440882,
      0.868247386978314,
      0.7596489293497892,
      0.16850173977769478,
      0.9981773126233677,
      0.6205226803588096,
      0.298065377212657,
      0.9997054265904264,
      0.9954530752464252,
      0.6512770825798398,
      0.09858594925019382,
      0.9986582651361402,
      0.7998232763408093,
      0.8639236586398078,
      0.3384788165321746,
      0.6036833127906281,
      0.9952289073050354,
      0.16553111121809927,
      0.9963745957057883,
      0.7602581341929452,
      0.748777851000698,
      0.994677905661264,
      0.9223028871059186,
      0.9587034777698528,
      0.9927108242046444,
      0.9942721512400952,
      0.999278124172737,
      0.9931873465257351,
      0.999693483354512,
      0.9802502219888674,
      0.998266303366248,
      0.9968591140684651,
      0.9876940351924071,
      0.9954763052365684,
      0.9335138125297995,
      0.9998739807265742,
      0.9984434241991054,
      0.9926847215630683,
      0.9952429374017675,
      0.9995411889703474,
      0.9913605745238294,
      0.9894931495238499,
      0.1441497291395205,
      0.5504400036768452,
      0.7811407344514567,
      0.9840071110848911,
      0.9927386629896446,
      0.9812923112240897,
      0.999484821577569,
      0.9998788624284016,
      0.9674697819366682
    ]
  }
}