{
  "config": {
    "dataset": "mnm2",
    "backbone": "dinov3",
    "model_name": "dinov3_vitl16",
    "eval_mode": "logreg",
    "pooling": "cls",
    "embed_dim": 1024,
    "best_hyperparam": 0.03162277489900589,
    "hyperparam_name": "C",
    "num_classes": 6,
    "class_names": [
      "NOR",
      "HCM",
      "ARR",
      "CIA",
      "FALL",
      "LV"
    ]
  },
  "sweep_results": [
    {
      "param_value": 9.999999974752427e-07,
      "mean_cv_acc": 0.17857142857142858,
      "std_cv_acc": 0.0
    },
    {
      "param_value": 1.7782793975129607e-06,
      "mean_cv_acc": 0.17857142857142858,
      "std_cv_acc": 0.0
    },
    {
      "param_value": 3.1622776077711023e-06,
      "mean_cv_acc": 0.17857142857142858,
      "std_cv_acc": 0.0
    },
    {
      "param_value": 5.6234130170196295e-06,
      "mean_cv_acc": 0.17857142857142858,
      "std_cv_acc": 0.0
    },
    {
      "param_value": 9.999999747378752e-06,
      "mean_cv_acc": 0.21428571428571427,
      "std_cv_acc": 0.0
    },
    {
      "param_value": 1.778279329300858e-05,
      "mean_cv_acc": 0.2857142857142857,
      "std_cv_acc": 0.0
    },
    {
      "param_value": 3.162277789670043e-05,
      "mean_cv_acc": 0.2857142857142857,
      "std_cv_acc": 0.0
    },
    {
      "param_value": 5.62341338081751e-05,
      "mean_cv_acc": 0.2857142857142857,
      "std_cv_acc": 0.0
    },
    {
      "param_value": 9.999999747378752e-05,
      "mean_cv_acc": 0.2857142857142857,
      "std_cv_acc": 0.0
    },
    {
      "param_value": 0.00017782794020604342,
      "mean_cv_acc": 0.32142857142857145,
      "std_cv_acc": 0.0
    },
    {
      "param_value": 0.0003162277571391314,
      "mean_cv_acc": 0.42857142857142855,
      "std_cv_acc": 0.0
    },
    {
      "param_value": 0.000562341301701963,
      "mean_cv_acc": 0.4642857142857143,
      "std_cv_acc": 0.0
    },
    {
      "param_value": 0.0010000000474974513,
      "mean_cv_acc": 0.42857142857142855,
      "std_cv_acc": 0.0
    },
    {
      "param_value": 0.0017782794311642647,
      "mean_cv_acc": 0.4642857142857143,
      "std_cv_acc": 0.0
    },
    {
      "param_value": 0.003162277629598975,
      "mean_cv_acc": 0.4642857142857143,
      "std_cv_acc": 0.0
    },
    {
      "param_value": 0.005623413249850273,
      "mean_cv_acc": 0.4642857142857143,
      "std_cv_acc": 0.0
    },
    {
      "param_value": 0.009999999776482582,
      "mean_cv_acc": 0.5,
      "std_cv_acc": 0.0
    },
    {
      "param_value": 0.017782794311642647,
      "mean_cv_acc": 0.5357142857142857,
      "std_cv_acc": 0.0
    },
    {
      "param_value": 0.03162277489900589,
      "mean_cv_acc": 0.5714285714285714,
      "std_cv_acc": 0.0
    },
    {
      "param_value": 0.05623413249850273,
      "mean_cv_acc": 0.5714285714285714,
      "std_cv_acc": 0.0
    },
    {
      "param_value": 0.10000000149011612,
      "mean_cv_acc": 0.5714285714285714,
      "std_cv_acc": 0.0
    },
    {
      "param_value": 0.17782793939113617,
      "mean_cv_acc": 0.5714285714285714,
      "std_cv_acc": 0.0
    },
    {
      "param_value": 0.3162277638912201,
      "mean_cv_acc": 0.5714285714285714,
      "std_cv_acc": 0.0
    },
    {
      "param_value": 0.5623413324356079,
      "mean_cv_acc": 0.5714285714285714,
      "std_cv_acc": 0.0
    },
    {
      "param_value": 1.0,
      "mean_cv_acc": 0.5714285714285714,
      "std_cv_acc": 0.0
    },
    {
      "param_value": 1.778279423713684,
      "mean_cv_acc": 0.5714285714285714,
      "std_cv_acc": 0.0
    },
    {
      "param_value": 3.1622776985168457,
      "mean_cv_acc": 0.5714285714285714,
      "std_cv_acc": 0.0
    },
    {
      "param_value": 5.6234130859375,
      "mean_cv_acc": 0.5714285714285714,
      "std_cv_acc": 0.0
    },
    {
      "param_value": 10.0,
      "mean_cv_acc": 0.5714285714285714,
      "std_cv_acc": 0.0
    },
    {
      "param_value": 17.782794952392578,
      "mean_cv_acc": 0.5714285714285714,
      "std_cv_acc": 0.0
    },
    {
      "param_value": 31.62277603149414,
      "mean_cv_acc": 0.5714285714285714,
      "std_cv_acc": 0.0
    },
    {
      "param_value": 56.234130859375,
      "mean_cv_acc": 0.5714285714285714,
      "std_cv_acc": 0.0
    },
    {
      "param_value": 100.0,
      "mean_cv_acc": 0.5714285714285714,
      "std_cv_acc": 0.0
    },
    {
      "param_value": 177.82794189453125,
      "mean_cv_acc": 0.5714285714285714,
      "std_cv_acc": 0.0
    },
    {
      "param_value": 316.2277526855469,
      "mean_cv_acc": 0.5714285714285714,
      "std_cv_acc": 0.0
    },
    {
      "param_value": 562.34130859375,
      "mean_cv_acc": 0.5714285714285714,
      "std_cv_acc": 0.0
    },
    {
      "param_value": 1000.0,
      "mean_cv_acc": 0.5714285714285714,
      "std_cv_acc": 0.0
    },
    {
      "param_value": 1778.2794189453125,
      "mean_cv_acc": 0.5714285714285714,
      "std_cv_acc": 0.0
    },
    {
      "param_value": 3162.277587890625,
      "mean_cv_acc": 0.5714285714285714,
      "std_cv_acc": 0.0
    },
    {
      "param_value": 5623.4130859375,
      "mean_cv_acc": 0.5714285714285714,
      "std_cv_acc": 0.0
    },
    {
      "param_value": 10000.0,
      "mean_cv_acc": 0.5714285714285714,
      "std_cv_acc": 0.0
    },
    {
      "param_value": 17782.794921875,
      "mean_cv_acc": 0.5714285714285714,
      "std_cv_acc": 0.0
    },
    {
      "param_value": 31622.77734375,
      "mean_cv_acc": 0.5714285714285714,
      "std_cv_acc": 0.0
    },
    {
      "param_value": 56234.1328125,
      "mean_cv_acc": 0.5714285714285714,
      "std_cv_acc": 0.0
    },
    {
      "param_value": 100000.0,
      "mean_cv_acc": 0.5714285714285714,
      "std_cv_acc": 0.0
    }
  ],
  "five_way": {
    "accuracy": 0.4351851851851852,
    "macro_f1": 0.40646851730037464,
    "macro_sensitivity": 0.4219323671497584,
    "macro_specificity": 0.8827717246923483,
    "per_class_sensitivity": {
      "NOR": 0.23333333333333334,
      "HCM": 0.4782608695652174,
      "ARR": 0.1,
      "CIA": 0.1,
      "FALL": 0.9,
      "LV": 0.72
    },
    "per_class_specificity": {
      "NOR": 0.8717948717948718,
      "HCM": 0.9764705882352941,
      "ARR": 0.9387755102040817,
      "CIA": 0.8775510204081632,
      "FALL": 0.9693877551020408,
      "LV": 0.6626506024096386
    },
    "confusion_matrix": [
      [
        7,
        0,
        2,
        5,
        0,
        16
      ],
      [
        7,
        11,
        3,
        1,
        0,
        1
      ],
      [
        0,
        1,
        1,
        1,
        1,
        6
      ],
      [
        3,
        0,
        0,
        1,
        1,
        5
      ],
      [
        0,
        0,
        0,
        1,
        9,
        0
      ],
      [
        0,
        1,
        1,
        4,
        1,
        18
      ]
    ],
    "classification_report": {
      "NOR": {
        "precision": 0.4117647058823529,
        "recall": 0.23333333333333334,
        "f1-score": 0.2978723404255319,
        "support": 30.0
      },
      "HCM": {
        "precision": 0.8461538461538461,
        "recall": 0.4782608695652174,
        "f1-score": 0.6111111111111112,
        "support": 23.0
      },
      "ARR": {
        "precision": 0.14285714285714285,
        "recall": 0.1,
        "f1-score": 0.11764705882352941,
        "support": 10.0
      },
      "CIA": {
        "precision": 0.07692307692307693,
        "recall": 0.1,
        "f1-score": 0.08695652173913043,
        "support": 10.0
      },
      "FALL": {
        "precision": 0.75,
        "recall": 0.9,
        "f1-score": 0.8181818181818182,
        "support": 10.0
      },
      "LV": {
        "precision": 0.391304347826087,
        "recall": 0.72,
        "f1-score": 0.5070422535211268,
        "support": 25.0
      },
      "accuracy": 0.4351851851851852,
      "macro avg": {
        "precision": 0.43650051994041766,
        "recall": 0.4219323671497584,
        "f1-score": 0.40646851730037464,
        "support": 108.0
      },
      "weighted avg": {
        "precision": 0.4749526901061427,
        "recall": 0.4351851851851852,
        "f1-score": 0.4249595934610599,
        "support": 108.0
      }
    },
    "probabilities": [
      [
        0.008443778384574795,
        0.005521753470047597,
        0.0023850135415552564,
        0.10086798013167629,
        0.0022187256688930997,
        0.8805627488032529
      ],
      [
        0.024214644077325712,
        0.08713939381288623,
        0.17133401207502807,
        0.021451109781126076,
        0.07026845497481747,
        0.6255923852788164
      ],
      [
        0.9483861703442094,
        0.03510303892782777,
        0.0012216025946411887,
        0.014824274059097088,
        0.0002762299345858269,
        0.00018868413963881556
      ],
      [
        0.941020879664731,
        0.027522264939401065,
        0.023910261194648837,
        0.006213894042867637,
        0.0008826833436091917,
        0.000450016814742163
      ],
      [
        0.8909041827909748,
        0.001624642323591166,
        0.000273341377572074,
        0.10540836388601557,
        0.001740103568050707,
        4.9366053795544694e-05
      ],
      [
        0.8979761668671543,
        0.0039505851339572216,
        0.048653313796444476,
        0.006436371612867203,
        0.0007924829447005174,
        0.04219107964487642
      ],
      [
        0.15311323741744517,
        0.004200329619111687,
        0.8340025163146896,
        0.002553625007727933,
        0.0013238000113370454,
        0.00480649162968867
      ],
      [
        0.9396145478939367,
        0.007593443358534132,
        0.014916613709890173,
        0.007500287454624023,
        0.0003014799538518022,
        0.030073627629162946
      ],
      [
        0.9879205901332293,
        0.00015483775018890262,
        0.008791109307020642,
        0.0007653659560715598,
        0.002215172562559997,
        0.00015292429092969047
      ],
      [
        0.9442252242339847,
        0.002942822466457461,
        0.05034817158564975,
        0.0017002389304334312,
        0.0003691136091935139,
        0.0004144291742811826
      ],
      [
        0.0010854131924152432,
        0.289076849557416,
        0.00894154390452445,
        0.011220507606202272,
        0.11539665908642602,
        0.574279026653016
      ],
      [
        0.0007638377664681852,
        0.037842818352022814,
        0.7064757879567003,
        0.013666951456438264,
        0.008808154641172974,
        0.23244244982719744
      ],
      [
        0.0032660309802029653,
        0.00678999624641284,
        0.008623519117102183,
        0.5015284309495315,
        0.0008482994012962191,
        0.47894372330545426
      ],
      [
        0.0025337579720581087,
        0.018092444482002902,
        0.030083054827858995,
        0.14038933651447613,
        0.019571678759770266,
        0.7893297274438337
      ],
      [
        0.0022668758433722663,
        0.0219264203340353,
        0.08783077017668309,
        0.6674877132138133,
        0.0013061649400368672,
        0.2191820554920593
      ],
      [
        0.0024516183754952616,
        0.09369222230699331,
        0.01969767394779362,
        0.018275620480303248,
        0.0011265761573327163,
        0.8647562887320818
      ],
      [
        0.0028313580264524244,
        0.004055472789828128,
        0.0010411133176890487,
        0.005840677974957247,
        0.0021123229454342394,
        0.9841190549456388
      ],
      [
        0.013745496310102367,
        0.04322197941108597,
        0.03618682542901842,
        0.39014386861701467,
        0.03717440348490603,
        0.47952742674787263
      ],
      [
        0.008947930577057244,
        0.05962086129408215,
        0.028413377639633714,
        0.7378708509546608,
        0.0010396536703960798,
        0.16410732586416993
      ],
      [
        0.007437480379675468,
        0.03294431929609777,
        0.046610896383829,
        0.28437116442447524,
        0.003194566552924619,
        0.625441572962998
      ],
      [
        0.022860350010208776,
        0.06466698528698993,
        0.13930524843299733,
        0.10047073709135755,
        0.02549255450413275,
        0.6472041246743138
      ],
      [
        0.09884675241643003,
        0.019303216258201535,
        0.005057794622544405,
        0.6068443559822733,
        0.017842679812084376,
        0.2521052009084664
      ],
      [
        0.003965377883880467,
        0.12294357062803644,
        0.05056248929827616,
        0.012158696977622938,
        0.0057249968087047555,
        0.8046448684034793
      ],
      [
        0.00411195190308177,
        0.3064285264653635,
        0.019928721371771606,
        0.2059635670339904,
        0.0014918308189550756,
        0.46207540240683775
      ],
      [
        0.0030290631084536447,
        0.11971690143082,
        0.10222177069386851,
        0.051252587926570684,
        0.013812357344465877,
        0.7099673194958214
      ],
      [
        0.0008313704591644475,
        0.002351833229419735,
        0.0014663658586485152,
        0.13890317861340756,
        0.00042147844855506183,
        0.8560257733908048
      ],
      [
        0.00814903607161414,
        0.061678023858860585,
        0.022085003363605703,
        0.4388437072516002,
        0.002335669751152721,
        0.4669085597031665
      ],
      [
        0.004565935599929264,
        0.0017043813587189608,
        0.005042402092789427,
        0.007210435111468846,
        0.0005224666762404649,
        0.9809543791608532
      ],
      [
        0.09350385539068638,
        0.004183029400403392,
        0.03900958511173142,
        0.23700800801273894,
        0.0021405813279056474,
        0.6241549407565343
      ],
      [
        0.006615418882983895,
        0.07054196831443302,
        0.031582388018348354,
        0.6503628695274711,
        0.020186214054861037,
        0.2207111412019024
      ],
      [
        0.0005458815009829172,
        0.12066304144937078,
        0.00026522784097740695,
        0.12221554214681891,
        0.0013288281899355393,
        0.7549814788719145
      ],
      [
        6.72390066737938e-05,
        0.006262570345076515,
        0.007675395678975938,
        0.0007420242931112205,
        0.018048735722330213,
        0.9672040349538324
      ],
      [
        0.00015360551006183128,
        0.28345168564474804,
        0.06642783940515133,
        0.012545197585815591,
        0.00347360596789343,
        0.6339480658863298
      ],
      [
        0.00037339130397319193,
        0.012378491679368733,
        0.006445797944117522,
        0.004808100080054255,
        0.0033448868256952175,
        0.9726493321667912
      ],
      [
        0.0013585074580050424,
        0.20041091984470522,
        0.16831569032212598,
        0.2527703738304317,
        0.1915463182832788,
        0.18559819026145327
      ],
      [
        0.0011578596621315547,
        0.0214607582088092,
        0.07449371109363694,
        0.3042104373209041,
        0.006795059298550401,
        0.5918821744159679
      ],
      [
        0.013049341736204775,
        0.07122795831536562,
        0.20941361044588083,
        0.15017792033240118,
        0.02510199482662586,
        0.5310291743435217
      ],
      [
        0.0008690429928152175,
        0.009252189938832924,
        0.0383081657065673,
        0.002646293762502777,
        0.006776466416131456,
        0.9421478411831503
      ],
      [
        0.001111396210749215,
        0.07191276460312619,
        0.0012037225694414078,
        0.14748884124910208,
        0.0015244752959007678,
        0.7767588000716803
      ],
      [
        0.003505205653450204,
        0.9797044380519802,
        0.0009705898880354865,
        0.003405836072680661,
        0.0017414679051380615,
        0.010672462428715309
      ],
      [
        7.865888577040855e-05,
        0.021490027232164265,
        0.02474936563009139,
        0.01113753878135385,
        0.002229806304100907,
        0.9403146031665193
      ],
      [
        0.0001236056317126026,
        0.005585004407302002,
        0.006687959510522154,
        0.0027440699944103596,
        0.018734966505509487,
        0.9661243939505434
      ],
      [
        0.006323010500108509,
        0.389834989304184,
        0.08690905064488841,
        0.041476825375191616,
        0.007307071682909773,
        0.4681490524927176
      ],
      [
        0.00047744977761740527,
        0.28701825366631406,
        0.045046812916547614,
        0.01648142503482742,
        0.0243766113203352,
        0.6265994472843582
      ],
      [
        8.411987197472873e-06,
        0.0014692021421055079,
        0.0005972278711299798,
        0.00018118841786074328,
        0.0005581092854546504,
        0.9971858602962517
      ],
      [
        0.0016533616514152766,
        0.014367659986276178,
        0.013646900315753972,
        0.4421841794343195,
        0.19052865497180377,
        0.3376192436404313
      ],
      [
        0.06604960782389879,
        0.008568266176215717,
        0.1999265246676382,
        0.02694432054003526,
        0.6182321767523989,
        0.08027910403981306
      ],
      [
        0.0012049817779631634,
        0.13639109682499334,
        0.3553463617736084,
        0.18149557010499903,
        0.005281089670911209,
        0.3202808998475249
      ],
      [
        0.00013408424797432944,
        0.04700194563370212,
        0.011805155117491561,
        0.010915435878620478,
        0.0024583906394797144,
        0.9276849884827318
      ],
      [
        0.0009591509020794496,
        0.07783693798991778,
        0.1684409105153751,
        0.015666910833917233,
        0.0024289991673733954,
        0.7346670905913372
      ],
      [
        0.0012659782924703503,
        0.10902408030197584,
        0.09137960966884415,
        0.055334032192295594,
        0.032882167878140224,
        0.7101141316662739
      ],
      [
        0.019835798523458018,
        0.0128901459388033,
        0.16156988601719566,
        0.44187912494479403,
        0.25364837012447394,
        0.11017667445127496
      ],
      [
        1.0355005553980802e-05,
        0.0014127986199973701,
        0.0032586002210390277,
        0.0006830519892732736,
        0.003896219245800712,
        0.9907389749183356
      ],
      [
        0.003079797960815461,
        0.06562600714541761,
        0.04563624159568215,
        0.41564219103387323,
        0.32732890784756685,
        0.1426868544166447
      ],
      [
        3.0817650380107144e-05,
        0.018452877491639593,
        0.0035359664529076504,
        0.0008665178094920539,
        0.001288580348972585,
        0.975825240246608
      ],
      [
        0.9168400629796822,
        0.02045396858404755,
        0.03507305599517705,
        0.0012054688667632566,
        0.026135206827996395,
        0.0002922367463336114
      ],
      [
        0.004476306745804965,
        0.24725139346550845,
        0.2343808740068676,
        0.28053186738539004,
        0.01618727258256149,
        0.21717228581386736
      ],
      [
        0.6719905176324813,
        0.280678701348975,
        0.033268971471448916,
        0.01157638842865711,
        0.0017683097566043647,
        0.0007171113618333529
      ],
      [
        0.04773426101001456,
        0.7414111809293795,
        0.019717246107295448,
        0.007071124620499414,
        0.0031308330248132356,
        0.18093535430799776
      ],
      [
        0.33606133539773575,
        0.2614842182070798,
        0.39741024626496463,
        0.0038390092953593654,
        0.0008422660257788019,
        0.0003629248090817453
      ],
      [
        0.9016489755883611,
        0.09154942053329532,
        0.0031656891367973033,
        0.0030891210374828595,
        0.0004541847389797181,
        9.260896508383325e-05
      ],
      [
        0.0020229271845880036,
        0.21460298932402813,
        0.03669804469468632,
        0.001963319443256803,
        0.007987091704240813,
        0.7367256276492
      ],
      [
        0.622201199874406,
        0.24219403020624333,
        0.1076715578102443,
        0.024424590578521865,
        0.0016448428268226929,
        0.0018637787037616793
      ],
      [
        0.8771198672521845,
        0.10884667881838468,
        0.0045163643097055,
        0.0006953450381440193,
        0.008768990268597624,
        5.275431298389447e-05
      ],
      [
        0.0014585683095614643,
        0.8331984234255837,
        0.009904313416511167,
        0.011401491863492506,
        0.0019767686387914406,
        0.14206043434605975
      ],
      [
        0.008275237939425754,
        0.5084283863951996,
        0.007822818259266485,
        0.019530630068964477,
        0.0027789914266990205,
        0.45316393591044474
      ],
      [
        0.08278476968393167,
        0.7916074419721514,
        0.06364856089520585,
        0.04833334710966719,
        0.00315429664794729,
        0.010471583691096586
      ],
      [
        0.891676211710546,
        0.039700213952445405,
        0.04927616387884595,
        0.0022401944821804766,
        0.01648836906605641,
        0.0006188469099258939
      ],
      [
        0.0002145025381697415,
        0.8869751995546736,
        0.00020604264519884731,
        0.0035546054259936355,
        0.00460505003194975,
        0.10444459980401431
      ],
      [
        0.17428803580566932,
        0.8120806537754836,
        0.009357666369403547,
        0.0029191190306301017,
        0.0013135126752729274,
        4.101234354071838e-05
      ],
      [
        0.14986999902699105,
        0.14525209684127494,
        0.6683765598519068,
        0.03431758042707426,
        0.0015242322417580167,
        0.0006595316109948786
      ],
      [
        0.4294569500439923,
        0.02308382953577984,
        0.5015590507303547,
        0.04087355603159054,
        0.004406286891701687,
        0.0006203267665810787
      ],
      [
        0.2970278921031811,
        0.5719022088878204,
        0.12533581708524835,
        0.004430837523068661,
        0.0006245059732131969,
        0.0006787384274682643
      ],
      [
        0.10636735264943654,
        0.750908956408063,
        0.09125050378736868,
        0.046637443697871886,
        0.0021540790715567693,
        0.002681664385703039
      ],
      [
        0.36509887265263,
        0.23134683958078514,
        0.36124546511622757,
        0.03187532271873676,
        0.010268479582454807,
        0.00016502034916588546
      ],
      [
        0.013119079239367257,
        0.50292819134201,
        0.04038247362170441,
        0.009323388435710688,
        0.025673719077527447,
        0.40857314828368047
      ],
      [
        0.050425164848014487,
        0.8326280778960152,
        0.08559112178932768,
        0.0002560537649186334,
        0.010720193596787896,
        0.02037938810493619
      ],
      [
        0.2676389783160641,
        0.49588821904535657,
        0.23100098844491598,
        0.003386286892976359,
        0.0013265419416547376,
        0.0007589853590321052
      ],
      [
        0.0017246978519265784,
        0.059266407529611626,
        0.01578766271520353,
        0.08596722040074074,
        0.006143371475577724,
        0.8311106400269399
      ],
      [
        0.018427928159563216,
        0.0032644052390215605,
        0.10581271719978018,
        0.6317737537791933,
        0.19211470519821974,
        0.04860649042422197
      ],
      [
        0.014392763279011974,
        0.9326164847375898,
        0.005370367053244818,
        0.011043853439007543,
        0.0005438732457024343,
        0.03603265824544334
      ],
      [
        0.008056889414261883,
        0.0022600612478107214,
        0.004766446996335585,
        0.14003793117364138,
        0.5278605387449521,
        0.31701813242299837
      ],
      [
        0.0007415728819613922,
        0.003782402474846531,
        0.010871409840212672,
        0.025423396069646536,
        8.505811603623274e-05,
        0.9590961606172966
      ],
      [
        0.0003042576561999832,
        0.013135870438567577,
        0.001456527995084786,
        0.1845312088046504,
        0.0006386526118052519,
        0.799933482493692
      ],
      [
        0.00950503585491003,
        0.05591990658502319,
        0.027036467562266076,
        0.12509278178552138,
        0.000982192552000043,
        0.7814636156602793
      ],
      [
        0.00041514649164684593,
        0.08350298719350549,
        0.060438297476595876,
        0.00424562849035902,
        0.004112219000064803,
        0.847285721347828
      ],
      [
        0.02279054544528908,
        0.0670955838780888,
        0.4786794008002675,
        0.4301205997041911,
        0.0007176004644776344,
        0.0005962697076858393
      ],
      [
        0.0002327113465827436,
        0.11913362684506129,
        0.09402957860177881,
        0.1671917610423203,
        0.004375311797982762,
        0.6150370103662741
      ],
      [
        0.0016281837951871996,
        0.000265190395898515,
        0.0009480486999422633,
        0.04405031897953521,
        0.9516421250046078,
        0.001466133124829111
      ],
      [
        0.010464290054098987,
        0.0253753926440007,
        0.03265854947632089,
        0.122025546607264,
        0.796448729943918,
        0.013027491274397536
      ],
      [
        0.0012274430386685997,
        0.00010319704848028879,
        0.005130943504498363,
        0.029477691133662835,
        0.9495002153029659,
        0.014560509971724004
      ],
      [
        0.006016061717583341,
        0.0017750801682530398,
        0.00027263133860887316,
        0.9023171463335387,
        0.083788081259556,
        0.005830999182460107
      ],
      [
        0.00023431189616237083,
        0.031116048911929692,
        0.08841207663523626,
        0.06320501509356082,
        0.7929056065640574,
        0.024126940899053477
      ],
      [
        0.0005808966140543652,
        0.0010935981794305029,
        0.038021683781278244,
        0.06888575217827786,
        0.8894513038230699,
        0.001966765423889028
      ],
      [
        0.02343553244190104,
        0.03700135774657214,
        0.05321388246514132,
        0.26786793498102796,
        0.5940955217485294,
        0.024385770616828138
      ],
      [
        0.002901210929515508,
        0.02147991665474533,
        0.036542514351734307,
        0.07528118761994285,
        0.8547518834554163,
        0.009043286988645621
      ],
      [
        0.000632569581715494,
        0.00158873740473036,
        0.031158256778415282,
        0.05199108751986829,
        0.8979465365898784,
        0.016682812125392237
      ],
      [
        0.020544937469840607,
        0.0025191735884522825,
        0.0019343683381492997,
        0.12993333444589952,
        0.6181132445316116,
        0.22695494162604665
      ],
      [
        0.005206720193904477,
        0.04422430880103807,
        0.015366573777147166,
        0.33733445389382527,
        0.0033787215061039564,
        0.594489221827981
      ],
      [
        0.7069463553271987,
        0.10663888659502951,
        0.007524516282767396,
        0.17580544313954452,
        0.001417272652422798,
        0.0016675260030370605
      ],
      [
        0.4804514333119805,
        0.008323699908246269,
        0.0008645149087992189,
        0.3137903577848487,
        0.17786259586483685,
        0.018707398221288505
      ],
      [
        0.7010011040487285,
        0.004497759909822334,
        0.00011274670913186223,
        0.22017832071713894,
        0.0741684990367052,
        4.1569578473000046e-05
      ],
      [
        0.004350056403011872,
        0.06667110760694914,
        0.03928245587422547,
        0.10904275432083357,
        0.17955700602976543,
        0.6010966197652144
      ],
      [
        0.002854562951795091,
        0.006697686265520403,
        0.15369219388064684,
        0.6947620567201874,
        0.04642252912884771,
        0.09557097105300245
      ],
      [
        0.004127065799794271,
        0.006992556894375464,
        0.055839675018140716,
        0.04955368481072023,
        0.007407158786695836,
        0.8760798586902735
      ],
      [
        0.0002995991886666827,
        0.0010401740556934532,
        0.0007368702845183527,
        0.10447194334415136,
        0.051746746020247474,
        0.8417046671067226
      ],
      [
        0.000239396606811349,
        0.004076334687427011,
        0.0038149591622754966,
        0.1876544640044352,
        0.7681124027146043,
        0.03610244282444649
      ],
      [
        0.09155667046772699,
        0.03141008151512116,
        0.020254838598638192,
        0.06657216874401205,
        0.36787827801275375,
        0.42232796266174794
      ]
    ],
    "predictions": [
      5,
      5,
      0,
      0,
      0,
      0,
      2,
      0,
      0,
      0,
      5,
      2,
      3,
      5,
      3,
      5,
      5,
      5,
      3,
      5,
      5,
      3,
      5,
      5,
      5,
      5,
      5,
      5,
      5,
      3,
      5,
      5,
      5,
      5,
      3,
      5,
      5,
      5,
      5,
      1,
      5,
      5,
      5,
      5,
      5,
      3,
      4,
      2,
      5,
      5,
      5,
      3,
      5,
      3,
      5,
      0,
      3,
      0,
      1,
      2,
      0,
      5,
      0,
      0,
      1,
      1,
      1,
      0,
      1,
      1,
      2,
      2,
      1,
      1,
      0,
      1,
      1,
      1,
      5,
      3,
      1,
      4,
      5,
      5,
      5,
      5,
      2,
      5,
      4,
      4,
      4,
      3,
      4,
      4,
      4,
      4,
      4,
      4,
      5,
      0,
      0,
      0,
      5,
      3,
      5,
      5,
      4,
      5
    ],
    "true_labels": [
      0,
      0,
      0,
      0,
      0,
      0,
      0,
      0,
      0,
      0,
      0,
      0,
      0,
      0,
      0,
      0,
      0,
      0,
      0,
      0,
      0,
      0,
      0,
      0,
      0,
      0,
      0,
      0,
      0,
      0,
      5,
      5,
      5,
      5,
      5,
      5,
      5,
      5,
      5,
      5,
      5,
      5,
      5,
      5,
      5,
      5,
      5,
      5,
      5,
      5,
      5,
      5,
      5,
      5,
      5,
      1,
      1,
      1,
      1,
      1,
      1,
      1,
      1,
      1,
      1,
      1,
      1,
      1,
      1,
      1,
      1,
      1,
      1,
      1,
      1,
      1,
      1,
      1,
      2,
      2,
      2,
      2,
      2,
      2,
      2,
      2,
      2,
      2,
      4,
      4,
      4,
      4,
      4,
      4,
      4,
      4,
      4,
      4,
      3,
      3,
      3,
      3,
      3,
      3,
      3,
      3,
      3,
      3
    ],
    "patient_ids": [
      "201",
      "202",
      "203",
      "204",
      "205",
      "206",
      "207",
      "208",
      "209",
      "210",
      "211",
      "212",
      "213",
      "214",
      "215",
      "216",
      "217",
      "218",
      "219",
      "220",
      "221",
      "222",
      "223",
      "224",
      "225",
      "226",
      "227",
      "228",
      "229",
      "230",
      "231",
      "232",
      "233",
      "234",
      "235",
      "236",
      "237",
      "238",
      "239",
      "240",
      "241",
      "242",
      "243",
      "244",
      "245",
      "246",
      "247",
      "248",
      "249",
      "250",
      "251",
      "252",
      "253",
      "254",
      "255",
      "256",
      "257",
      "258",
      "259",
      "260",
      "261",
      "262",
      "264",
      "265",
      "266",
      "267",
      "269",
      "270",
      "271",
      "272",
      "273",
      "274",
      "275",
      "276",
      "277",
      "278",
      "279",
      "280",
      "281",
      "282",
      "283",
      "284",
      "285",
      "286",
      "287",
      "288",
      "289",
      "290",
      "291",
      "292",
      "293",
      "294",
      "295",
      "296",
      "297",
      "298",
      "299",
      "300",
      "301",
      "302",
      "303",
      "304",
      "305",
      "306",
      "307",
      "308",
      "309",
      "310"
    ]
  },
  "roc_auc": {
    "macro_auc": 0.7595159232246713,
    "per_class_auc": {
      "NOR": 0.6423076923076924,
      "HCM": 0.8869565217391304,
      "ARR": 0.5051020408163265,
      "CIA": 0.7612244897959184,
      "FALL": 0.9836734693877551,
      "LV": 0.7778313253012048
    }
  },
  "binary": {
    "accuracy": 0.7129629629629629,
    "f1": 0.8187134502923976,
    "sensitivity": 0.8974358974358975,
    "specificity": 0.23333333333333334,
    "roc_auc": 0.6423076923076922,
    "binary_labels": [
      0,
      0,
      0,
      0,
      0,
      0,
      0,
      0,
      0,
      0,
      0,
      0,
      0,
      0,
      0,
      0,
      0,
      0,
      0,
      0,
      0,
      0,
      0,
      0,
      0,
      0,
      0,
      0,
      0,
      0,
      1,
      1,
      1,
      1,
      1,
      1,
      1,
      1,
      1,
      1,
      1,
      1,
      1,
      1,
      1,
      1,
      1,
      1,
      1,
      1,
      1,
      1,
      1,
      1,
      1,
      1,
      1,
      1,
      1,
      1,
      1,
      1,
      1,
      1,
      1,
      1,
      1,
      1,
      1,
      1,
      1,
      1,
      1,
      1,
      1,
      1,
      1,
      1,
      1,
      1,
      1,
      1,
      1,
      1,
      1,
      1,
      1,
      1,
      1,
      1,
      1,
      1,
      1,
      1,
      1,
      1,
      1,
      1,
      1,
      1,
      1,
      1,
      1,
      1,
      1,
      1,
      1,
      1
    ],
    "binary_probs": [
      0.9915562216154252,
      0.9757853559226742,
      0.051613829655790644,
      0.058979120335268975,
      0.10909581720902517,
      0.10202383313284569,
      0.8468867625825548,
      0.060385452106063275,
      0.012079409866770696,
      0.055774775766015305,
      0.9989145868075847,
      0.9992361622335318,
      0.996733969019797,
      0.9974662420279419,
      0.9977331241566277,
      0.9975483816245048,
      0.9971686419735476,
      0.9862545036898976,
      0.9910520694229428,
      0.9925625196203245,
      0.9771396499897912,
      0.90115324758357,
      0.9960346221161195,
      0.9958880480969182,
      0.9969709368915464,
      0.9991686295408355,
      0.9918509639283859,
      0.9954340644000708,
      0.9064961446093136,
      0.9933845811170161,
      0.9994541184990171,
      0.9999327609933262,
      0.9998463944899382,
      0.9996266086960268,
      0.998641492541995,
      0.9988421403378684,
      0.9869506582637952,
      0.9991309570071848,
      0.9988886037892508,
      0.9964947943465498,
      0.9999213411142296,
      0.9998763943682873,
      0.9936769894998915,
      0.9995225502223826,
      0.9999915880128025,
      0.9983466383485847,
      0.9339503921761012,
      0.9987950182220369,
      0.9998659157520257,
      0.9990408490979206,
      0.9987340217075297,
      0.9801642014765419,
      0.999989644994446,
      0.9969202020391845,
      0.9999691823496198,
      0.08315993702031776,
      0.995523693254195,
      0.3280094823675187,
      0.9522657389899855,
      0.6639386646022643,
      0.0983510244116389,
      0.997977072815412,
      0.37779880012559397,
      0.12288013274781551,
      0.9985414316904385,
      0.9917247620605742,
      0.9172152303160683,
      0.10832378828945399,
      0.9997854974618302,
      0.8257119641943307,
      0.850130000973009,
      0.5705430499560077,
      0.702972107896819,
      0.8936326473505635,
      0.6349011273473699,
      0.9868809207606327,
      0.9495748351519855,
      0.7323610216839359,
      0.9982753021480735,
      0.9815720718404368,
      0.985607236720988,
      0.9919431105857381,
      0.9992584271180386,
      0.9996957423438,
      0.99049496414509,
      0.9995848535083531,
      0.977209454554711,
      0.9997672886534172,
      0.9983718162048127,
      0.989535709945901,
      0.9987725569613314,
      0.9939839382824167,
      0.9997656881038376,
      0.9994191033859456,
      0.976564467558099,
      0.9970987890704844,
      0.9993674304182845,
      0.9794550625301593,
      0.9947932798060956,
      0.29305364467280126,
      0.5195485666880195,
      0.2989988959512715,
      0.9956499435969881,
      0.9971454370482049,
      0.9958729342002057,
      0.9997004008113333,
      0.9997606033931886,
      0.908443329532273
    ]
  }
}