{
  "config": {
    "dataset": "mnm2",
    "backbone": "dinov3",
    "model_name": "dinov3_vitb16",
    "eval_mode": "logreg",
    "pooling": "gap",
    "embed_dim": 768,
    "best_hyperparam": 0.017782794311642647,
    "hyperparam_name": "C",
    "num_classes": 6,
    "class_names": [
      "NOR",
      "HCM",
      "ARR",
      "CIA",
      "FALL",
      "LV"
    ]
  },
  "sweep_results": [
    {
      "param_value": 9.999999974752427e-07,
      "mean_cv_acc": 0.17857142857142858,
      "std_cv_acc": 0.0
    },
    {
      "param_value": 1.7782793975129607e-06,
      "mean_cv_acc": 0.17857142857142858,
      "std_cv_acc": 0.0
    },
    {
      "param_value": 3.1622776077711023e-06,
      "mean_cv_acc": 0.17857142857142858,
      "std_cv_acc": 0.0
    },
    {
      "param_value": 5.6234130170196295e-06,
      "mean_cv_acc": 0.17857142857142858,
      "std_cv_acc": 0.0
    },
    {
      "param_value": 9.999999747378752e-06,
      "mean_cv_acc": 0.17857142857142858,
      "std_cv_acc": 0.0
    },
    {
      "param_value": 1.778279329300858e-05,
      "mean_cv_acc": 0.17857142857142858,
      "std_cv_acc": 0.0
    },
    {
      "param_value": 3.162277789670043e-05,
      "mean_cv_acc": 0.21428571428571427,
      "std_cv_acc": 0.0
    },
    {
      "param_value": 5.62341338081751e-05,
      "mean_cv_acc": 0.2857142857142857,
      "std_cv_acc": 0.0
    },
    {
      "param_value": 9.999999747378752e-05,
      "mean_cv_acc": 0.2857142857142857,
      "std_cv_acc": 0.0
    },
    {
      "param_value": 0.00017782794020604342,
      "mean_cv_acc": 0.39285714285714285,
      "std_cv_acc": 0.0
    },
    {
      "param_value": 0.0003162277571391314,
      "mean_cv_acc": 0.4642857142857143,
      "std_cv_acc": 0.0
    },
    {
      "param_value": 0.000562341301701963,
      "mean_cv_acc": 0.4642857142857143,
      "std_cv_acc": 0.0
    },
    {
      "param_value": 0.0010000000474974513,
      "mean_cv_acc": 0.4642857142857143,
      "std_cv_acc": 0.0
    },
    {
      "param_value": 0.0017782794311642647,
      "mean_cv_acc": 0.42857142857142855,
      "std_cv_acc": 0.0
    },
    {
      "param_value": 0.003162277629598975,
      "mean_cv_acc": 0.4642857142857143,
      "std_cv_acc": 0.0
    },
    {
      "param_value": 0.005623413249850273,
      "mean_cv_acc": 0.4642857142857143,
      "std_cv_acc": 0.0
    },
    {
      "param_value": 0.009999999776482582,
      "mean_cv_acc": 0.5,
      "std_cv_acc": 0.0
    },
    {
      "param_value": 0.017782794311642647,
      "mean_cv_acc": 0.5357142857142857,
      "std_cv_acc": 0.0
    },
    {
      "param_value": 0.03162277489900589,
      "mean_cv_acc": 0.5357142857142857,
      "std_cv_acc": 0.0
    },
    {
      "param_value": 0.05623413249850273,
      "mean_cv_acc": 0.5357142857142857,
      "std_cv_acc": 0.0
    },
    {
      "param_value": 0.10000000149011612,
      "mean_cv_acc": 0.5357142857142857,
      "std_cv_acc": 0.0
    },
    {
      "param_value": 0.17782793939113617,
      "mean_cv_acc": 0.5357142857142857,
      "std_cv_acc": 0.0
    },
    {
      "param_value": 0.3162277638912201,
      "mean_cv_acc": 0.5357142857142857,
      "std_cv_acc": 0.0
    },
    {
      "param_value": 0.5623413324356079,
      "mean_cv_acc": 0.5357142857142857,
      "std_cv_acc": 0.0
    },
    {
      "param_value": 1.0,
      "mean_cv_acc": 0.5,
      "std_cv_acc": 0.0
    },
    {
      "param_value": 1.778279423713684,
      "mean_cv_acc": 0.5,
      "std_cv_acc": 0.0
    },
    {
      "param_value": 3.1622776985168457,
      "mean_cv_acc": 0.5,
      "std_cv_acc": 0.0
    },
    {
      "param_value": 5.6234130859375,
      "mean_cv_acc": 0.5,
      "std_cv_acc": 0.0
    },
    {
      "param_value": 10.0,
      "mean_cv_acc": 0.5,
      "std_cv_acc": 0.0
    },
    {
      "param_value": 17.782794952392578,
      "mean_cv_acc": 0.5,
      "std_cv_acc": 0.0
    },
    {
      "param_value": 31.62277603149414,
      "mean_cv_acc": 0.5,
      "std_cv_acc": 0.0
    },
    {
      "param_value": 56.234130859375,
      "mean_cv_acc": 0.5,
      "std_cv_acc": 0.0
    },
    {
      "param_value": 100.0,
      "mean_cv_acc": 0.5,
      "std_cv_acc": 0.0
    },
    {
      "param_value": 177.82794189453125,
      "mean_cv_acc": 0.5,
      "std_cv_acc": 0.0
    },
    {
      "param_value": 316.2277526855469,
      "mean_cv_acc": 0.5,
      "std_cv_acc": 0.0
    },
    {
      "param_value": 562.34130859375,
      "mean_cv_acc": 0.5,
      "std_cv_acc": 0.0
    },
    {
      "param_value": 1000.0,
      "mean_cv_acc": 0.5,
      "std_cv_acc": 0.0
    },
    {
      "param_value": 1778.2794189453125,
      "mean_cv_acc": 0.5,
      "std_cv_acc": 0.0
    },
    {
      "param_value": 3162.277587890625,
      "mean_cv_acc": 0.5,
      "std_cv_acc": 0.0
    },
    {
      "param_value": 5623.4130859375,
      "mean_cv_acc": 0.5,
      "std_cv_acc": 0.0
    },
    {
      "param_value": 10000.0,
      "mean_cv_acc": 0.5,
      "std_cv_acc": 0.0
    },
    {
      "param_value": 17782.794921875,
      "mean_cv_acc": 0.5,
      "std_cv_acc": 0.0
    },
    {
      "param_value": 31622.77734375,
      "mean_cv_acc": 0.5,
      "std_cv_acc": 0.0
    },
    {
      "param_value": 56234.1328125,
      "mean_cv_acc": 0.5,
      "std_cv_acc": 0.0
    },
    {
      "param_value": 100000.0,
      "mean_cv_acc": 0.5,
      "std_cv_acc": 0.0
    }
  ],
  "five_way": {
    "accuracy": 0.39814814814814814,
    "macro_f1": 0.3533862970475547,
    "macro_sensitivity": 0.3917874396135266,
    "macro_specificity": 0.873870116474146,
    "per_class_sensitivity": {
      "NOR": 0.23333333333333334,
      "HCM": 0.21739130434782608,
      "ARR": 0.1,
      "CIA": 0.1,
      "FALL": 0.9,
      "LV": 0.8
    },
    "per_class_specificity": {
      "NOR": 0.8205128205128205,
      "HCM": 0.9882352941176471,
      "ARR": 0.9387755102040817,
      "CIA": 0.9081632653061225,
      "FALL": 0.9489795918367347,
      "LV": 0.6385542168674698
    },
    "confusion_matrix": [
      [
        7,
        0,
        2,
        5,
        0,
        16
      ],
      [
        11,
        5,
        4,
        0,
        0,
        3
      ],
      [
        0,
        0,
        1,
        1,
        0,
        8
      ],
      [
        3,
        0,
        0,
        1,
        3,
        3
      ],
      [
        0,
        0,
        0,
        1,
        9,
        0
      ],
      [
        0,
        1,
        0,
        2,
        2,
        20
      ]
    ],
    "classification_report": {
      "NOR": {
        "precision": 0.3333333333333333,
        "recall": 0.23333333333333334,
        "f1-score": 0.27450980392156865,
        "support": 30.0
      },
      "HCM": {
        "precision": 0.8333333333333334,
        "recall": 0.21739130434782608,
        "f1-score": 0.3448275862068966,
        "support": 23.0
      },
      "ARR": {
        "precision": 0.14285714285714285,
        "recall": 0.1,
        "f1-score": 0.11764705882352941,
        "support": 10.0
      },
      "CIA": {
        "precision": 0.1,
        "recall": 0.1,
        "f1-score": 0.1,
        "support": 10.0
      },
      "FALL": {
        "precision": 0.6428571428571429,
        "recall": 0.9,
        "f1-score": 0.75,
        "support": 10.0
      },
      "LV": {
        "precision": 0.4,
        "recall": 0.8,
        "f1-score": 0.5333333333333333,
        "support": 25.0
      },
      "accuracy": 0.39814814814814814,
      "macro avg": {
        "precision": 0.4087301587301588,
        "recall": 0.3917874396135266,
        "f1-score": 0.3533862970475547,
        "support": 108.0
      },
      "weighted avg": {
        "precision": 0.44466490299823636,
        "recall": 0.39814814814814814,
        "f1-score": 0.36274196779605844,
        "support": 108.0
      }
    },
    "probabilities": [
      [
        0.007021303876919685,
        0.012074699470171955,
        0.004887781115330918,
        0.04834515064059101,
        0.0030422221169899176,
        0.9246288427799966
      ],
      [
        0.014952798978723758,
        0.06398714413060654,
        0.09731805953362865,
        0.04956118370250737,
        0.045117426073931294,
        0.7290633875806023
      ],
      [
        0.927952733486384,
        0.04565516596910006,
        0.0008592474357479699,
        0.023044338530191857,
        0.0012762260074221847,
        0.0012122885711540249
      ],
      [
        0.5423983341427103,
        0.3628326493442991,
        0.031051847090615592,
        0.04720413243543564,
        0.011313003076564153,
        0.005200033910375422
      ],
      [
        0.932897635749,
        0.0029221405701506135,
        0.0011951364579713254,
        0.06089786012572911,
        0.0015027068090448183,
        0.0005845202881040888
      ],
      [
        0.890415804734832,
        0.008664206920268864,
        0.03857545086303934,
        0.017021638231233954,
        0.00154916126671002,
        0.04377373798391585
      ],
      [
        0.39361484888899173,
        0.017567076982845552,
        0.5670100162710947,
        0.011096046028780587,
        0.0002574644641823235,
        0.01045454736410523
      ],
      [
        0.8451350522966067,
        0.001743685252886254,
        0.11326440887944131,
        0.030564019380105292,
        0.0002586371350021801,
        0.009034197055958301
      ],
      [
        0.9416950736087067,
        0.001980400256765073,
        0.05255076129629533,
        0.0012027271839408485,
        0.000995529514071889,
        0.001575508140219987
      ],
      [
        0.8772773083042626,
        0.0006695665252441472,
        0.06716217778876685,
        0.05412161317425028,
        0.00011994057269766505,
        0.0006493936347783961
      ],
      [
        0.009620292901477975,
        0.056670549943546804,
        0.21065082158906723,
        0.012635959299817753,
        0.20223261686822733,
        0.5081897593978629
      ],
      [
        0.006563933797063983,
        0.02230580392817462,
        0.8607882044277819,
        0.012267131288247619,
        0.005524367548870531,
        0.09255055900986137
      ],
      [
        0.008169789022618555,
        0.004397833313389363,
        0.00078845716697507,
        0.5319061220406736,
        0.002121238980196225,
        0.4526165594761473
      ],
      [
        0.0176945909835496,
        0.008516207044860032,
        0.0175499585846958,
        0.130673982258376,
        0.06345287903220644,
        0.7621123820963122
      ],
      [
        0.013302157312451289,
        0.015222273618521236,
        0.0031228235699571113,
        0.6871716459910507,
        0.0024234683233775706,
        0.2787576311846422
      ],
      [
        0.01517803000471814,
        0.0809358571369139,
        0.1343700922156503,
        0.01982955955661756,
        0.0048572270386486255,
        0.7448292340474515
      ],
      [
        0.02484766906062476,
        0.012572813362799674,
        0.008843549642253066,
        0.09178723240789971,
        0.011760494622802944,
        0.8501882409036199
      ],
      [
        0.005047895370921309,
        0.023069008808721213,
        0.006047790891768136,
        0.03774693896127815,
        0.029628027150742076,
        0.8984603388165691
      ],
      [
        0.010125877329283951,
        0.015576157420331941,
        0.006677141188180244,
        0.6382605657281717,
        0.0019789072531520143,
        0.3273813510808801
      ],
      [
        0.013768332496608898,
        0.03673043247378555,
        0.029043076791119844,
        0.265724610591822,
        0.03230466590237703,
        0.6224288817442866
      ],
      [
        0.03876621678312395,
        0.043095994428491734,
        0.18137889947576452,
        0.07393812255614511,
        0.025443976410533434,
        0.6373767903459413
      ],
      [
        0.02211518590047902,
        0.00830417941790988,
        0.013362428107728804,
        0.754307327774729,
        0.012202725148820604,
        0.18970815365033267
      ],
      [
        0.0032621882281881126,
        0.028195580981010902,
        0.060891438266881065,
        0.0027905619640307892,
        0.005068798043859316,
        0.8997914325160298
      ],
      [
        0.0129780809978965,
        0.017328088922618078,
        0.010095158248526602,
        0.10315364389558077,
        0.0042714602394754355,
        0.8521735676959027
      ],
      [
        0.017750079465248633,
        0.08186085353058489,
        0.05102668871752097,
        0.17786695518984585,
        0.03506470437588128,
        0.6364307187209184
      ],
      [
        0.001269754220656863,
        0.014381377015458332,
        0.0011553645090079659,
        0.20119940098874262,
        0.0030161348025473894,
        0.7789779684635869
      ],
      [
        0.047922411665231625,
        0.033704849264280246,
        0.0665828050917102,
        0.16797505102557678,
        0.022748674451296087,
        0.6610662085019051
      ],
      [
        0.004200196685699743,
        0.009345384793960099,
        0.008503105590099615,
        0.21288595397544452,
        0.004333926991474745,
        0.7607314319633213
      ],
      [
        0.0904948087347401,
        0.055883602379853785,
        0.04441402565420607,
        0.1954339525833211,
        0.006025220508735402,
        0.6077483901391435
      ],
      [
        0.062100798415944784,
        0.16942923270534188,
        0.05674718322723769,
        0.4702391362083663,
        0.04099842514191963,
        0.20048522430118973
      ],
      [
        0.005203547614655584,
        0.01265941007252534,
        0.0062515433486502,
        0.03198963606891505,
        0.012372160234331232,
        0.9315237026609225
      ],
      [
        0.0003444660364545338,
        0.0127072357215604,
        0.045770221046072285,
        0.001453108195870869,
        0.02396581342803916,
        0.9157591555720028
      ],
      [
        0.00029850959644613025,
        0.1259226393097293,
        0.09024815990563734,
        0.005485251571742174,
        0.02346775311826714,
        0.7545776864981779
      ],
      [
        0.0076815809393798095,
        0.07657778171747649,
        0.10354899081290483,
        0.018522647899356846,
        0.024153973219029616,
        0.7695150254118525
      ],
      [
        0.004543194489450969,
        0.06769410773456068,
        0.14845380745478018,
        0.05788657919490574,
        0.15141942172666642,
        0.5700028893996361
      ],
      [
        0.007393093127239613,
        0.014089835912776918,
        0.08534478602187394,
        0.06317577892835968,
        0.0057378914331164136,
        0.8242586145766335
      ],
      [
        0.005125468842955576,
        0.3308148480805412,
        0.08212121659261874,
        0.22815196178048433,
        0.014568254053842966,
        0.3392182506495571
      ],
      [
        0.0035698494108744845,
        0.01777684954188041,
        0.09513329204502469,
        0.001764314503304277,
        0.011248663928983596,
        0.8705070305699326
      ],
      [
        0.002676543777789956,
        0.11043124316147283,
        0.004124197970975421,
        0.05833526755723493,
        0.008485112213862176,
        0.8159476353186648
      ],
      [
        0.027522459361825628,
        0.8035183986577781,
        0.024427911627994795,
        0.028646643908395955,
        0.040413892755789764,
        0.0754706936882158
      ],
      [
        0.0007447950530876964,
        0.012912085321837229,
        0.0543212524764467,
        0.018044664448472057,
        0.013494852650386623,
        0.9004823500497696
      ],
      [
        0.0008928474925603932,
        0.19826194080398066,
        0.028247637827697274,
        0.014782700597823769,
        0.013230103401268572,
        0.7445847698766693
      ],
      [
        0.009346294523134279,
        0.020592553535679525,
        0.0661085479370064,
        0.007234954066402585,
        0.003896853394173254,
        0.8928207965436039
      ],
      [
        0.0011621951504433856,
        0.058018573516663806,
        0.11780494847379505,
        0.013658886307407537,
        0.0705442670901051,
        0.7388111294615851
      ],
      [
        0.00022467963667413673,
        0.015030219527848068,
        0.006944348230281325,
        0.000704633656147763,
        0.011569751159174248,
        0.9655263677898744
      ],
      [
        0.0024562131667297906,
        0.03720756944677536,
        0.0011081774034458528,
        0.4414718023096858,
        0.20093853322334318,
        0.31681770445002
      ],
      [
        0.009188885357765705,
        0.025211693444721038,
        0.014888607893445727,
        0.06074120312199086,
        0.8133553393482811,
        0.07661427083379552
      ],
      [
        0.010245396902626432,
        0.06094043050789421,
        0.2278726661669821,
        0.042129968787017524,
        0.008114451989652537,
        0.6506970856458272
      ],
      [
        0.0012521185451369941,
        0.14700855957486395,
        0.0466609309802268,
        0.030616695566881107,
        0.005123092615290554,
        0.7693386027176007
      ],
      [
        0.005963703087269618,
        0.01721274976362902,
        0.03584400476137013,
        0.0055848507535331115,
        0.0028555717056448163,
        0.9325391199285533
      ],
      [
        0.0043326243320378705,
        0.025701565297156698,
        0.1166200944174285,
        0.01624735701070187,
        0.02754412581258065,
        0.8095542331300944
      ],
      [
        0.008882974536057804,
        0.010031296940917136,
        0.0033473796996954445,
        0.2433155118412608,
        0.6230937291093845,
        0.11132910787268421
      ],
      [
        0.00010913298171639219,
        0.003396363466823392,
        0.005814238480583518,
        0.003485641579465892,
        0.04458579044166373,
        0.9426088330497471
      ],
      [
        0.0008200678554179603,
        0.07346611440571615,
        0.006242066076263121,
        0.5432049796765154,
        0.3332444077401966,
        0.04302236424589068
      ],
      [
        0.0015495134371382327,
        0.008766370723584044,
        0.020876065935788994,
        0.0004599956296087576,
        0.005236373699703711,
        0.9631116805741762
      ],
      [
        0.8665750311017766,
        0.008240369648655791,
        0.10585497826095282,
        0.0006676474065164936,
        0.01648112165531814,
        0.002180851926780191
      ],
      [
        0.01770567298363922,
        0.19393187915051452,
        0.34880790001324297,
        0.027647102539526947,
        0.0679205708208235,
        0.34398687449225285
      ],
      [
        0.7846247331793842,
        0.10943405214841101,
        0.08665102981053126,
        0.01637339564531936,
        0.001994868859626481,
        0.0009219203567274548
      ],
      [
        0.17780476567507922,
        0.22868907838326324,
        0.033029058539221,
        0.011124903217477793,
        0.022703578542352398,
        0.5266486156426063
      ],
      [
        0.23289885897711202,
        0.07152589183830481,
        0.6719273333094089,
        0.011170419118393528,
        0.005824953269479842,
        0.006652543487300895
      ],
      [
        0.841443078228758,
        0.09621707188076074,
        0.04063963422211863,
        0.01960406704305153,
        0.0014137558328034552,
        0.0006823927925077953
      ],
      [
        0.0027233283949998134,
        0.1418711250871143,
        0.019402951700994386,
        0.004085406778280597,
        0.011182117929123265,
        0.8207350701094877
      ],
      [
        0.41857310701331113,
        0.1753819665820061,
        0.39035972624548,
        0.013113938923722193,
        0.0009281523875015501,
        0.00164310884797899
      ],
      [
        0.8622835406062328,
        0.12665061688256785,
        0.0021483534533704492,
        0.002570652907185429,
        0.00533230731392837,
        0.0010145288367148018
      ],
      [
        0.0008641307330995318,
        0.11013247924350804,
        0.034081374980579254,
        0.014504869117742725,
        0.009988047468373713,
        0.8304290984566968
      ],
      [
        0.010341325808674489,
        0.5339925121446638,
        0.021147163386516055,
        0.018552712894717906,
        0.02813255580532567,
        0.38783372996010196
      ],
      [
        0.5047003199161293,
        0.4189631490131901,
        0.04557112626740289,
        0.022704162548314196,
        0.0008598983936764562,
        0.0072013438612870476
      ],
      [
        0.9003430435380556,
        0.02028261123281106,
        0.0690016764435815,
        0.0029323737895534724,
        0.003868740375857752,
        0.003571554620140754
      ],
      [
        0.00431280810162436,
        0.6056436899728667,
        0.0016431560534393328,
        0.00129266103737235,
        0.038371459249124114,
        0.34873622558557327
      ],
      [
        0.22151779138105762,
        0.7611420407853899,
        0.009988257811949463,
        0.0037672617757829605,
        0.0029188341331293248,
        0.0006658141126905892
      ],
      [
        0.14566338936793502,
        0.10761721958695507,
        0.6705695156268717,
        0.0381163627220615,
        0.0023523581473760347,
        0.03568115454880062
      ],
      [
        0.6742468165963389,
        0.10883801120441206,
        0.19951286382180097,
        0.00651442088425602,
        0.006820606452702631,
        0.004067281040489309
      ],
      [
        0.5744128135879873,
        0.263581164638209,
        0.1525525484544615,
        0.005970729972972437,
        0.0010751343546329167,
        0.002407608991736751
      ],
      [
        0.003940672356470448,
        0.9503363747150901,
        0.008740582052115305,
        0.03288372548393276,
        0.0006722790178351705,
        0.003426366374556397
      ],
      [
        0.81278395922862,
        0.07132813648471603,
        0.10638213365657001,
        0.004622016135162912,
        0.004395567006547363,
        0.00048818748838363687
      ],
      [
        0.005457703667877085,
        0.4760347695271238,
        0.039584203149429516,
        0.011350758917091376,
        0.017488381470229783,
        0.45008418326824823
      ],
      [
        0.08630497953150199,
        0.4137492059462715,
        0.4402759340485055,
        0.0007639485804275309,
        0.008121326347307287,
        0.0507846055459863
      ],
      [
        0.5105108164176322,
        0.26607067860835537,
        0.21831862764785495,
        0.0023777090248593364,
        0.0006411678030996376,
        0.0020810004981983883
      ],
      [
        0.009892731537323505,
        0.049765301390497604,
        0.015195540841204544,
        0.07940907755341423,
        0.012294427564725789,
        0.8334429211128342
      ],
      [
        0.04940541400627137,
        0.008366262709835759,
        0.031205962409230785,
        0.45250495189340395,
        0.3825510684979663,
        0.07596634048329186
      ],
      [
        0.01521175847588925,
        0.3382239184628299,
        0.008545503065925704,
        0.021420820018087476,
        0.009723255348125001,
        0.6068747446291427
      ],
      [
        0.010418414144576463,
        0.024654988706350356,
        0.014767050427169415,
        0.22656924726184557,
        0.28492455162140423,
        0.438665747838654
      ],
      [
        0.005920858090082209,
        0.004804275316777414,
        0.019234352039813725,
        0.03735317048246754,
        0.0023596795489094886,
        0.9303276645219496
      ],
      [
        0.0023718824114892286,
        0.02711628542249919,
        0.007065916321269636,
        0.06721624834842341,
        0.017394812118913902,
        0.8788348553774048
      ],
      [
        0.005313535654251927,
        0.04143897606868444,
        0.004531986838821402,
        0.02343779854508696,
        0.0013866464291864254,
        0.9238910564639687
      ],
      [
        0.0009513018254556151,
        0.029178926236805847,
        0.016394231144016193,
        0.012282929554485539,
        0.011499672667486985,
        0.9296929385717498
      ],
      [
        0.04151461361693687,
        0.34763776624573334,
        0.5674976036809468,
        0.021796022509053745,
        0.015030167287270996,
        0.006523826660058238
      ],
      [
        0.0018876161072786972,
        0.11516016507858497,
        0.00973563176290924,
        0.13417188397361773,
        0.01897610995446737,
        0.720068593123142
      ],
      [
        0.002234405560351931,
        0.007656621311459339,
        0.0009913803992867038,
        0.06362342488307399,
        0.9210376412106336,
        0.004456526635194488
      ],
      [
        0.013699222292077139,
        0.03796301911465995,
        0.001719631052311132,
        0.14627221904370039,
        0.7857075947715993,
        0.01463831372565199
      ],
      [
        0.0032618689752594446,
        0.0016617980957625551,
        0.004696630976134251,
        0.06404870530155184,
        0.8190309121173435,
        0.10730008453394839
      ],
      [
        0.04674450812871759,
        0.005838856355010427,
        0.0006376611514891016,
        0.7941418569067265,
        0.12229145966889537,
        0.030345657789161106
      ],
      [
        0.00018304227149692535,
        0.029924828556875754,
        0.0033930351243995002,
        0.1718245305461574,
        0.7854112877721534,
        0.009263275728917053
      ],
      [
        0.0028525080873365197,
        0.013819321274696185,
        0.03465110229659742,
        0.28586300884367016,
        0.6442130458187363,
        0.018601013678963246
      ],
      [
        0.005542832188016978,
        0.060074926059659195,
        0.01612231749038548,
        0.3378342234237955,
        0.4726629137487035,
        0.10776278708943934
      ],
      [
        0.005459120004058241,
        0.045425428083052895,
        0.008788134671916675,
        0.12224753879789393,
        0.8061271318580164,
        0.011952646585061838
      ],
      [
        0.0003358137047812643,
        0.03482985626676847,
        0.005629193169092021,
        0.09063805375355462,
        0.8066941189663986,
        0.06187296413940499
      ],
      [
        0.013591053860880033,
        0.06248984003887709,
        0.0021218601309132856,
        0.049037381522834406,
        0.5315938525235804,
        0.34116601192291474
      ],
      [
        0.0197948470021098,
        0.03184973019390904,
        0.13460351303481166,
        0.30794301574339744,
        0.017591495704589576,
        0.4882173983211825
      ],
      [
        0.8343339599360273,
        0.09465684428541148,
        0.0025463662272399343,
        0.06561969930741607,
        0.0013469278070244695,
        0.0014962024368807805
      ],
      [
        0.8035357629641037,
        0.0019926083218974916,
        0.0007298169201866937,
        0.12243525624874715,
        0.06091534105511783,
        0.010391214489947315
      ],
      [
        0.4522698078067074,
        0.015053085070036012,
        0.001526131860165163,
        0.38333323109757195,
        0.14652678901612273,
        0.0012909551493967984
      ],
      [
        0.014536541663136858,
        0.0880459081623373,
        0.004756346874547569,
        0.12848748406597635,
        0.4736584370434165,
        0.2905152821905855
      ],
      [
        0.012101532268099138,
        0.016089775813204848,
        0.02839667646558029,
        0.6345160599513276,
        0.02457246243468006,
        0.284323493067108
      ],
      [
        0.01938832383652036,
        0.020789627196550736,
        0.01980542331021305,
        0.2090877193947229,
        0.0070012039518661685,
        0.7239277023101267
      ],
      [
        0.0016724181956283947,
        0.0067566302919711465,
        0.009117869034332236,
        0.28028062597134784,
        0.05733547864860744,
        0.644836977858113
      ],
      [
        0.0003426068184919668,
        0.005614405584332136,
        0.002158068360725452,
        0.0914275376326647,
        0.8430923725292745,
        0.05736500907451135
      ],
      [
        0.09944068083946705,
        0.03532762187830096,
        0.01726324317485909,
        0.3096869009411355,
        0.34997787889248827,
        0.18830367427374908
      ]
    ],
    "predictions": [
      5,
      5,
      0,
      0,
      0,
      0,
      2,
      0,
      0,
      0,
      5,
      2,
      3,
      5,
      3,
      5,
      5,
      5,
      3,
      5,
      5,
      3,
      5,
      5,
      5,
      5,
      5,
      5,
      5,
      3,
      5,
      5,
      5,
      5,
      5,
      5,
      5,
      5,
      5,
      1,
      5,
      5,
      5,
      5,
      5,
      3,
      4,
      5,
      5,
      5,
      5,
      4,
      5,
      3,
      5,
      0,
      2,
      0,
      5,
      2,
      0,
      5,
      0,
      0,
      5,
      1,
      0,
      0,
      1,
      1,
      2,
      0,
      0,
      1,
      0,
      1,
      2,
      0,
      5,
      3,
      5,
      5,
      5,
      5,
      5,
      5,
      2,
      5,
      4,
      4,
      4,
      3,
      4,
      4,
      4,
      4,
      4,
      4,
      5,
      0,
      0,
      0,
      4,
      3,
      5,
      5,
      4,
      4
    ],
    "true_labels": [
      0,
      0,
      0,
      0,
      0,
      0,
      0,
      0,
      0,
      0,
      0,
      0,
      0,
      0,
      0,
      0,
      0,
      0,
      0,
      0,
      0,
      0,
      0,
      0,
      0,
      0,
      0,
      0,
      0,
      0,
      5,
      5,
      5,
      5,
      5,
      5,
      5,
      5,
      5,
      5,
      5,
      5,
      5,
      5,
      5,
      5,
      5,
      5,
      5,
      5,
      5,
      5,
      5,
      5,
      5,
      1,
      1,
      1,
      1,
      1,
      1,
      1,
      1,
      1,
      1,
      1,
      1,
      1,
      1,
      1,
      1,
      1,
      1,
      1,
      1,
      1,
      1,
      1,
      2,
      2,
      2,
      2,
      2,
      2,
      2,
      2,
      2,
      2,
      4,
      4,
      4,
      4,
      4,
      4,
      4,
      4,
      4,
      4,
      3,
      3,
      3,
      3,
      3,
      3,
      3,
      3,
      3,
      3
    ],
    "patient_ids": [
      "201",
      "202",
      "203",
      "204",
      "205",
      "206",
      "207",
      "208",
      "209",
      "210",
      "211",
      "212",
      "213",
      "214",
      "215",
      "216",
      "217",
      "218",
      "219",
      "220",
      "221",
      "222",
      "223",
      "224",
      "225",
      "226",
      "227",
      "228",
      "229",
      "230",
      "231",
      "232",
      "233",
      "234",
      "235",
      "236",
      "237",
      "238",
      "239",
      "240",
      "241",
      "242",
      "243",
      "244",
      "245",
      "246",
      "247",
      "248",
      "249",
      "250",
      "251",
      "252",
      "253",
      "254",
      "255",
      "256",
      "257",
      "258",
      "259",
      "260",
      "261",
      "262",
      "264",
      "265",
      "266",
      "267",
      "269",
      "270",
      "271",
      "272",
      "273",
      "274",
      "275",
      "276",
      "277",
      "278",
      "279",
      "280",
      "281",
      "282",
      "283",
      "284",
      "285",
      "286",
      "287",
      "288",
      "289",
      "290",
      "291",
      "292",
      "293",
      "294",
      "295",
      "296",
      "297",
      "298",
      "299",
      "300",
      "301",
      "302",
      "303",
      "304",
      "305",
      "306",
      "307",
      "308",
      "309",
      "310"
    ]
  },
  "roc_auc": {
    "macro_auc": 0.7582188533497239,
    "per_class_auc": {
      "NOR": 0.6705128205128206,
      "HCM": 0.8680306905370844,
      "ARR": 0.42040816326530617,
      "CIA": 0.8306122448979592,
      "FALL": 0.9693877551020408,
      "LV": 0.7903614457831325
    }
  },
  "binary": {
    "accuracy": 0.6759259259259259,
    "f1": 0.7904191616766467,
    "sensitivity": 0.8461538461538461,
    "specificity": 0.23333333333333334,
    "roc_auc": 0.6705128205128206,
    "binary_labels": [
      0,
      0,
      0,
      0,
      0,
      0,
      0,
      0,
      0,
      0,
      0,
      0,
      0,
      0,
      0,
      0,
      0,
      0,
      0,
      0,
      0,
      0,
      0,
      0,
      0,
      0,
      0,
      0,
      0,
      0,
      1,
      1,
      1,
      1,
      1,
      1,
      1,
      1,
      1,
      1,
      1,
      1,
      1,
      1,
      1,
      1,
      1,
      1,
      1,
      1,
      1,
      1,
      1,
      1,
      1,
      1,
      1,
      1,
      1,
      1,
      1,
      1,
      1,
      1,
      1,
      1,
      1,
      1,
      1,
      1,
      1,
      1,
      1,
      1,
      1,
      1,
      1,
      1,
      1,
      1,
      1,
      1,
      1,
      1,
      1,
      1,
      1,
      1,
      1,
      1,
      1,
      1,
      1,
      1,
      1,
      1,
      1,
      1,
      1,
      1,
      1,
      1,
      1,
      1,
      1,
      1,
      1,
      1
    ],
    "binary_probs": [
      0.9929786961230803,
      0.9850472010212763,
      0.07204726651361604,
      0.4576016658572897,
      0.06710236425100002,
      0.10958419526516805,
      0.6063851511110083,
      0.15486494770339332,
      0.058304926391293255,
      0.12272269169573735,
      0.9903797070985221,
      0.993436066202936,
      0.9918302109773814,
      0.9823054090164504,
      0.9866978426875487,
      0.9848219699952818,
      0.9751523309393753,
      0.9949521046290787,
      0.9898741226707161,
      0.9862316675033911,
      0.961233783216876,
      0.977884814099521,
      0.9967378117718119,
      0.9870219190021035,
      0.9822499205347514,
      0.9987302457793431,
      0.9520775883347684,
      0.9957998033143003,
      0.9095051912652599,
      0.9378992015840553,
      0.9947964523853444,
      0.9996555339635455,
      0.9997014904035538,
      0.9923184190606202,
      0.995456805510549,
      0.9926069068727604,
      0.9948745311570444,
      0.9964301505891255,
      0.9973234562222101,
      0.9724775406381744,
      0.9992552049469123,
      0.9991071525074396,
      0.9906537054768657,
      0.9988378048495566,
      0.9997753203633258,
      0.9975437868332702,
      0.9908111146422343,
      0.9897546030973736,
      0.998747881454863,
      0.9940362969127304,
      0.9956673756679622,
      0.9911170254639422,
      0.9998908670182836,
      0.999179932144582,
      0.9984504865628617,
      0.13342496889822342,
      0.9822943270163608,
      0.2153752668206158,
      0.8221952343249208,
      0.767101141022888,
      0.15855692177124203,
      0.9972766716050002,
      0.5814268929866888,
      0.1377164593937672,
      0.9991358692669005,
      0.9896586741913255,
      0.4952996800838707,
      0.09965695646194439,
      0.9956871918983756,
      0.7784822086189424,
      0.854336610632065,
      0.3257531834036611,
      0.42558718641201265,
      0.9960593276435296,
      0.18721604077138,
      0.9945422963321229,
      0.913695020468498,
      0.4894891835823678,
      0.9901072684626765,
      0.9505945859937286,
      0.9847882415241107,
      0.9895815858554236,
      0.9940791419099178,
      0.9976281175885108,
      0.994686464345748,
      0.9990486981745443,
      0.9584853863830631,
      0.9981123838927213,
      0.9977655944396481,
      0.9863007777079229,
      0.9967381310247405,
      0.9532554918712824,
      0.9998169577285031,
      0.9971474919126635,
      0.994457167811983,
      0.9945408799959418,
      0.9996641862952187,
      0.98640894613912,
      0.9802051529978902,
      0.16566604006397267,
      0.19646423703589633,
      0.5477301921932927,
      0.9854634583368631,
      0.9878984677319008,
      0.9806116761634797,
      0.9983275818043716,
      0.999657393181508,
      0.900559319160533
    ]
  }
}