{
  "config": {
    "dataset": "mnm2",
    "backbone": "dinov3",
    "model_name": "dinov3_vits16",
    "eval_mode": "logreg",
    "pooling": "gap",
    "embed_dim": 384,
    "best_hyperparam": 3.1622776985168457,
    "hyperparam_name": "C",
    "num_classes": 6,
    "class_names": [
      "NOR",
      "HCM",
      "ARR",
      "CIA",
      "FALL",
      "LV"
    ]
  },
  "sweep_results": [
    {
      "param_value": 9.999999974752427e-07,
      "mean_cv_acc": 0.17857142857142858,
      "std_cv_acc": 0.0
    },
    {
      "param_value": 1.7782793975129607e-06,
      "mean_cv_acc": 0.17857142857142858,
      "std_cv_acc": 0.0
    },
    {
      "param_value": 3.1622776077711023e-06,
      "mean_cv_acc": 0.17857142857142858,
      "std_cv_acc": 0.0
    },
    {
      "param_value": 5.6234130170196295e-06,
      "mean_cv_acc": 0.17857142857142858,
      "std_cv_acc": 0.0
    },
    {
      "param_value": 9.999999747378752e-06,
      "mean_cv_acc": 0.17857142857142858,
      "std_cv_acc": 0.0
    },
    {
      "param_value": 1.778279329300858e-05,
      "mean_cv_acc": 0.17857142857142858,
      "std_cv_acc": 0.0
    },
    {
      "param_value": 3.162277789670043e-05,
      "mean_cv_acc": 0.25,
      "std_cv_acc": 0.0
    },
    {
      "param_value": 5.62341338081751e-05,
      "mean_cv_acc": 0.25,
      "std_cv_acc": 0.0
    },
    {
      "param_value": 9.999999747378752e-05,
      "mean_cv_acc": 0.2857142857142857,
      "std_cv_acc": 0.0
    },
    {
      "param_value": 0.00017782794020604342,
      "mean_cv_acc": 0.32142857142857145,
      "std_cv_acc": 0.0
    },
    {
      "param_value": 0.0003162277571391314,
      "mean_cv_acc": 0.32142857142857145,
      "std_cv_acc": 0.0
    },
    {
      "param_value": 0.000562341301701963,
      "mean_cv_acc": 0.39285714285714285,
      "std_cv_acc": 0.0
    },
    {
      "param_value": 0.0010000000474974513,
      "mean_cv_acc": 0.42857142857142855,
      "std_cv_acc": 0.0
    },
    {
      "param_value": 0.0017782794311642647,
      "mean_cv_acc": 0.4642857142857143,
      "std_cv_acc": 0.0
    },
    {
      "param_value": 0.003162277629598975,
      "mean_cv_acc": 0.4642857142857143,
      "std_cv_acc": 0.0
    },
    {
      "param_value": 0.005623413249850273,
      "mean_cv_acc": 0.4642857142857143,
      "std_cv_acc": 0.0
    },
    {
      "param_value": 0.009999999776482582,
      "mean_cv_acc": 0.4642857142857143,
      "std_cv_acc": 0.0
    },
    {
      "param_value": 0.017782794311642647,
      "mean_cv_acc": 0.4642857142857143,
      "std_cv_acc": 0.0
    },
    {
      "param_value": 0.03162277489900589,
      "mean_cv_acc": 0.4642857142857143,
      "std_cv_acc": 0.0
    },
    {
      "param_value": 0.05623413249850273,
      "mean_cv_acc": 0.4642857142857143,
      "std_cv_acc": 0.0
    },
    {
      "param_value": 0.10000000149011612,
      "mean_cv_acc": 0.4642857142857143,
      "std_cv_acc": 0.0
    },
    {
      "param_value": 0.17782793939113617,
      "mean_cv_acc": 0.4642857142857143,
      "std_cv_acc": 0.0
    },
    {
      "param_value": 0.3162277638912201,
      "mean_cv_acc": 0.5,
      "std_cv_acc": 0.0
    },
    {
      "param_value": 0.5623413324356079,
      "mean_cv_acc": 0.5,
      "std_cv_acc": 0.0
    },
    {
      "param_value": 1.0,
      "mean_cv_acc": 0.5,
      "std_cv_acc": 0.0
    },
    {
      "param_value": 1.778279423713684,
      "mean_cv_acc": 0.5,
      "std_cv_acc": 0.0
    },
    {
      "param_value": 3.1622776985168457,
      "mean_cv_acc": 0.5357142857142857,
      "std_cv_acc": 0.0
    },
    {
      "param_value": 5.6234130859375,
      "mean_cv_acc": 0.5357142857142857,
      "std_cv_acc": 0.0
    },
    {
      "param_value": 10.0,
      "mean_cv_acc": 0.5357142857142857,
      "std_cv_acc": 0.0
    },
    {
      "param_value": 17.782794952392578,
      "mean_cv_acc": 0.5,
      "std_cv_acc": 0.0
    },
    {
      "param_value": 31.62277603149414,
      "mean_cv_acc": 0.5,
      "std_cv_acc": 0.0
    },
    {
      "param_value": 56.234130859375,
      "mean_cv_acc": 0.5,
      "std_cv_acc": 0.0
    },
    {
      "param_value": 100.0,
      "mean_cv_acc": 0.5,
      "std_cv_acc": 0.0
    },
    {
      "param_value": 177.82794189453125,
      "mean_cv_acc": 0.5,
      "std_cv_acc": 0.0
    },
    {
      "param_value": 316.2277526855469,
      "mean_cv_acc": 0.5,
      "std_cv_acc": 0.0
    },
    {
      "param_value": 562.34130859375,
      "mean_cv_acc": 0.5,
      "std_cv_acc": 0.0
    },
    {
      "param_value": 1000.0,
      "mean_cv_acc": 0.5,
      "std_cv_acc": 0.0
    },
    {
      "param_value": 1778.2794189453125,
      "mean_cv_acc": 0.5,
      "std_cv_acc": 0.0
    },
    {
      "param_value": 3162.277587890625,
      "mean_cv_acc": 0.5,
      "std_cv_acc": 0.0
    },
    {
      "param_value": 5623.4130859375,
      "mean_cv_acc": 0.5,
      "std_cv_acc": 0.0
    },
    {
      "param_value": 10000.0,
      "mean_cv_acc": 0.5,
      "std_cv_acc": 0.0
    },
    {
      "param_value": 17782.794921875,
      "mean_cv_acc": 0.5,
      "std_cv_acc": 0.0
    },
    {
      "param_value": 31622.77734375,
      "mean_cv_acc": 0.5,
      "std_cv_acc": 0.0
    },
    {
      "param_value": 56234.1328125,
      "mean_cv_acc": 0.5,
      "std_cv_acc": 0.0
    },
    {
      "param_value": 100000.0,
      "mean_cv_acc": 0.5,
      "std_cv_acc": 0.0
    }
  ],
  "five_way": {
    "accuracy": 0.4537037037037037,
    "macro_f1": 0.40569575857821927,
    "macro_sensitivity": 0.4529951690821256,
    "macro_specificity": 0.8867535645707155,
    "per_class_sensitivity": {
      "NOR": 0.26666666666666666,
      "HCM": 0.391304347826087,
      "ARR": 0.0,
      "CIA": 0.5,
      "FALL": 0.8,
      "LV": 0.76
    },
    "per_class_specificity": {
      "NOR": 0.8589743589743589,
      "HCM": 0.9529411764705882,
      "ARR": 0.9795918367346939,
      "CIA": 0.8571428571428571,
      "FALL": 0.9489795918367347,
      "LV": 0.7228915662650602
    },
    "confusion_matrix": [
      [
        8,
        1,
        1,
        8,
        0,
        12
      ],
      [
        10,
        9,
        1,
        0,
        0,
        3
      ],
      [
        0,
        2,
        0,
        2,
        1,
        5
      ],
      [
        1,
        0,
        0,
        5,
        2,
        2
      ],
      [
        0,
        0,
        0,
        1,
        8,
        1
      ],
      [
        0,
        1,
        0,
        3,
        2,
        19
      ]
    ],
    "classification_report": {
      "NOR": {
        "precision": 0.42105263157894735,
        "recall": 0.26666666666666666,
        "f1-score": 0.32653061224489793,
        "support": 30.0
      },
      "HCM": {
        "precision": 0.6923076923076923,
        "recall": 0.391304347826087,
        "f1-score": 0.5,
        "support": 23.0
      },
      "ARR": {
        "precision": 0.0,
        "recall": 0.0,
        "f1-score": 0.0,
        "support": 10.0
      },
      "CIA": {
        "precision": 0.2631578947368421,
        "recall": 0.5,
        "f1-score": 0.3448275862068966,
        "support": 10.0
      },
      "FALL": {
        "precision": 0.6153846153846154,
        "recall": 0.8,
        "f1-score": 0.6956521739130435,
        "support": 10.0
      },
      "LV": {
        "precision": 0.4523809523809524,
        "recall": 0.76,
        "f1-score": 0.5671641791044776,
        "support": 25.0
      },
      "accuracy": 0.4537037037037037,
      "macro avg": {
        "precision": 0.40738063106484157,
        "recall": 0.4529951690821256,
        "f1-score": 0.40569575857821927,
        "support": 108.0
      },
      "weighted avg": {
        "precision": 0.450459303529479,
        "recall": 0.4537037037037037,
        "f1-score": 0.4248131522792433,
        "support": 108.0
      }
    },
    "probabilities": [
      [
        0.005812193477162461,
        0.06152102284315128,
        0.0048687791518362555,
        0.027209798828856758,
        3.386286824084781e-05,
        0.9005543428307524
      ],
      [
        0.0051631073744658335,
        0.011027785462544135,
        0.051816016835756734,
        0.012740662258705003,
        0.03138212011195728,
        0.8878703079565711
      ],
      [
        0.9003960917607763,
        0.09881196601824527,
        3.7320161672241494e-07,
        0.0007908923708771424,
        2.5370483227130244e-07,
        4.229436522792537e-07
      ],
      [
        0.9934497260446981,
        0.004289862689218673,
        0.0013946698312749992,
        0.0007278852675684269,
        6.248924551697295e-06,
        0.00013160724268809187
      ],
      [
        0.9990756179825522,
        4.777107049849877e-08,
        6.871725797291105e-07,
        0.0009009051881317938,
        2.2533001854779086e-05,
        2.0888381121375327e-07
      ],
      [
        0.9924073762137101,
        9.273736466411094e-07,
        0.006879358423652255,
        0.000298337939936835,
        5.608495100219399e-06,
        0.0004083915539536829
      ],
      [
        0.8275158960432991,
        1.6507339950615384e-05,
        0.17113008700211285,
        0.0004169751184021837,
        0.00011995310883663699,
        0.0008005813873986696
      ],
      [
        0.9991105655857113,
        2.4917199796443845e-06,
        0.0005812160887339055,
        0.00018179205131327612,
        9.445768118315018e-06,
        0.00011448878614364133
      ],
      [
        0.984824636693372,
        4.015076591228295e-08,
        0.014952372295924434,
        0.00017348444361707147,
        4.8956679017169155e-05,
        5.097373036974539e-07
      ],
      [
        0.9918468168301707,
        2.550790851870013e-07,
        0.007713669766924668,
        0.0004320404674326533,
        4.108116038910788e-06,
        3.109740348121386e-06
      ],
      [
        0.008011380328770915,
        0.0005134384692932193,
        0.008225593314987545,
        0.007390189465287699,
        0.24820403418967557,
        0.7276553642319852
      ],
      [
        0.00134510778604645,
        0.00444362089895122,
        0.8814466971702001,
        0.07730119359262438,
        0.004201839764222919,
        0.03126154078795475
      ],
      [
        0.00019857124856267108,
        0.0004519564103541016,
        7.575884083893026e-05,
        0.9897179865130826,
        1.6854692759360856e-07,
        0.009555558440234077
      ],
      [
        0.008637511390037699,
        0.0001705606420838727,
        0.17196471180847167,
        0.6429048215997688,
        0.011949535134392824,
        0.1643728594252451
      ],
      [
        0.0009327152074701884,
        0.013078386710580796,
        0.0005364999135380658,
        0.9773152562840893,
        5.919573803330125e-06,
        0.008131222310518361
      ],
      [
        0.0004104947638708287,
        0.0025560034441386,
        0.3294008056554891,
        0.019758762383080677,
        0.001953587059844693,
        0.645920346693576
      ],
      [
        0.02562324984377989,
        0.0004556145400303146,
        0.00043839871230429503,
        0.005824072117358269,
        0.003609064591862826,
        0.9640496001946645
      ],
      [
        0.0007997762802816622,
        0.8162841064236983,
        0.024285767707655125,
        0.009765291525993987,
        0.0004248893061196602,
        0.14844016875625124
      ],
      [
        0.00011228921840846779,
        0.004597566036609784,
        0.0006316282487593464,
        0.8819646628161273,
        4.858013447041427e-06,
        0.11268899566664801
      ],
      [
        0.0007894965070869246,
        0.00040567742623150225,
        0.0065577062599128585,
        0.5791819129504685,
        0.0018337444596623388,
        0.41123146239663794
      ],
      [
        0.03267593761916275,
        0.0010958178766459247,
        0.030253634473765435,
        0.00504498443388198,
        0.13887826410711884,
        0.792051361489425
      ],
      [
        0.30925733701535757,
        3.4007004963268298e-06,
        1.622651485133933e-05,
        0.4539962923439711,
        4.3371102693970944e-05,
        0.23668337232262973
      ],
      [
        0.001498658877228166,
        0.00043703380743790286,
        0.15965303871248113,
        0.0003759455474837987,
        0.0007573523021430152,
        0.8372779707532259
      ],
      [
        0.011944847207866255,
        0.0221895255521926,
        0.0008822377348495676,
        0.09715118008999234,
        0.00019471604717772288,
        0.8676374933679215
      ],
      [
        0.00013367519233901056,
        0.00015474544869451034,
        0.0001552638795148936,
        0.0013700797365480933,
        6.859868580373727e-05,
        0.9981176370570999
      ],
      [
        0.00040747443422069673,
        0.00031811214543557526,
        0.0010955664031924584,
        0.004038877378803885,
        3.2437087258758916e-07,
        0.9941396452674748
      ],
      [
        0.17216037191410793,
        0.0027528296170553023,
        0.10109209614423285,
        0.03561805365852835,
        0.00043242967765080284,
        0.6879442189884248
      ],
      [
        0.00022319440289624937,
        0.002062027016651662,
        0.002406166822593273,
        0.0856607266968158,
        3.978809221024835e-05,
        0.9096080969688327
      ],
      [
        0.011775570614680967,
        0.4055552765966419,
        0.006263717363731281,
        0.47753504620221904,
        1.1794278643859755e-05,
        0.09885859494408286
      ],
      [
        0.024487350751885663,
        0.003909778660913268,
        0.0025412345516071517,
        0.9415928638484774,
        0.00026979161547305953,
        0.02719898057164349
      ],
      [
        9.603246077691728e-05,
        0.01075732666045278,
        6.05916007391613e-06,
        0.002470928601271781,
        9.95268471603416e-05,
        0.9865701262702643
      ],
      [
        7.11874362682247e-06,
        0.0002426778413907978,
        0.0006670149536951847,
        1.3802533930147216e-05,
        0.001522330935335354,
        0.9975470549920217
      ],
      [
        8.555718005358396e-06,
        0.01641275749523026,
        0.20560153016015137,
        0.002719229804029562,
        0.0002591817376653968,
        0.7749987450849181
      ],
      [
        0.00020361082418161102,
        0.00010184042429966023,
        0.017127221913866474,
        0.42454490461358857,
        0.0014627062755375344,
        0.5565597159485262
      ],
      [
        0.0003776832123146265,
        0.00014272296848146207,
        0.30014851904834455,
        0.1039331396613879,
        0.1911304825007309,
        0.4042674526087406
      ],
      [
        1.8014488468026075e-05,
        2.228963711745815e-05,
        0.0003028087726715174,
        0.5760864222715203,
        0.0005974808128597021,
        0.42297298401736305
      ],
      [
        0.001044984537821203,
        0.037067265016532853,
        0.041977503298489406,
        0.0077493910656060705,
        0.00021183005840420143,
        0.9119490260231463
      ],
      [
        6.430597579442739e-05,
        8.989480509970995e-06,
        0.0010972408979832166,
        1.8745444845859514e-05,
        0.00010878940778346267,
        0.9987019287930831
      ],
      [
        6.781482643325263e-05,
        0.08119254434643618,
        0.0004726194038864496,
        0.16369868774924903,
        3.293617415459588e-05,
        0.7545353974998403
      ],
      [
        0.0001018084382929547,
        0.7245403863902489,
        0.061908621810206586,
        0.20353703644198118,
        0.006605371626239084,
        0.0033067752930313397
      ],
      [
        7.803419700297604e-05,
        0.000443879076061832,
        0.022878859551205943,
        0.0004663707098719875,
        0.0017210201833022922,
        0.974411836282555
      ],
      [
        5.790843502406439e-09,
        0.0034607173758864017,
        9.425146233436349e-05,
        1.7266319739125893e-05,
        0.0008274688331936737,
        0.9956002902180029
      ],
      [
        0.000851293334121245,
        0.14311759473128935,
        0.2630735373654581,
        0.10336388254214267,
        0.00027905753739112914,
        0.48931463448959756
      ],
      [
        7.41876426070978e-05,
        0.0014282362252674206,
        0.033016857679154014,
        0.08655087810257517,
        0.007012091665820595,
        0.8719177486845757
      ],
      [
        3.3194011127488404e-08,
        0.0026094974899922687,
        4.823545464500587e-06,
        4.534014752442754e-06,
        0.0038722965655867397,
        0.993508815190193
      ],
      [
        0.00044803513582197834,
        0.0005994979600459385,
        0.000515262919130071,
        0.23251591501280738,
        0.012442190331030686,
        0.7534790986411639
      ],
      [
        4.721524392735269e-06,
        0.00014559849810284192,
        0.00024524149128216013,
        0.0003334911484555074,
        0.9952641728252509,
        0.004006774512515667
      ],
      [
        1.8558791655805318e-06,
        0.0002068746302320263,
        0.46417963723829814,
        0.5110298773544313,
        0.00024299028414094702,
        0.024338764613732102
      ],
      [
        8.086689981588819e-05,
        0.001904340278422279,
        0.00017074568485472965,
        0.00253578118906493,
        0.0001631843136591051,
        0.995145081634183
      ],
      [
        2.805519428099129e-06,
        3.725795759282051e-05,
        0.004990507155383676,
        0.0009661585638489392,
        2.2850059987411167e-05,
        0.9939804207437591
      ],
      [
        0.0005076142226407382,
        5.377264294876504e-05,
        0.06049192222384904,
        0.0001792351852038387,
        0.0005694870487273417,
        0.9381979686766303
      ],
      [
        0.00506460414482006,
        8.915313564732011e-07,
        0.0194079386659066,
        0.00735301356063834,
        0.8484028777118904,
        0.11977067438538816
      ],
      [
        1.7117518088787078e-07,
        1.4913623615414554e-06,
        4.907755707897774e-05,
        5.066512889777646e-06,
        0.002661399006037088,
        0.9972827943864518
      ],
      [
        0.00022315764486659508,
        0.025229187351383933,
        0.004099106899948807,
        0.41607374045198653,
        0.41088622401523606,
        0.14348858363657807
      ],
      [
        0.001940743479891214,
        6.631477719462405e-05,
        0.0003391819496521617,
        0.00023709975249584415,
        0.0002380300593212993,
        0.9971786299814449
      ],
      [
        0.9954629151647496,
        1.974067853820899e-05,
        0.0012316995187770887,
        0.00014217442797891805,
        0.003139034279093658,
        4.435930862403385e-06
      ],
      [
        7.141148947765293e-05,
        0.4912742457605132,
        0.21357882987672472,
        0.001382469458058627,
        0.006546552761173622,
        0.28714649065405207
      ],
      [
        0.8599174949566729,
        0.1310067359031586,
        0.0005545107893509988,
        0.00848285420970327,
        3.6900920789028374e-05,
        1.5032203253054329e-06
      ],
      [
        0.0001991063138343376,
        0.7676491893455587,
        0.0006055266919577714,
        0.02982225628857056,
        0.0006957853999209157,
        0.20102813596015762
      ],
      [
        0.9022977608933109,
        0.0251192482121075,
        0.07088088546530268,
        0.0012879464711547171,
        0.0003974412588120423,
        1.6717699311990242e-05
      ],
      [
        0.9984106083057754,
        0.0012160641771026322,
        3.9678874567569835e-05,
        0.0003199849420091486,
        1.3256194396392863e-05,
        4.075061489264181e-07
      ],
      [
        0.0005192592931191279,
        0.1574313729034298,
        0.05067547485776019,
        0.005343264191411931,
        0.004708915370840256,
        0.7813217133834388
      ],
      [
        0.7234103973563129,
        0.2713514865566937,
        0.0017151038766052584,
        0.003481660315432367,
        4.088319378011448e-05,
        4.687011755949396e-07
      ],
      [
        0.9831260466608335,
        0.01675233655978226,
        1.626219297877226e-05,
        2.8969400307182496e-05,
        7.632588668343555e-05,
        5.929941485640975e-08
      ],
      [
        7.552579269258438e-05,
        0.00263422256920239,
        0.04842201436658426,
        0.00012418074476952832,
        0.0006268988651107068,
        0.9481171576616405
      ],
      [
        0.005918212885103891,
        0.21398313830069443,
        0.0006905716001236399,
        0.017946077907997154,
        0.008637158859691643,
        0.7528248404463892
      ],
      [
        0.7198213726634467,
        0.2794676394673172,
        0.0005910240470139633,
        0.0001173042413724911,
        1.4551555425375946e-06,
        1.2044253072332094e-06
      ],
      [
        0.9982637120260456,
        5.9170439477484126e-05,
        0.001142620649274608,
        1.9043158195823903e-05,
        0.0005143228812277183,
        1.1308457789363006e-06
      ],
      [
        7.452286000984492e-05,
        0.9880281794073453,
        2.4985766102118893e-06,
        0.0001420656231124155,
        0.0007808496062052353,
        0.010971883926716951
      ],
      [
        0.046620329705752556,
        0.9533540329187344,
        1.100198093771136e-06,
        9.205696118452428e-06,
        1.5328467433850273e-05,
        3.0138667683997996e-09
      ],
      [
        0.0007972041695031755,
        0.0010535170338088402,
        0.988853451822204,
        0.009184730778816519,
        8.33172420936575e-05,
        2.777895357387889e-05
      ],
      [
        0.7082523495684045,
        0.09473915712284904,
        0.1925980678455118,
        0.0013304363391849281,
        0.0030691397944906467,
        1.0849329558879575e-05
      ],
      [
        0.042062084598610924,
        0.8554947727969225,
        0.09449784285491498,
        0.007099904324043337,
        0.0008216884198241767,
        2.3707005684222717e-05
      ],
      [
        0.0004317125692380973,
        0.9994650039767372,
        1.3729980012474997e-06,
        0.00010172049753697193,
        6.975392712331958e-08,
        1.202045594378604e-07
      ],
      [
        0.9081527584162603,
        0.09078800070833534,
        0.0004932982930214883,
        0.0001809243823465005,
        0.000384693325221109,
        3.24874815343395e-07
      ],
      [
        0.007602045545689145,
        0.6618153111847943,
        0.01905189151324706,
        0.008956718282313113,
        0.008510121937921063,
        0.29406391153603545
      ],
      [
        0.0005667358150747685,
        0.8561926494771113,
        0.1317783976745972,
        2.1616547878249812e-05,
        0.011280007441688897,
        0.00016059304364968407
      ],
      [
        0.3302773314351897,
        0.6206861665451503,
        0.048701427712996015,
        0.00024741768330746063,
        8.754633850522642e-05,
        1.1028485128162298e-07
      ],
      [
        0.0009932578598353108,
        0.006382295963175684,
        0.0005480150205091718,
        0.011457816958698809,
        0.013423273932340073,
        0.9671953402654411
      ],
      [
        0.000195480543117193,
        7.94528315871494e-06,
        0.00148358164955547,
        0.02010425617700226,
        0.9778739106571223,
        0.0003348256900441195
      ],
      [
        0.01869560638050344,
        0.9207892480455929,
        0.002065655357402309,
        0.00028710844504202266,
        1.2237572933132672e-05,
        0.058150144198525884
      ],
      [
        0.0001422517037424765,
        0.00018109530496073365,
        0.0019281719120158515,
        0.965799537323651,
        0.023732851979164537,
        0.008216091776465316
      ],
      [
        0.0008725275117348862,
        0.002765342231262231,
        0.0006891847707069061,
        0.6675625531307386,
        9.985429608345488e-07,
        0.3281093938125965
      ],
      [
        0.00030886287806103027,
        0.020965087961925272,
        8.674922461213405e-05,
        0.3064901771477283,
        0.002247005772994445,
        0.6699021170146788
      ],
      [
        0.00010673062094413712,
        0.046190290420664,
        0.0005996569419159896,
        0.0005949288669433793,
        2.603896230311589e-05,
        0.9524823541872294
      ],
      [
        5.31631021465285e-07,
        0.002973289520696913,
        1.7201729376530524e-05,
        0.00028963784726264403,
        0.0001392173378908547,
        0.9965801219337516
      ],
      [
        0.0009208092736904389,
        0.8862106056110851,
        0.08921637273187576,
        0.01172208149899173,
        0.011873258517994771,
        5.6872366362416025e-05
      ],
      [
        0.00012820359129082852,
        0.08017969076060509,
        0.0006748623936783426,
        0.011883567868455501,
        0.00035648499266183523,
        0.9067771903933085
      ],
      [
        1.464740471346666e-05,
        2.031582086644424e-05,
        1.4600010451593498e-05,
        0.011332749099038746,
        0.9886136220746511,
        4.065590278715396e-06
      ],
      [
        0.0005193272406425473,
        1.896508263270673e-05,
        1.4334815170467747e-05,
        0.004701219943567698,
        0.9946727939461087,
        7.335897187780969e-05
      ],
      [
        1.1225933014801699e-06,
        4.1237028606624056e-08,
        3.201963784697047e-05,
        0.00045034789528118944,
        0.9993399704445561,
        0.0001764981919856939
      ],
      [
        9.705885147821471e-06,
        1.3287818845076159e-06,
        2.0784129602434947e-05,
        0.9989986950522411,
        0.0009545215060955906,
        1.4964645028351155e-05
      ],
      [
        8.758175384522934e-05,
        0.004293942683430477,
        0.04748776481939836,
        0.010943415135302012,
        0.9365665465161845,
        0.0006207490918394386
      ],
      [
        4.826383468533546e-05,
        2.4095814509122416e-05,
        0.03444818884065948,
        0.0009268611373733205,
        0.9624358925489522,
        0.0021166978238205164
      ],
      [
        0.0008072604419205926,
        0.012459922044902315,
        0.0010945757644681261,
        0.22564845135894335,
        0.7531014978217951,
        0.006888292567970424
      ],
      [
        0.002332854910368582,
        0.02518703439313189,
        0.011271425038980291,
        0.013731058864502235,
        0.9469584283401864,
        0.0005191984528305405
      ],
      [
        3.532450219082602e-07,
        0.0008228639610150885,
        0.002361514885768666,
        0.0017880742389758762,
        0.9942435040551109,
        0.0007836896141075046
      ],
      [
        3.1420509752259775e-06,
        0.02591278748890885,
        0.00018360512768513397,
        0.08182686178848145,
        0.02593582634365906,
        0.8661377772002903
      ],
      [
        0.00032595088388409686,
        0.000882988826799001,
        0.0008179253139944538,
        0.29206302871041967,
        0.004569275300996835,
        0.701340830963906
      ],
      [
        0.742777776672343,
        0.015289634996810806,
        0.0002597738689751766,
        0.24093913307216003,
        0.0005475069291979443,
        0.00018617446051294602
      ],
      [
        0.013206356733172376,
        4.090004052837091e-07,
        3.0335640884605093e-05,
        0.9726772879859797,
        0.013004913933608893,
        0.0010806967059490942
      ],
      [
        0.44564150940696357,
        0.0012379121605293085,
        1.6097884484290032e-06,
        0.5439113859587341,
        0.009207261345143438,
        3.2134018124925423e-07
      ],
      [
        0.0030462627408111907,
        0.0012763854779500347,
        0.0016668574034452012,
        0.4781965283576748,
        0.14097375157394157,
        0.3748402144461771
      ],
      [
        0.0004949237459446616,
        3.059584434273728e-06,
        0.008789504315086525,
        0.8733343788206993,
        0.017288562971703284,
        0.10008957056213187
      ],
      [
        0.000796554726097497,
        0.0024527474783192166,
        0.0005498524570619973,
        0.5579936418721154,
        0.003965258152685173,
        0.4342419453137208
      ],
      [
        0.00010442086699483228,
        5.33706943511918e-05,
        0.0002383235247828831,
        0.123044635633123,
        0.010356594657019462,
        0.8662026546237286
      ],
      [
        3.381823040235843e-06,
        1.8842598359844338e-07,
        3.7380017262104536e-07,
        0.000907098925145833,
        0.9956014458804973,
        0.003487511145160503
      ],
      [
        0.13348860865960835,
        3.465507821258148e-08,
        0.00015332753384609738,
        0.05141966103247641,
        0.5242727573230528,
        0.29066561079593806
      ]
    ],
    "predictions": [
      5,
      5,
      0,
      0,
      0,
      0,
      0,
      0,
      0,
      0,
      5,
      2,
      3,
      3,
      3,
      5,
      5,
      1,
      3,
      3,
      5,
      3,
      5,
      5,
      5,
      5,
      5,
      5,
      3,
      3,
      5,
      5,
      5,
      5,
      5,
      3,
      5,
      5,
      5,
      1,
      5,
      5,
      5,
      5,
      5,
      5,
      4,
      3,
      5,
      5,
      5,
      4,
      5,
      3,
      5,
      0,
      1,
      0,
      1,
      0,
      0,
      5,
      0,
      0,
      5,
      5,
      0,
      0,
      1,
      1,
      2,
      0,
      1,
      1,
      0,
      1,
      1,
      1,
      5,
      4,
      1,
      3,
      3,
      5,
      5,
      5,
      1,
      5,
      4,
      4,
      4,
      3,
      4,
      4,
      4,
      4,
      4,
      5,
      5,
      0,
      3,
      3,
      3,
      3,
      3,
      5,
      4,
      4
    ],
    "true_labels": [
      0,
      0,
      0,
      0,
      0,
      0,
      0,
      0,
      0,
      0,
      0,
      0,
      0,
      0,
      0,
      0,
      0,
      0,
      0,
      0,
      0,
      0,
      0,
      0,
      0,
      0,
      0,
      0,
      0,
      0,
      5,
      5,
      5,
      5,
      5,
      5,
      5,
      5,
      5,
      5,
      5,
      5,
      5,
      5,
      5,
      5,
      5,
      5,
      5,
      5,
      5,
      5,
      5,
      5,
      5,
      1,
      1,
      1,
      1,
      1,
      1,
      1,
      1,
      1,
      1,
      1,
      1,
      1,
      1,
      1,
      1,
      1,
      1,
      1,
      1,
      1,
      1,
      1,
      2,
      2,
      2,
      2,
      2,
      2,
      2,
      2,
      2,
      2,
      4,
      4,
      4,
      4,
      4,
      4,
      4,
      4,
      4,
      4,
      3,
      3,
      3,
      3,
      3,
      3,
      3,
      3,
      3,
      3
    ],
    "patient_ids": [
      "201",
      "202",
      "203",
      "204",
      "205",
      "206",
      "207",
      "208",
      "209",
      "210",
      "211",
      "212",
      "213",
      "214",
      "215",
      "216",
      "217",
      "218",
      "219",
      "220",
      "221",
      "222",
      "223",
      "224",
      "225",
      "226",
      "227",
      "228",
      "229",
      "230",
      "231",
      "232",
      "233",
      "234",
      "235",
      "236",
      "237",
      "238",
      "239",
      "240",
      "241",
      "242",
      "243",
      "244",
      "245",
      "246",
      "247",
      "248",
      "249",
      "250",
      "251",
      "252",
      "253",
      "254",
      "255",
      "256",
      "257",
      "258",
      "259",
      "260",
      "261",
      "262",
      "264",
      "265",
      "266",
      "267",
      "269",
      "270",
      "271",
      "272",
      "273",
      "274",
      "275",
      "276",
      "277",
      "278",
      "279",
      "280",
      "281",
      "282",
      "283",
      "284",
      "285",
      "286",
      "287",
      "288",
      "289",
      "290",
      "291",
      "292",
      "293",
      "294",
      "295",
      "296",
      "297",
      "298",
      "299",
      "300",
      "301",
      "302",
      "303",
      "304",
      "305",
      "306",
      "307",
      "308",
      "309",
      "310"
    ]
  },
  "roc_auc": {
    "macro_auc": 0.7590369819918047,
    "per_class_auc": {
      "NOR": 0.7405982905982906,
      "HCM": 0.8286445012787724,
      "ARR": 0.4316326530612245,
      "CIA": 0.813265306122449,
      "FALL": 0.9275510204081633,
      "LV": 0.8125301204819277
    }
  },
  "binary": {
    "accuracy": 0.6944444444444444,
    "f1": 0.8023952095808383,
    "sensitivity": 0.8589743589743589,
    "specificity": 0.26666666666666666,
    "roc_auc": 0.7405982905982906,
    "binary_labels": [
      0,
      0,
      0,
      0,
      0,
      0,
      0,
      0,
      0,
      0,
      0,
      0,
      0,
      0,
      0,
      0,
      0,
      0,
      0,
      0,
      0,
      0,
      0,
      0,
      0,
      0,
      0,
      0,
      0,
      0,
      1,
      1,
      1,
      1,
      1,
      1,
      1,
      1,
      1,
      1,
      1,
      1,
      1,
      1,
      1,
      1,
      1,
      1,
      1,
      1,
      1,
      1,
      1,
      1,
      1,
      1,
      1,
      1,
      1,
      1,
      1,
      1,
      1,
      1,
      1,
      1,
      1,
      1,
      1,
      1,
      1,
      1,
      1,
      1,
      1,
      1,
      1,
      1,
      1,
      1,
      1,
      1,
      1,
      1,
      1,
      1,
      1,
      1,
      1,
      1,
      1,
      1,
      1,
      1,
      1,
      1,
      1,
      1,
      1,
      1,
      1,
      1,
      1,
      1,
      1,
      1,
      1,
      1
    ],
    "binary_probs": [
      0.9941878065228376,
      0.9948368926255342,
      0.09960390823922372,
      0.006550273955301944,
      0.0009243820174478223,
      0.007592623786289887,
      0.17248410395670088,
      0.0008894344142886812,
      0.015175363306628054,
      0.00815318316982927,
      0.9919886196712291,
      0.9986548922139535,
      0.9998014287514373,
      0.9913624886099623,
      0.9990672847925298,
      0.9995895052361292,
      0.9743767501562202,
      0.9992002237197183,
      0.9998877107815916,
      0.9992105034929131,
      0.9673240623808372,
      0.6907426629846425,
      0.9985013411227718,
      0.9880551527921337,
      0.999866324807661,
      0.9995925255657793,
      0.8278396280858921,
      0.9997768055971038,
      0.9882244293853191,
      0.9755126492481143,
      0.9999039675392231,
      0.9999928812563732,
      0.9999914442819946,
      0.9997963891758184,
      0.9996223167876854,
      0.999981985511532,
      0.9989550154621788,
      0.9999356940242056,
      0.9999321851735667,
      0.999898191561707,
      0.999921965802997,
      0.9999999942091565,
      0.9991487066658787,
      0.9999258123573929,
      0.9999999668059889,
      0.999551964864178,
      0.9999952784756073,
      0.9999981441208344,
      0.9999191331001841,
      0.9999971944805719,
      0.9994923857773592,
      0.99493539585518,
      0.9999998288248191,
      0.9997768423551334,
      0.9980592565201087,
      0.004537084835250393,
      0.9999285885105224,
      0.1400825050433271,
      0.9998008936861656,
      0.09770223910668907,
      0.0015893916942245623,
      0.9994807407068809,
      0.27658960264368715,
      0.016873953339166525,
      0.9999244742073075,
      0.9940817871148961,
      0.2801786273365533,
      0.0017362879739544201,
      0.9999254771399901,
      0.9533796702942474,
      0.9992027958304969,
      0.29174765043159545,
      0.9579379154013891,
      0.9995682874307619,
      0.09184724158373969,
      0.9923979544543109,
      0.9994332641849253,
      0.6697226685648103,
      0.9990067421401647,
      0.9998045194568828,
      0.9813043936194965,
      0.9998577482962575,
      0.9991274724882652,
      0.999691137121939,
      0.9998932693790559,
      0.9999994683689786,
      0.9990791907263096,
      0.9998717964087092,
      0.9999853525952865,
      0.9994806727593575,
      0.9999988774066986,
      0.9999902941148522,
      0.9999124182461547,
      0.9999517361653146,
      0.9991927395580794,
      0.9976671450896314,
      0.9999996467549781,
      0.9999968579490248,
      0.9996740491161159,
      0.257222223327657,
      0.9867936432668276,
      0.5543584905930364,
      0.9969537372591888,
      0.9995050762540554,
      0.9992034452739025,
      0.9998955791330052,
      0.9999966181769597,
      0.8665113913403917
    ]
  }
}