{
  "config": {
    "dataset": "mnm2",
    "backbone": "dinov3",
    "model_name": "dinov3_vitl16",
    "eval_mode": "logreg",
    "freeze_backbone": true,
    "pooling": "cls",
    "embed_dim": 1024,
    "best_hyperparam": 0.03162277489900589,
    "hyperparam_name": "C",
    "num_classes": 6,
    "class_names": [
      "NOR",
      "HCM",
      "ARR",
      "CIA",
      "FALL",
      "LV"
    ]
  },
  "sweep_results": [
    {
      "param_value": 9.999999974752427e-07,
      "mean_cv_acc": 0.17857142857142858,
      "std_cv_acc": 0.0
    },
    {
      "param_value": 1.7782793975129607e-06,
      "mean_cv_acc": 0.17857142857142858,
      "std_cv_acc": 0.0
    },
    {
      "param_value": 3.1622776077711023e-06,
      "mean_cv_acc": 0.17857142857142858,
      "std_cv_acc": 0.0
    },
    {
      "param_value": 5.6234130170196295e-06,
      "mean_cv_acc": 0.17857142857142858,
      "std_cv_acc": 0.0
    },
    {
      "param_value": 9.999999747378752e-06,
      "mean_cv_acc": 0.21428571428571427,
      "std_cv_acc": 0.0
    },
    {
      "param_value": 1.778279329300858e-05,
      "mean_cv_acc": 0.2857142857142857,
      "std_cv_acc": 0.0
    },
    {
      "param_value": 3.162277789670043e-05,
      "mean_cv_acc": 0.2857142857142857,
      "std_cv_acc": 0.0
    },
    {
      "param_value": 5.62341338081751e-05,
      "mean_cv_acc": 0.2857142857142857,
      "std_cv_acc": 0.0
    },
    {
      "param_value": 9.999999747378752e-05,
      "mean_cv_acc": 0.2857142857142857,
      "std_cv_acc": 0.0
    },
    {
      "param_value": 0.00017782794020604342,
      "mean_cv_acc": 0.32142857142857145,
      "std_cv_acc": 0.0
    },
    {
      "param_value": 0.0003162277571391314,
      "mean_cv_acc": 0.42857142857142855,
      "std_cv_acc": 0.0
    },
    {
      "param_value": 0.000562341301701963,
      "mean_cv_acc": 0.4642857142857143,
      "std_cv_acc": 0.0
    },
    {
      "param_value": 0.0010000000474974513,
      "mean_cv_acc": 0.42857142857142855,
      "std_cv_acc": 0.0
    },
    {
      "param_value": 0.0017782794311642647,
      "mean_cv_acc": 0.4642857142857143,
      "std_cv_acc": 0.0
    },
    {
      "param_value": 0.003162277629598975,
      "mean_cv_acc": 0.4642857142857143,
      "std_cv_acc": 0.0
    },
    {
      "param_value": 0.005623413249850273,
      "mean_cv_acc": 0.4642857142857143,
      "std_cv_acc": 0.0
    },
    {
      "param_value": 0.009999999776482582,
      "mean_cv_acc": 0.5,
      "std_cv_acc": 0.0
    },
    {
      "param_value": 0.017782794311642647,
      "mean_cv_acc": 0.5357142857142857,
      "std_cv_acc": 0.0
    },
    {
      "param_value": 0.03162277489900589,
      "mean_cv_acc": 0.5714285714285714,
      "std_cv_acc": 0.0
    },
    {
      "param_value": 0.05623413249850273,
      "mean_cv_acc": 0.5714285714285714,
      "std_cv_acc": 0.0
    },
    {
      "param_value": 0.10000000149011612,
      "mean_cv_acc": 0.5714285714285714,
      "std_cv_acc": 0.0
    },
    {
      "param_value": 0.17782793939113617,
      "mean_cv_acc": 0.5714285714285714,
      "std_cv_acc": 0.0
    },
    {
      "param_value": 0.3162277638912201,
      "mean_cv_acc": 0.5714285714285714,
      "std_cv_acc": 0.0
    },
    {
      "param_value": 0.5623413324356079,
      "mean_cv_acc": 0.5714285714285714,
      "std_cv_acc": 0.0
    },
    {
      "param_value": 1.0,
      "mean_cv_acc": 0.5714285714285714,
      "std_cv_acc": 0.0
    },
    {
      "param_value": 1.778279423713684,
      "mean_cv_acc": 0.5714285714285714,
      "std_cv_acc": 0.0
    },
    {
      "param_value": 3.1622776985168457,
      "mean_cv_acc": 0.5714285714285714,
      "std_cv_acc": 0.0
    },
    {
      "param_value": 5.6234130859375,
      "mean_cv_acc": 0.5714285714285714,
      "std_cv_acc": 0.0
    },
    {
      "param_value": 10.0,
      "mean_cv_acc": 0.5714285714285714,
      "std_cv_acc": 0.0
    },
    {
      "param_value": 17.782794952392578,
      "mean_cv_acc": 0.5714285714285714,
      "std_cv_acc": 0.0
    },
    {
      "param_value": 31.62277603149414,
      "mean_cv_acc": 0.5714285714285714,
      "std_cv_acc": 0.0
    },
    {
      "param_value": 56.234130859375,
      "mean_cv_acc": 0.5714285714285714,
      "std_cv_acc": 0.0
    },
    {
      "param_value": 100.0,
      "mean_cv_acc": 0.5714285714285714,
      "std_cv_acc": 0.0
    },
    {
      "param_value": 177.82794189453125,
      "mean_cv_acc": 0.5714285714285714,
      "std_cv_acc": 0.0
    },
    {
      "param_value": 316.2277526855469,
      "mean_cv_acc": 0.5714285714285714,
      "std_cv_acc": 0.0
    },
    {
      "param_value": 562.34130859375,
      "mean_cv_acc": 0.5714285714285714,
      "std_cv_acc": 0.0
    },
    {
      "param_value": 1000.0,
      "mean_cv_acc": 0.5714285714285714,
      "std_cv_acc": 0.0
    },
    {
      "param_value": 1778.2794189453125,
      "mean_cv_acc": 0.5714285714285714,
      "std_cv_acc": 0.0
    },
    {
      "param_value": 3162.277587890625,
      "mean_cv_acc": 0.5714285714285714,
      "std_cv_acc": 0.0
    },
    {
      "param_value": 5623.4130859375,
      "mean_cv_acc": 0.5714285714285714,
      "std_cv_acc": 0.0
    },
    {
      "param_value": 10000.0,
      "mean_cv_acc": 0.5714285714285714,
      "std_cv_acc": 0.0
    },
    {
      "param_value": 17782.794921875,
      "mean_cv_acc": 0.5714285714285714,
      "std_cv_acc": 0.0
    },
    {
      "param_value": 31622.77734375,
      "mean_cv_acc": 0.5714285714285714,
      "std_cv_acc": 0.0
    },
    {
      "param_value": 56234.1328125,
      "mean_cv_acc": 0.5714285714285714,
      "std_cv_acc": 0.0
    },
    {
      "param_value": 100000.0,
      "mean_cv_acc": 0.5714285714285714,
      "std_cv_acc": 0.0
    }
  ],
  "five_way": {
    "accuracy": 0.4351851851851852,
    "macro_f1": 0.40646851730037464,
    "macro_sensitivity": 0.4219323671497584,
    "macro_specificity": 0.8827717246923483,
    "per_class_sensitivity": {
      "NOR": 0.23333333333333334,
      "HCM": 0.4782608695652174,
      "ARR": 0.1,
      "CIA": 0.1,
      "FALL": 0.9,
      "LV": 0.72
    },
    "per_class_specificity": {
      "NOR": 0.8717948717948718,
      "HCM": 0.9764705882352941,
      "ARR": 0.9387755102040817,
      "CIA": 0.8775510204081632,
      "FALL": 0.9693877551020408,
      "LV": 0.6626506024096386
    },
    "confusion_matrix": [
      [
        7,
        0,
        2,
        5,
        0,
        16
      ],
      [
        7,
        11,
        3,
        1,
        0,
        1
      ],
      [
        0,
        1,
        1,
        1,
        1,
        6
      ],
      [
        3,
        0,
        0,
        1,
        1,
        5
      ],
      [
        0,
        0,
        0,
        1,
        9,
        0
      ],
      [
        0,
        1,
        1,
        4,
        1,
        18
      ]
    ],
    "classification_report": {
      "NOR": {
        "precision": 0.4117647058823529,
        "recall": 0.23333333333333334,
        "f1-score": 0.2978723404255319,
        "support": 30.0
      },
      "HCM": {
        "precision": 0.8461538461538461,
        "recall": 0.4782608695652174,
        "f1-score": 0.6111111111111112,
        "support": 23.0
      },
      "ARR": {
        "precision": 0.14285714285714285,
        "recall": 0.1,
        "f1-score": 0.11764705882352941,
        "support": 10.0
      },
      "CIA": {
        "precision": 0.07692307692307693,
        "recall": 0.1,
        "f1-score": 0.08695652173913043,
        "support": 10.0
      },
      "FALL": {
        "precision": 0.75,
        "recall": 0.9,
        "f1-score": 0.8181818181818182,
        "support": 10.0
      },
      "LV": {
        "precision": 0.391304347826087,
        "recall": 0.72,
        "f1-score": 0.5070422535211268,
        "support": 25.0
      },
      "accuracy": 0.4351851851851852,
      "macro avg": {
        "precision": 0.43650051994041766,
        "recall": 0.4219323671497584,
        "f1-score": 0.40646851730037464,
        "support": 108.0
      },
      "weighted avg": {
        "precision": 0.4749526901061427,
        "recall": 0.4351851851851852,
        "f1-score": 0.4249595934610599,
        "support": 108.0
      }
    },
    "probabilities": [
      [
        0.00844358063184588,
        0.005521703994388023,
        0.002385036200940501,
        0.10086724399138772,
        0.0022186967342308385,
        0.880563738447207
      ],
      [
        0.02421433482788309,
        0.0871397434089709,
        0.1713351311384383,
        0.021451413856560443,
        0.07026849189788707,
        0.6255908848702603
      ],
      [
        0.9483860966820485,
        0.035103135128666405,
        0.001221606146281198,
        0.014824266167663316,
        0.0002762223883324644,
        0.0001886734870079989
      ],
      [
        0.9410209927329273,
        0.027522242500081093,
        0.023910180379668283,
        0.006213932593053144,
        0.0008826607114300629,
        0.0004499910828402319
      ],
      [
        0.8909051788377294,
        0.0016246347766478084,
        0.0002733421785610272,
        0.1054074257142496,
        0.0017400558160879534,
        4.936267672411562e-05
      ],
      [
        0.8979759220078901,
        0.003950593532206611,
        0.048654045183929295,
        0.0064364987478552505,
        0.0007924735384977001,
        0.04219046698962099
      ],
      [
        0.15311424927445064,
        0.004200299549238863,
        0.8340015866405438,
        0.002553686150187582,
        0.0013237826555325437,
        0.004806395730046629
      ],
      [
        0.9396151199281209,
        0.007593401850101098,
        0.014916675192976849,
        0.007500362420203639,
        0.0003014741137965016,
        0.03007296649480099
      ],
      [
        0.9879206131478893,
        0.0001548375284442681,
        0.008791112006852255,
        0.0007653782882064291,
        0.002215140194650063,
        0.0001529188339576222
      ],
      [
        0.9442252143714925,
        0.002942777879242144,
        0.05034823272286569,
        0.001700258885837304,
        0.0003691035157626875,
        0.0004144126247996862
      ],
      [
        0.0010854043363244898,
        0.2890796084785636,
        0.008941583300703871,
        0.011220749270105955,
        0.11539672792141381,
        0.5742759266928882
      ],
      [
        0.0007638223704159845,
        0.03784284662904565,
        0.7064761860053839,
        0.013667074359173031,
        0.008808118632319045,
        0.23244195200366236
      ],
      [
        0.003265969589096053,
        0.006789976046191939,
        0.00862355946556455,
        0.5015280423631401,
        0.0008482873868498307,
        0.4789441651491576
      ],
      [
        0.0025337035630079293,
        0.018092331882195084,
        0.030082893582553036,
        0.14038895108919994,
        0.01957146343425408,
        0.78933065644879
      ],
      [
        0.0022668476147109425,
        0.021926318855414576,
        0.08783157811252879,
        0.6674859992912272,
        0.0013061520429589097,
        0.21918310408315964
      ],
      [
        0.002451563638810195,
        0.09369205558641361,
        0.019697835237377073,
        0.018275788691891854,
        0.0011265698613537245,
        0.8647561869841535
      ],
      [
        0.0028312906153191517,
        0.004055452053505043,
        0.0010411210646007005,
        0.005840685299674754,
        0.002112303129285558,
        0.9841191478376148
      ],
      [
        0.013745247613237841,
        0.04322187435951372,
        0.036187331320818,
        0.39014244294352707,
        0.03717391538248406,
        0.47952918838041925
      ],
      [
        0.00894781795574136,
        0.059620979655811604,
        0.02841351040786036,
        0.7378707731903559,
        0.0010396430016530135,
        0.1641072757885779
      ],
      [
        0.007437406447062109,
        0.03294414293334383,
        0.046611454932866364,
        0.2843713762781365,
        0.003194536086107398,
        0.6254410833224839
      ],
      [
        0.022859918616412168,
        0.06466659157027349,
        0.13930572201693878,
        0.10047126839422323,
        0.025492448874696847,
        0.6472040505274554
      ],
      [
        0.09884610742112307,
        0.019303154941254123,
        0.005057877717908278,
        0.6068460099144256,
        0.017842588112000086,
        0.2521042618932887
      ],
      [
        0.003965283871614177,
        0.12294284975993632,
        0.0505625201067621,
        0.012158883171543275,
        0.005724949400193727,
        0.8046455136899504
      ],
      [
        0.004111905600995369,
        0.3064281259517643,
        0.019928776225074024,
        0.2059638852952559,
        0.0014918042580940754,
        0.46207550266881636
      ],
      [
        0.0030290101868547313,
        0.1197171173838198,
        0.10222214122919349,
        0.051252981662867264,
        0.013812303819908401,
        0.7099664457173563
      ],
      [
        0.0008313432597946338,
        0.0023518012895459165,
        0.0014663654796550395,
        0.13890139218521894,
        0.0004214688208054626,
        0.85602762896498
      ],
      [
        0.008148894434035237,
        0.06167779044674088,
        0.022085146095632616,
        0.4388445245474486,
        0.0023356588030306194,
        0.466907985673112
      ],
      [
        0.004565828133866347,
        0.0017043733243907175,
        0.0050423935273321745,
        0.007210384832222243,
        0.0005224569717376043,
        0.9809545632104509
      ],
      [
        0.0935028887582519,
        0.004183042679362422,
        0.039010134846207495,
        0.2370091821822704,
        0.002140560717417078,
        0.6241541908164907
      ],
      [
        0.006615307139391626,
        0.0705419306021085,
        0.03158252840707857,
        0.6503634487945456,
        0.02018608325856203,
        0.2207107017983136
      ],
      [
        0.0005458816323364878,
        0.12066317632592423,
        0.0002652339083130621,
        0.12221691485531573,
        0.0013288256672881573,
        0.7549799676108223
      ],
      [
        6.723685053524035e-05,
        0.006262496237451795,
        0.007675359166002262,
        0.000742033297763333,
        0.01804852430912961,
        0.9672043501391178
      ],
      [
        0.00015360085022832177,
        0.2834489794640908,
        0.06642776009666536,
        0.012545309915952154,
        0.0034735871678318957,
        0.6339507625052315
      ],
      [
        0.000373381733929374,
        0.012378436812328943,
        0.006445828628716485,
        0.004808144197775455,
        0.003344858122568232,
        0.9726493505046816
      ],
      [
        0.0013584859794701118,
        0.20041117002331035,
        0.1683160045419725,
        0.2527727907686013,
        0.19154496256382583,
        0.18559658612281996
      ],
      [
        0.0011578341759080923,
        0.021460578354833514,
        0.0744942315239725,
        0.3042105075381523,
        0.006794989196093281,
        0.5918818592110403
      ],
      [
        0.013049056205807687,
        0.07122799215331332,
        0.20941389764216786,
        0.15017867951963543,
        0.025101893616061455,
        0.5310284808630144
      ],
      [
        0.0008690236531403642,
        0.009252198031816298,
        0.03830825074808042,
        0.002646353642732662,
        0.006776432436509785,
        0.9421477414877204
      ],
      [
        0.0011113667596880986,
        0.07191273107551487,
        0.0012037373561183777,
        0.14748910592994743,
        0.001524461965274143,
        0.7767585969134572
      ],
      [
        0.0035051436041095944,
        0.979704723063465,
        0.0009706015497321487,
        0.0034058455002314433,
        0.001741444462146653,
        0.010672241820315407
      ],
      [
        7.865695286060243e-05,
        0.021490058481308888,
        0.024749516889220377,
        0.011137739381508206,
        0.0022297994644637836,
        0.9403142288306381
      ],
      [
        0.00012360202352091663,
        0.005584967045231101,
        0.006687976585902356,
        0.0027440771306299597,
        0.018734844631740626,
        0.966124532582975
      ],
      [
        0.006322825309290471,
        0.3898337037500445,
        0.08690899576458444,
        0.041477495392629356,
        0.0073070166135138495,
        0.4681499631699374
      ],
      [
        0.00047743875557331583,
        0.2870187670205363,
        0.04504720761533171,
        0.016481531116806936,
        0.02437639591338019,
        0.6265986595783715
      ],
      [
        8.411630386139234e-06,
        0.0014691787885312956,
        0.0005972233116891162,
        0.00018118856150737457,
        0.0005580998069333172,
        0.9971858979009527
      ],
      [
        0.0016533430614975658,
        0.014367683635981073,
        0.013647046387051871,
        0.4421844009292967,
        0.19052834976007452,
        0.3376191762260983
      ],
      [
        0.06604965389833617,
        0.008568286414205166,
        0.1999271718522094,
        0.02694464500914094,
        0.6182329929622251,
        0.08027724986388317
      ],
      [
        0.001204963306358984,
        0.1363905665599088,
        0.35534736805808864,
        0.18149694624022644,
        0.0052810404467709855,
        0.3202791153886462
      ],
      [
        0.00013408043270302645,
        0.04700183770316192,
        0.011805170400520464,
        0.010915570992105232,
        0.0024583764448064083,
        0.927684964026703
      ],
      [
        0.0009591321426022007,
        0.0778369005384792,
        0.16844140476462746,
        0.015667045151915127,
        0.0024289833578342284,
        0.7346665340445417
      ],
      [
        0.0012659525874104704,
        0.10902365276054342,
        0.09138055371308156,
        0.055334598685165194,
        0.03288205629393542,
        0.7101131859598638
      ],
      [
        0.019835615580260913,
        0.012890181131704762,
        0.16157140002847165,
        0.4418812090905352,
        0.25364665726329627,
        0.11017493690573141
      ],
      [
        1.0354615525706638e-05,
        0.001412792247540758,
        0.0032585908183080012,
        0.0006830577065400627,
        0.003896168701259051,
        0.9907390359108263
      ],
      [
        0.0030797529963330606,
        0.06562613110535982,
        0.04563641857778955,
        0.4156440264716765,
        0.3273277147677715,
        0.14268595608106957
      ],
      [
        3.081653644557197e-05,
        0.018452637553715463,
        0.0035359434927531228,
        0.0008665227109404753,
        0.0012885598850991993,
        0.9758255198210463
      ],
      [
        0.9168401043658829,
        0.020453933285823893,
        0.03507322481197063,
        0.0012054921670081303,
        0.0261350209219205,
        0.0002922244473939688
      ],
      [
        0.004476223696997148,
        0.24725018055641637,
        0.23438175540859385,
        0.28053410180817623,
        0.016187165603700676,
        0.2171705729261157
      ],
      [
        0.6719915362162463,
        0.28067750863915986,
        0.03326908025746154,
        0.01157652459978405,
        0.001768277699163432,
        0.0007170725881845878
      ],
      [
        0.04773392121808859,
        0.7414141161102757,
        0.019717468271728485,
        0.007071211463800007,
        0.003130816482881783,
        0.1809324664532253
      ],
      [
        0.33606061596758524,
        0.26148652492053504,
        0.39740863851340036,
        0.0038390643277452464,
        0.0008422477397759949,
        0.0003629085309582055
      ],
      [
        0.9016493214678987,
        0.09154906445362994,
        0.003165689799517647,
        0.0030891468019876075,
        0.00045417441195800466,
        9.260306500816372e-05
      ],
      [
        0.0020228834427749626,
        0.21460146583880524,
        0.03669819744161511,
        0.0019633437783837084,
        0.007987004394127301,
        0.7367271051042937
      ],
      [
        0.6222020158375904,
        0.24219366483698399,
        0.10767101767591611,
        0.02442480513143525,
        0.0016448108790631994,
        0.0018636856390109107
      ],
      [
        0.8771193987564339,
        0.10884720777043791,
        0.00451639354254183,
        0.0006953591994082505,
        0.00876888940697491,
        5.275132420321912e-05
      ],
      [
        0.0014585543069904365,
        0.8331982796274534,
        0.009904371999182765,
        0.011401562772057205,
        0.001976754293713163,
        0.14206047700060306
      ],
      [
        0.008275158590281578,
        0.5084281753241714,
        0.007822937756246155,
        0.019530891619978123,
        0.002778966734456074,
        0.4531638699748666
      ],
      [
        0.0827846424117366,
        0.791607574161444,
        0.0636485765558402,
        0.04833368121169266,
        0.003154258317310675,
        0.010471267341976164
      ],
      [
        0.891676396060546,
        0.03970022176920075,
        0.049276074447880895,
        0.002240233608199654,
        0.01648825394162712,
        0.0006188201725455478
      ],
      [
        0.00021449792378448182,
        0.8869750086889858,
        0.00020604698072173455,
        0.003554646588195969,
        0.004605021018185859,
        0.10444477880012608
      ],
      [
        0.17428753921172174,
        0.8120811240120858,
        0.009357667122497824,
        0.002919172675714916,
        0.001313487144012032,
        4.100983396769835e-05
      ],
      [
        0.14986947466341663,
        0.14525184910561245,
        0.6683771540393209,
        0.03431782898719677,
        0.001524200681161168,
        0.0006594925232920704
      ],
      [
        0.42945754279604215,
        0.023083968211267705,
        0.5015581566404519,
        0.04087383687410869,
        0.004406205198541193,
        0.0006202902795883865
      ],
      [
        0.297027141867102,
        0.5719025896333613,
        0.12533614934488546,
        0.004430923527957672,
        0.0006244932953691653,
        0.0006787023313243624
      ],
      [
        0.1063665955462601,
        0.750909848399219,
        0.09125002540965972,
        0.04663791857027057,
        0.0021540333487291364,
        0.002681578725861381
      ],
      [
        0.3650978555682832,
        0.23134704684397606,
        0.36124625139804284,
        0.03187560054110077,
        0.010268237394428004,
        0.0001650082541692102
      ],
      [
        0.013119018295580442,
        0.5029303366931792,
        0.040383062554697605,
        0.00932355306157467,
        0.025673656934752452,
        0.4085703724602156
      ],
      [
        0.05042475160842871,
        0.832629007832509,
        0.08559106747611973,
        0.0002560617596686893,
        0.010720128263983265,
        0.02037898305929059
      ],
      [
        0.2676392765364005,
        0.4958882022779117,
        0.23100071381566786,
        0.0033863445655885702,
        0.0013265148873768302,
        0.0007589479170546722
      ],
      [
        0.0017246682129782257,
        0.0592661428492539,
        0.015787649944107293,
        0.08596767995579752,
        0.006143307621637687,
        0.8311105514162254
      ],
      [
        0.018427724631503155,
        0.0032644002976684643,
        0.10581284069658209,
        0.6317766385721084,
        0.19211267136696833,
        0.048605724435169514
      ],
      [
        0.014392659480296678,
        0.9326166694957615,
        0.0053704500315456104,
        0.011043945241065924,
        0.000543869680241157,
        0.03603240607108913
      ],
      [
        0.008056799658054187,
        0.0022600723663931998,
        0.004766582742438758,
        0.14003964587585643,
        0.5278606964122432,
        0.31701620294501415
      ],
      [
        0.0007415501692420713,
        0.0037823533852873507,
        0.010871304033313893,
        0.025423300070200973,
        8.505612272923912e-05,
        0.9590964362192265
      ],
      [
        0.0003042531979690322,
        0.0131359919777585,
        0.0014565478492094865,
        0.1845315220353437,
        0.0006386438387817291,
        0.7999330411009374
      ],
      [
        0.009504958692310257,
        0.05591968344030611,
        0.027036438248056623,
        0.12509295934355308,
        0.0009821834990644486,
        0.7814637767767094
      ],
      [
        0.0004151388590652549,
        0.08350322531026684,
        0.06043868862752394,
        0.004245705996887016,
        0.004112196601959873,
        0.8472850446042972
      ],
      [
        0.022790398203150427,
        0.06709597598675256,
        0.47867932693808474,
        0.43012048281113086,
        0.0007175836767906973,
        0.0005962323840906481
      ],
      [
        0.00023270408852494757,
        0.11913311865727329,
        0.09402932929857279,
        0.16719162823686823,
        0.004375291310923073,
        0.6150379284078376
      ],
      [
        0.0016281740546190253,
        0.00026519050255896097,
        0.0009480546117089148,
        0.04405009527931614,
        0.951642374069207,
        0.0014661114825897258
      ],
      [
        0.01046417720134012,
        0.02537536637727231,
        0.032658690384751235,
        0.12202639130382466,
        0.7964481268410847,
        0.01302724789172703
      ],
      [
        0.0012274212991487152,
        0.00010319641836471553,
        0.00513097871170447,
        0.02947774728734631,
        0.9495003901844503,
        0.014560266098985468
      ],
      [
        0.006016079860576366,
        0.0017750892399888013,
        0.00027263847744811307,
        0.9023167735428064,
        0.08378842020564316,
        0.0058309986735370955
      ],
      [
        0.00023430787645441708,
        0.031116163737387757,
        0.0884116034616619,
        0.06320536293170531,
        0.7929058729615649,
        0.0241266890312257
      ],
      [
        0.0005808933179343229,
        0.0010935943533803894,
        0.03802171138870388,
        0.06888595516789905,
        0.8894511318379751,
        0.0019667139341072674
      ],
      [
        0.02343534348463417,
        0.03700139076197029,
        0.053214120654603896,
        0.26786885719972187,
        0.594094802870008,
        0.024385485029061866
      ],
      [
        0.002901143891565105,
        0.021479959658784843,
        0.036542269998542085,
        0.07528117302827772,
        0.8547522895553721,
        0.009043163867458133
      ],
      [
        0.0006325598238851263,
        0.0015887367077597294,
        0.031158163376051342,
        0.0519908975744281,
        0.8979470408490428,
        0.016682601668832755
      ],
      [
        0.020544615388760273,
        0.002519176977596253,
        0.0019344274856242336,
        0.12993429902237405,
        0.6181141268965831,
        0.22695335422906202
      ],
      [
        0.005206693990193451,
        0.04422460297154401,
        0.015366800667772792,
        0.33733519083258895,
        0.0033787093617308438,
        0.5944880021761699
      ],
      [
        0.7069454978453165,
        0.1066393911624469,
        0.007524550727022573,
        0.1758058947673301,
        0.0014172344195697451,
        0.0016674310783141681
      ],
      [
        0.4804497979792429,
        0.008323741737748497,
        0.0008645370339770089,
        0.3137938240531379,
        0.1778607396778566,
        0.018707359518037047
      ],
      [
        0.7010038023815683,
        0.004497734176011856,
        0.00011274765379609849,
        0.2201775799234155,
        0.07416656886080425,
        4.156700440399852e-05
      ],
      [
        0.004349965723798066,
        0.0666708328429764,
        0.039282562437934626,
        0.10904367854786641,
        0.17955663850653952,
        0.6010963219408849
      ],
      [
        0.002854532376729119,
        0.006697665432720496,
        0.15369299586153695,
        0.6947622832062849,
        0.046422496932477235,
        0.09557002619025134
      ],
      [
        0.004126980862862855,
        0.006992516502901171,
        0.05583984081014069,
        0.04955398686120018,
        0.007407121070239264,
        0.8760795538926558
      ],
      [
        0.00029959481893440323,
        0.0010401745684897863,
        0.0007368784076365646,
        0.10447180015969366,
        0.05174659353843184,
        0.8417049585068137
      ],
      [
        0.0002393917842385721,
        0.004076310274644979,
        0.003814958708795769,
        0.1876548010611271,
        0.7681124245152552,
        0.03610211365593837
      ],
      [
        0.09155654338074026,
        0.031410546342491026,
        0.020255162400949885,
        0.06657380720771319,
        0.3678794428833491,
        0.42232449778475656
      ]
    ],
    "predictions": [
      5,
      5,
      0,
      0,
      0,
      0,
      2,
      0,
      0,
      0,
      5,
      2,
      3,
      5,
      3,
      5,
      5,
      5,
      3,
      5,
      5,
      3,
      5,
      5,
      5,
      5,
      5,
      5,
      5,
      3,
      5,
      5,
      5,
      5,
      3,
      5,
      5,
      5,
      5,
      1,
      5,
      5,
      5,
      5,
      5,
      3,
      4,
      2,
      5,
      5,
      5,
      3,
      5,
      3,
      5,
      0,
      3,
      0,
      1,
      2,
      0,
      5,
      0,
      0,
      1,
      1,
      1,
      0,
      1,
      1,
      2,
      2,
      1,
      1,
      0,
      1,
      1,
      1,
      5,
      3,
      1,
      4,
      5,
      5,
      5,
      5,
      2,
      5,
      4,
      4,
      4,
      3,
      4,
      4,
      4,
      4,
      4,
      4,
      5,
      0,
      0,
      0,
      5,
      3,
      5,
      5,
      4,
      5
    ],
    "true_labels": [
      0,
      0,
      0,
      0,
      0,
      0,
      0,
      0,
      0,
      0,
      0,
      0,
      0,
      0,
      0,
      0,
      0,
      0,
      0,
      0,
      0,
      0,
      0,
      0,
      0,
      0,
      0,
      0,
      0,
      0,
      5,
      5,
      5,
      5,
      5,
      5,
      5,
      5,
      5,
      5,
      5,
      5,
      5,
      5,
      5,
      5,
      5,
      5,
      5,
      5,
      5,
      5,
      5,
      5,
      5,
      1,
      1,
      1,
      1,
      1,
      1,
      1,
      1,
      1,
      1,
      1,
      1,
      1,
      1,
      1,
      1,
      1,
      1,
      1,
      1,
      1,
      1,
      1,
      2,
      2,
      2,
      2,
      2,
      2,
      2,
      2,
      2,
      2,
      4,
      4,
      4,
      4,
      4,
      4,
      4,
      4,
      4,
      4,
      3,
      3,
      3,
      3,
      3,
      3,
      3,
      3,
      3,
      3
    ],
    "patient_ids": [
      "201",
      "202",
      "203",
      "204",
      "205",
      "206",
      "207",
      "208",
      "209",
      "210",
      "211",
      "212",
      "213",
      "214",
      "215",
      "216",
      "217",
      "218",
      "219",
      "220",
      "221",
      "222",
      "223",
      "224",
      "225",
      "226",
      "227",
      "228",
      "229",
      "230",
      "231",
      "232",
      "233",
      "234",
      "235",
      "236",
      "237",
      "238",
      "239",
      "240",
      "241",
      "242",
      "243",
      "244",
      "245",
      "246",
      "247",
      "248",
      "249",
      "250",
      "251",
      "252",
      "253",
      "254",
      "255",
      "256",
      "257",
      "258",
      "259",
      "260",
      "261",
      "262",
      "264",
      "265",
      "266",
      "267",
      "269",
      "270",
      "271",
      "272",
      "273",
      "274",
      "275",
      "276",
      "277",
      "278",
      "279",
      "280",
      "281",
      "282",
      "283",
      "284",
      "285",
      "286",
      "287",
      "288",
      "289",
      "290",
      "291",
      "292",
      "293",
      "294",
      "295",
      "296",
      "297",
      "298",
      "299",
      "300",
      "301",
      "302",
      "303",
      "304",
      "305",
      "306",
      "307",
      "308",
      "309",
      "310"
    ]
  },
  "roc_auc": {
    "macro_auc": 0.7595159232246713,
    "per_class_auc": {
      "NOR": 0.6423076923076924,
      "HCM": 0.8869565217391304,
      "ARR": 0.5051020408163265,
      "CIA": 0.7612244897959184,
      "FALL": 0.9836734693877551,
      "LV": 0.7778313253012048
    }
  },
  "binary": {
    "accuracy": 0.7129629629629629,
    "f1": 0.8187134502923976,
    "sensitivity": 0.8974358974358975,
    "specificity": 0.23333333333333334,
    "roc_auc": 0.6423076923076922,
    "binary_labels": [
      0,
      0,
      0,
      0,
      0,
      0,
      0,
      0,
      0,
      0,
      0,
      0,
      0,
      0,
      0,
      0,
      0,
      0,
      0,
      0,
      0,
      0,
      0,
      0,
      0,
      0,
      0,
      0,
      0,
      0,
      1,
      1,
      1,
      1,
      1,
      1,
      1,
      1,
      1,
      1,
      1,
      1,
      1,
      1,
      1,
      1,
      1,
      1,
      1,
      1,
      1,
      1,
      1,
      1,
      1,
      1,
      1,
      1,
      1,
      1,
      1,
      1,
      1,
      1,
      1,
      1,
      1,
      1,
      1,
      1,
      1,
      1,
      1,
      1,
      1,
      1,
      1,
      1,
      1,
      1,
      1,
      1,
      1,
      1,
      1,
      1,
      1,
      1,
      1,
      1,
      1,
      1,
      1,
      1,
      1,
      1,
      1,
      1,
      1,
      1,
      1,
      1,
      1,
      1,
      1,
      1,
      1,
      1
    ],
    "binary_probs": [
      0.9915564193681541,
      0.975785665172117,
      0.05161390331795146,
      0.058979007267072725,
      0.10909482116227065,
      0.10202407799210989,
      0.8468857507255494,
      0.06038488007187914,
      0.01207938685211074,
      0.05577478562850746,
      0.9989145956636755,
      0.999236177629584,
      0.9967340304109039,
      0.997466296436992,
      0.997733152385289,
      0.9975484363611898,
      0.9971687093846808,
      0.9862547523867622,
      0.9910521820442586,
      0.9925625935529379,
      0.9771400813835879,
      0.9011538925788769,
      0.9960347161283858,
      0.9958880943990046,
      0.9969709898131452,
      0.9991686567402054,
      0.9918511055659648,
      0.9954341718661337,
      0.9064971112417481,
      0.9933846928606084,
      0.9994541183676635,
      0.9999327631494648,
      0.9998463991497717,
      0.9996266182660706,
      0.9986415140205299,
      0.9988421658240919,
      0.9869509437941923,
      0.9991309763468597,
      0.9988886332403119,
      0.9964948563958904,
      0.9999213430471394,
      0.9998763979764791,
      0.9936771746907095,
      0.9995225612444267,
      0.9999915883696139,
      0.9983466569385024,
      0.9339503461016638,
      0.998795036693641,
      0.999865919567297,
      0.9990408678573978,
      0.9987340474125895,
      0.9801643844197391,
      0.9999896453844743,
      0.996920247003667,
      0.9999691834635545,
      0.08315989563411708,
      0.9955237763030028,
      0.3280084637837537,
      0.9522660787819114,
      0.6639393840324148,
      0.09835067853210133,
      0.997977116557225,
      0.3777979841624096,
      0.12288060124356615,
      0.9985414456930095,
      0.9917248414097184,
      0.9172153575882634,
      0.10832360393945395,
      0.9997855020762155,
      0.8257124607882782,
      0.8501305253365834,
      0.5705424572039579,
      0.702972858132898,
      0.89363340445374,
      0.6349021444317168,
      0.9868809817044195,
      0.9495752483915713,
      0.7323607234635995,
      0.9982753317870218,
      0.9815722753684969,
      0.9856073405197033,
      0.9919432003419458,
      0.999258449830758,
      0.999695746802031,
      0.9904950413076897,
      0.9995848611409347,
      0.9772096017968496,
      0.9997672959114751,
      0.998371825945381,
      0.9895358227986599,
      0.9987725787008512,
      0.9939839201394236,
      0.9997656921235456,
      0.9994191066820657,
      0.9765646565153658,
      0.9970988561084349,
      0.9993674401761149,
      0.9794553846112397,
      0.9947933060098065,
      0.29305450215468354,
      0.5195502020207571,
      0.29899619761843166,
      0.9956500342762019,
      0.9971454676232708,
      0.9958730191371371,
      0.9997004051810656,
      0.9997606082157614,
      0.9084434566192597
    ]
  }
}
