{
  "config": {
    "dataset": "mnm2",
    "backbone": "dinov3",
    "model_name": "dinov3_vitl16",
    "eval_mode": "logreg",
    "pooling": "gap",
    "embed_dim": 1024,
    "best_hyperparam": 1.0,
    "hyperparam_name": "C",
    "num_classes": 6,
    "class_names": [
      "NOR",
      "HCM",
      "ARR",
      "CIA",
      "FALL",
      "LV"
    ]
  },
  "sweep_results": [
    {
      "param_value": 9.999999974752427e-07,
      "mean_cv_acc": 0.17857142857142858,
      "std_cv_acc": 0.0
    },
    {
      "param_value": 1.7782793975129607e-06,
      "mean_cv_acc": 0.17857142857142858,
      "std_cv_acc": 0.0
    },
    {
      "param_value": 3.1622776077711023e-06,
      "mean_cv_acc": 0.17857142857142858,
      "std_cv_acc": 0.0
    },
    {
      "param_value": 5.6234130170196295e-06,
      "mean_cv_acc": 0.17857142857142858,
      "std_cv_acc": 0.0
    },
    {
      "param_value": 9.999999747378752e-06,
      "mean_cv_acc": 0.25,
      "std_cv_acc": 0.0
    },
    {
      "param_value": 1.778279329300858e-05,
      "mean_cv_acc": 0.2857142857142857,
      "std_cv_acc": 0.0
    },
    {
      "param_value": 3.162277789670043e-05,
      "mean_cv_acc": 0.2857142857142857,
      "std_cv_acc": 0.0
    },
    {
      "param_value": 5.62341338081751e-05,
      "mean_cv_acc": 0.2857142857142857,
      "std_cv_acc": 0.0
    },
    {
      "param_value": 9.999999747378752e-05,
      "mean_cv_acc": 0.32142857142857145,
      "std_cv_acc": 0.0
    },
    {
      "param_value": 0.00017782794020604342,
      "mean_cv_acc": 0.35714285714285715,
      "std_cv_acc": 0.0
    },
    {
      "param_value": 0.0003162277571391314,
      "mean_cv_acc": 0.32142857142857145,
      "std_cv_acc": 0.0
    },
    {
      "param_value": 0.000562341301701963,
      "mean_cv_acc": 0.42857142857142855,
      "std_cv_acc": 0.0
    },
    {
      "param_value": 0.0010000000474974513,
      "mean_cv_acc": 0.42857142857142855,
      "std_cv_acc": 0.0
    },
    {
      "param_value": 0.0017782794311642647,
      "mean_cv_acc": 0.42857142857142855,
      "std_cv_acc": 0.0
    },
    {
      "param_value": 0.003162277629598975,
      "mean_cv_acc": 0.39285714285714285,
      "std_cv_acc": 0.0
    },
    {
      "param_value": 0.005623413249850273,
      "mean_cv_acc": 0.4642857142857143,
      "std_cv_acc": 0.0
    },
    {
      "param_value": 0.009999999776482582,
      "mean_cv_acc": 0.5,
      "std_cv_acc": 0.0
    },
    {
      "param_value": 0.017782794311642647,
      "mean_cv_acc": 0.5,
      "std_cv_acc": 0.0
    },
    {
      "param_value": 0.03162277489900589,
      "mean_cv_acc": 0.5,
      "std_cv_acc": 0.0
    },
    {
      "param_value": 0.05623413249850273,
      "mean_cv_acc": 0.5,
      "std_cv_acc": 0.0
    },
    {
      "param_value": 0.10000000149011612,
      "mean_cv_acc": 0.5,
      "std_cv_acc": 0.0
    },
    {
      "param_value": 0.17782793939113617,
      "mean_cv_acc": 0.5,
      "std_cv_acc": 0.0
    },
    {
      "param_value": 0.3162277638912201,
      "mean_cv_acc": 0.5,
      "std_cv_acc": 0.0
    },
    {
      "param_value": 0.5623413324356079,
      "mean_cv_acc": 0.5,
      "std_cv_acc": 0.0
    },
    {
      "param_value": 1.0,
      "mean_cv_acc": 0.5357142857142857,
      "std_cv_acc": 0.0
    },
    {
      "param_value": 1.778279423713684,
      "mean_cv_acc": 0.5357142857142857,
      "std_cv_acc": 0.0
    },
    {
      "param_value": 3.1622776985168457,
      "mean_cv_acc": 0.5357142857142857,
      "std_cv_acc": 0.0
    },
    {
      "param_value": 5.6234130859375,
      "mean_cv_acc": 0.5357142857142857,
      "std_cv_acc": 0.0
    },
    {
      "param_value": 10.0,
      "mean_cv_acc": 0.5357142857142857,
      "std_cv_acc": 0.0
    },
    {
      "param_value": 17.782794952392578,
      "mean_cv_acc": 0.5357142857142857,
      "std_cv_acc": 0.0
    },
    {
      "param_value": 31.62277603149414,
      "mean_cv_acc": 0.5357142857142857,
      "std_cv_acc": 0.0
    },
    {
      "param_value": 56.234130859375,
      "mean_cv_acc": 0.5357142857142857,
      "std_cv_acc": 0.0
    },
    {
      "param_value": 100.0,
      "mean_cv_acc": 0.5357142857142857,
      "std_cv_acc": 0.0
    },
    {
      "param_value": 177.82794189453125,
      "mean_cv_acc": 0.5357142857142857,
      "std_cv_acc": 0.0
    },
    {
      "param_value": 316.2277526855469,
      "mean_cv_acc": 0.5357142857142857,
      "std_cv_acc": 0.0
    },
    {
      "param_value": 562.34130859375,
      "mean_cv_acc": 0.5357142857142857,
      "std_cv_acc": 0.0
    },
    {
      "param_value": 1000.0,
      "mean_cv_acc": 0.5357142857142857,
      "std_cv_acc": 0.0
    },
    {
      "param_value": 1778.2794189453125,
      "mean_cv_acc": 0.5357142857142857,
      "std_cv_acc": 0.0
    },
    {
      "param_value": 3162.277587890625,
      "mean_cv_acc": 0.5357142857142857,
      "std_cv_acc": 0.0
    },
    {
      "param_value": 5623.4130859375,
      "mean_cv_acc": 0.5357142857142857,
      "std_cv_acc": 0.0
    },
    {
      "param_value": 10000.0,
      "mean_cv_acc": 0.5357142857142857,
      "std_cv_acc": 0.0
    },
    {
      "param_value": 17782.794921875,
      "mean_cv_acc": 0.5357142857142857,
      "std_cv_acc": 0.0
    },
    {
      "param_value": 31622.77734375,
      "mean_cv_acc": 0.5357142857142857,
      "std_cv_acc": 0.0
    },
    {
      "param_value": 56234.1328125,
      "mean_cv_acc": 0.5357142857142857,
      "std_cv_acc": 0.0
    },
    {
      "param_value": 100000.0,
      "mean_cv_acc": 0.5357142857142857,
      "std_cv_acc": 0.0
    }
  ],
  "five_way": {
    "accuracy": 0.4444444444444444,
    "macro_f1": 0.411454798954799,
    "macro_sensitivity": 0.4385990338164251,
    "macro_specificity": 0.8840835809146025,
    "per_class_sensitivity": {
      "NOR": 0.23333333333333334,
      "HCM": 0.4782608695652174,
      "ARR": 0.0,
      "CIA": 0.3,
      "FALL": 0.9,
      "LV": 0.72
    },
    "per_class_specificity": {
      "NOR": 0.8589743589743589,
      "HCM": 0.9647058823529412,
      "ARR": 0.9489795918367347,
      "CIA": 0.8877551020408163,
      "FALL": 0.9693877551020408,
      "LV": 0.6746987951807228
    },
    "confusion_matrix": [
      [
        7,
        1,
        2,
        5,
        0,
        15
      ],
      [
        8,
        11,
        3,
        0,
        0,
        1
      ],
      [
        0,
        1,
        0,
        1,
        1,
        7
      ],
      [
        3,
        0,
        0,
        3,
        0,
        4
      ],
      [
        0,
        0,
        0,
        1,
        9,
        0
      ],
      [
        0,
        1,
        0,
        4,
        2,
        18
      ]
    ],
    "classification_report": {
      "NOR": {
        "precision": 0.3888888888888889,
        "recall": 0.23333333333333334,
        "f1-score": 0.2916666666666667,
        "support": 30.0
      },
      "HCM": {
        "precision": 0.7857142857142857,
        "recall": 0.4782608695652174,
        "f1-score": 0.5945945945945946,
        "support": 23.0
      },
      "ARR": {
        "precision": 0.0,
        "recall": 0.0,
        "f1-score": 0.0,
        "support": 10.0
      },
      "CIA": {
        "precision": 0.21428571428571427,
        "recall": 0.3,
        "f1-score": 0.25,
        "support": 10.0
      },
      "FALL": {
        "precision": 0.75,
        "recall": 0.9,
        "f1-score": 0.8181818181818182,
        "support": 10.0
      },
      "LV": {
        "precision": 0.4,
        "recall": 0.72,
        "f1-score": 0.5142857142857142,
        "support": 25.0
      },
      "accuracy": 0.4444444444444444,
      "macro avg": {
        "precision": 0.4231481481481481,
        "recall": 0.4385990338164252,
        "f1-score": 0.411454798954799,
        "support": 108.0
      },
      "weighted avg": {
        "precision": 0.45723104056437386,
        "recall": 0.4444444444444444,
        "f1-score": 0.42559848809848805,
        "support": 108.0
      }
    },
    "probabilities": [
      [
        0.0004434076252498952,
        0.002536276716771996,
        0.00011414608361013486,
        0.04480079325698633,
        0.00020102306003025625,
        0.9519043532573515
      ],
      [
        0.010961674092816722,
        0.041861704164442466,
        0.1719796454622773,
        0.0028517656108191353,
        0.025395800786600742,
        0.7469494098830436
      ],
      [
        0.9933292829631178,
        0.002141385738419413,
        0.000617609353623279,
        0.003898436772186127,
        8.745268617611515e-06,
        4.5399040356967175e-06
      ],
      [
        0.9679385358837348,
        0.02136342723054085,
        0.00915988410867478,
        0.0013982506698283124,
        0.00010828047701351147,
        3.1621630207699984e-05
      ],
      [
        0.9588734077503154,
        5.390000293181186e-05,
        5.4852419545897165e-05,
        0.040579399978659864,
        0.000437330189443969,
        1.1096591030273832e-06
      ],
      [
        0.8651074500566294,
        0.0003185501685537289,
        0.021202520578884446,
        9.410905350393903e-05,
        3.998578756255273e-05,
        0.11323738435486586
      ],
      [
        0.0638378583305565,
        0.0005157477160788787,
        0.9342611994755179,
        3.7821794433159986e-05,
        4.1350237143815966e-05,
        0.0013060224462697566
      ],
      [
        0.9972325392510737,
        0.0002034500389490363,
        0.00010607106343078742,
        1.5082998152261452e-05,
        3.611320912354606e-07,
        0.002442495516302994
      ],
      [
        0.9993347535586216,
        2.115277350623095e-07,
        0.0004452762111350319,
        2.3501173020537316e-06,
        0.00021572816735920434,
        1.6804178468141568e-06
      ],
      [
        0.9998294835071615,
        3.5850954471426966e-06,
        0.00015694996055029165,
        6.871336033300261e-06,
        1.683629559171149e-06,
        1.4264712486877506e-06
      ],
      [
        0.00014699865313375394,
        0.2025865238629155,
        0.0013309951508040608,
        0.00023900724541186662,
        0.19912556903244563,
        0.5965709060552892
      ],
      [
        3.434595330611831e-05,
        0.013268059258148888,
        0.5804155488094489,
        0.0019612360573290247,
        0.0006521853005290705,
        0.4036686246212379
      ],
      [
        7.418789985027241e-06,
        9.17783081547146e-05,
        0.000662461933200304,
        0.25569092016125544,
        2.2269740542494696e-06,
        0.7435451938333503
      ],
      [
        4.305264739793221e-05,
        0.0017846694505130453,
        0.005464506829576556,
        0.17883162689535861,
        0.0032170714606476157,
        0.8106590727165063
      ],
      [
        7.335303682365971e-05,
        0.0006730305382677364,
        0.016218966328253894,
        0.9153088075351319,
        2.4761439407923095e-05,
        0.0677010811221148
      ],
      [
        0.00012576324136353046,
        0.02297770993581395,
        0.001952112825226606,
        0.002472375403111506,
        7.71988037035076e-06,
        0.9724643187141141
      ],
      [
        0.00022922234279673624,
        0.0006636408709638636,
        3.119939864062778e-05,
        0.00186617334496669,
        1.808927969370036e-05,
        0.9971916747629385
      ],
      [
        4.092316846999466e-05,
        0.01509099165722004,
        0.1583868970586457,
        0.5973428946189503,
        0.08947705037775346,
        0.13966124311896055
      ],
      [
        5.110391042934614e-05,
        0.001520699311472078,
        0.004262028510058847,
        0.991121833944844,
        2.0221185039700064e-06,
        0.0030423122046918153
      ],
      [
        0.0005804685203149173,
        0.0018106761093752471,
        0.0066812545735882665,
        0.21770468893305606,
        0.00013139582159972605,
        0.7730915160420658
      ],
      [
        0.003954447548085954,
        0.027877111609143194,
        0.0562622513375054,
        0.11999401593507271,
        0.003999185363003777,
        0.7879129882071889
      ],
      [
        0.19031985504858678,
        0.002231456020492627,
        0.00010440453308544911,
        0.7125251921359438,
        0.0005565939942841466,
        0.09426249826760721
      ],
      [
        1.924069578193422e-05,
        0.004764078150257228,
        0.02763019796589508,
        0.004275740350811062,
        2.2286425188469366e-05,
        0.9632884564120662
      ],
      [
        3.166130527795585e-05,
        0.5441550448123196,
        0.11307637826693888,
        0.18891208872291096,
        0.0001588126195737798,
        0.1536660142729787
      ],
      [
        0.0002826785453781174,
        0.08021917108630149,
        0.04336622632574192,
        0.07750020496174621,
        0.0007439015694991766,
        0.7978878175113331
      ],
      [
        1.450326061227629e-06,
        0.0004601783237271963,
        0.0016690680210679927,
        0.17327075950795878,
        7.264813417906951e-06,
        0.824591279007767
      ],
      [
        0.0007877700984143843,
        0.015818932022979376,
        0.029399482915045707,
        0.2453797243360849,
        2.315361222834316e-05,
        0.7085909370152472
      ],
      [
        0.0015226509760793926,
        0.00010698377218742712,
        0.0005656047894268282,
        0.0016255511652936607,
        9.949882879461963e-06,
        0.9961692594141331
      ],
      [
        0.03596898821639851,
        0.006339999943862018,
        0.03128981202764492,
        0.03284935442316985,
        0.0002521112073236771,
        0.893299734181601
      ],
      [
        0.0017303985991162475,
        0.033637712455288064,
        0.022212208911727847,
        0.4990424866389604,
        0.0009488893919044131,
        0.44242830400300326
      ],
      [
        8.080294650570827e-07,
        0.06418888766356586,
        2.0154703044739583e-05,
        0.07561419718143002,
        2.349217979310862e-05,
        0.8601524602427013
      ],
      [
        6.571485272114665e-08,
        6.12021660758754e-05,
        0.0015611755467055425,
        7.743365237010478e-06,
        0.0011044201487247114,
        0.9972653930584041
      ],
      [
        1.076220146770205e-07,
        0.1796943716089355,
        0.003396242066745596,
        3.07399799847489e-05,
        1.5033652654173096e-05,
        0.8168635050696653
      ],
      [
        1.4069957279854487e-05,
        0.0013935481077166102,
        0.0003666742843095615,
        0.00014759101373509645,
        8.593048746611814e-05,
        0.9979921861494928
      ],
      [
        2.8954096629566362e-05,
        0.13280349626417853,
        0.06120047549426949,
        0.09269776337449324,
        0.383499562729107,
        0.3297697480413222
      ],
      [
        3.512395534166261e-05,
        0.0012610617948958657,
        0.006543748777144896,
        0.884734263571876,
        9.835772415866815e-05,
        0.10732744417658283
      ],
      [
        0.00025606862558457414,
        0.008633531500607895,
        0.004064854072596106,
        0.0036323297524733194,
        0.00023388075128803984,
        0.9831793352974499
      ],
      [
        3.4657654131039323e-06,
        0.0008102376759766309,
        0.0004720504996050432,
        6.1505570070554294e-06,
        3.2674324048813064e-05,
        0.9986754211779495
      ],
      [
        5.478886203042383e-05,
        0.040927858888591365,
        6.961764076590437e-05,
        0.33070785810643893,
        7.315580514580152e-05,
        0.6281667206970275
      ],
      [
        1.0255722878254171e-05,
        0.9997390909045776,
        1.2020191775422347e-05,
        4.5400167263091634e-05,
        4.526470200709541e-05,
        0.0001479683114987357
      ],
      [
        1.5989298628321378e-08,
        3.652477000525359e-05,
        0.0006350185396982644,
        1.7978156217278706e-05,
        6.337271248998238e-07,
        0.9993098288176556
      ],
      [
        4.7222759319476996e-08,
        0.0027854201913737786,
        0.0008209941697321444,
        0.00012362892261804037,
        0.0015412766854275362,
        0.9947286328080892
      ],
      [
        0.00010767424737659211,
        0.22643498630882727,
        0.16194854922427535,
        0.01660859138691679,
        0.0005887228170238371,
        0.5943114760155802
      ],
      [
        7.577536048926495e-06,
        0.02909280249451352,
        0.001933580757212799,
        0.000278769584651581,
        0.004894523042874716,
        0.9637927465846985
      ],
      [
        1.5900377092110181e-09,
        0.00018577811081269346,
        1.4153043596281382e-05,
        1.065164054963098e-06,
        1.9347500663425973e-05,
        0.999779654590835
      ],
      [
        8.107678402347687e-06,
        0.0006429184859580587,
        0.0009422710611075474,
        0.5903777362700174,
        0.022917312126848062,
        0.3851116543776666
      ],
      [
        0.08063726264692495,
        0.0012752693792683774,
        0.02710462858948244,
        0.0023669657889705395,
        0.8646720867519078,
        0.023943786843446044
      ],
      [
        6.10453693596391e-06,
        0.14754517772753262,
        0.2265875379273253,
        0.2345709470305143,
        0.00038405900492229767,
        0.3909061737727694
      ],
      [
        1.236050490418578e-07,
        0.006733574290447626,
        0.0031045464070496103,
        0.0019354272102558333,
        8.660670981363345e-06,
        0.9882176678162167
      ],
      [
        2.0034758308255254e-05,
        0.022176001174458445,
        0.014812477401641455,
        0.0009667244085306688,
        2.663462983838858e-05,
        0.9619981276272227
      ],
      [
        6.018649164822184e-06,
        0.004301806896574036,
        0.12351106018606695,
        0.0034477432036666817,
        0.0012740853539031664,
        0.8674592857106244
      ],
      [
        0.009899095332851307,
        0.0008484535266498207,
        0.13917127796462403,
        0.46211188183277396,
        0.09693877074579076,
        0.29103052059731027
      ],
      [
        1.034854892395622e-11,
        1.4457221489901843e-06,
        2.654780390301318e-05,
        9.33908775329481e-07,
        1.357121775430762e-05,
        0.9999575013370697
      ],
      [
        0.00015941998782287967,
        0.021259770489552788,
        0.00857746950696484,
        0.6282900087360171,
        0.2680138935786082,
        0.07369943770103411
      ],
      [
        8.272240956486351e-08,
        0.006959570245724634,
        0.0010190196105787585,
        5.404312794953227e-06,
        1.6795740441570166e-05,
        0.9919991273680506
      ],
      [
        0.8557801664132298,
        0.023940022821456595,
        0.017663897405617638,
        0.0012106301483038723,
        0.10118792670661915,
        0.0002173565047727451
      ],
      [
        0.00022779182191101085,
        0.5258873784414958,
        0.335364002131205,
        0.09214758305002538,
        0.0012363517962304608,
        0.04513689275913251
      ],
      [
        0.9697096656660307,
        0.024461874861746592,
        0.0048097767527822965,
        0.0009236932549135907,
        8.785555722776028e-05,
        7.133907298990287e-06
      ],
      [
        0.01364651032220804,
        0.9065732515589987,
        0.00034589706170803404,
        0.0002282564457570156,
        0.0002872715881698592,
        0.07891881302315835
      ],
      [
        0.22114977681907994,
        0.13987739771086197,
        0.6381530128140809,
        0.0004853594850156383,
        0.00021194300002919935,
        0.0001225101709324068
      ],
      [
        0.9407390833741469,
        0.0586655562397918,
        0.00012818318394355207,
        0.00044212185965534633,
        1.983151264324519e-05,
        5.223829819089026e-06
      ],
      [
        4.02929012287954e-05,
        0.11862615354841786,
        0.0400193105151287,
        0.00016494436270824108,
        0.0036734605262349583,
        0.8374758381462816
      ],
      [
        0.45019858866154994,
        0.4277193737015788,
        0.09239522008649466,
        0.02935467091458165,
        0.00012093442379355597,
        0.00021121221200135588
      ],
      [
        0.9968218368451938,
        0.00212214349072283,
        0.0004107070917173255,
        2.722719467106435e-06,
        0.0006416843466587554,
        9.055062401186069e-07
      ],
      [
        3.7974375147401143e-06,
        0.9557060823704006,
        0.002595543612420884,
        0.0002541390801554097,
        5.5668959888698985e-05,
        0.04138476853961958
      ],
      [
        0.0029885817014780602,
        0.7206875860968558,
        0.0011775882765330413,
        0.00012499753205260218,
        0.0003247455915494151,
        0.2746965008015311
      ],
      [
        0.13489430939033756,
        0.8247503938967486,
        0.01641475177114423,
        0.019209954731741363,
        3.2122291373608904e-05,
        0.0046984679186547074
      ],
      [
        0.9815372134871008,
        0.0016778130873150226,
        0.008650561128004839,
        8.260076938131634e-05,
        0.008032471990766132,
        1.9339537431790476e-05
      ],
      [
        1.8024133900991705e-08,
        0.9990643909239072,
        8.822246060085408e-08,
        7.835852387357033e-06,
        3.0815686030487296e-05,
        0.0008968512910803581
      ],
      [
        0.05916786371204841,
        0.9400744460889467,
        0.0006127198812425203,
        0.00010001443945120749,
        4.4545198569272564e-05,
        4.1067974178282005e-07
      ],
      [
        0.3261212116526199,
        0.05440044892709026,
        0.6129817359421819,
        0.006143912726521576,
        0.00013815519215552898,
        0.0002145355594310302
      ],
      [
        0.5774985670985917,
        0.0022306550784548167,
        0.4130128259146905,
        0.0038070561353236196,
        0.0034142124427451654,
        3.6683330194087426e-05
      ],
      [
        0.08038863386282775,
        0.8698735622341985,
        0.049379035917461095,
        0.0002813342041936096,
        3.6312598712940784e-05,
        4.112118260594616e-05
      ],
      [
        0.011574058368386,
        0.9686503606285229,
        0.008659960521273706,
        0.010074276033472652,
        8.139339504724624e-05,
        0.0009599510532973457
      ],
      [
        0.1931531947676726,
        0.08054290001636483,
        0.7131991938197131,
        0.007417522193573479,
        0.005681429456220297,
        5.759746455811515e-06
      ],
      [
        0.0008923757353475073,
        0.9301075703010006,
        0.0035946597288870836,
        0.00042988626730546415,
        0.003155959388304885,
        0.061819548579154435
      ],
      [
        0.00018668900281270756,
        0.9900474779729138,
        0.008354018662689016,
        3.4487900384416874e-07,
        0.00012877906772245414,
        0.0012826904148583052
      ],
      [
        0.4934906673254301,
        0.3367290554412947,
        0.16956296188571643,
        3.858819408950695e-05,
        6.376711526564801e-05,
        0.00011496003820362258
      ],
      [
        0.00010343430711717703,
        0.05043371736983961,
        0.009156740199154804,
        0.08618918887883008,
        0.0065655234924904046,
        0.8475513957525679
      ],
      [
        0.0003227705403184505,
        4.057960559319403e-05,
        0.01455045384587524,
        0.3113552125342922,
        0.6677659951136986,
        0.005964988360222131
      ],
      [
        6.287506976111283e-05,
        0.9597480577443234,
        0.0165191929848792,
        0.0006696827147215569,
        1.2286871065276362e-05,
        0.02298790461524954
      ],
      [
        0.00018091285948231944,
        0.00055046487140696,
        0.0012104941744590753,
        0.30653315488255,
        0.31377553088562427,
        0.37774944232647734
      ],
      [
        1.747016825516252e-07,
        0.00018186625984471135,
        0.0006930485790755495,
        0.00019136195743746321,
        5.398478235734302e-09,
        0.9989335431034815
      ],
      [
        1.3067762017027361e-06,
        0.00024817103290779584,
        2.346251995544265e-05,
        0.25994907206875345,
        2.8874831802254705e-05,
        0.7397491127703794
      ],
      [
        0.0005406536305875263,
        0.0801422314181705,
        0.007433006027798608,
        0.30645193940222193,
        5.004117508024562e-05,
        0.6053821283461412
      ],
      [
        1.0928067043321329e-07,
        0.005529486325093414,
        0.0036694944915300347,
        0.0004678622380741748,
        0.0002520303030381184,
        0.9900810173615938
      ],
      [
        0.0008935973326526007,
        0.043573490300049346,
        0.3078923593461172,
        0.647482253385383,
        5.692764540563632e-05,
        0.00010137199039232839
      ],
      [
        3.216259589310383e-07,
        0.034311458659363366,
        0.15833988390414436,
        0.24388594392701277,
        1.6085489339310127e-05,
        0.5634463063941813
      ],
      [
        2.7699341718478206e-06,
        3.000635170267602e-08,
        6.322096709099508e-05,
        0.00480350042812062,
        0.9951287156169936,
        1.7630472713449624e-06
      ],
      [
        0.0017990846824763277,
        0.0053168652860195904,
        0.0046221736770744775,
        0.019385533891412364,
        0.967361530084746,
        0.0015148123782711609
      ],
      [
        3.638023289072927e-06,
        4.884071634954969e-07,
        0.00043195447941677924,
        0.006686359051689433,
        0.9925857082906985,
        0.00029185174774278965
      ],
      [
        0.001722122287988971,
        1.5028549651192581e-05,
        2.4426329699439972e-06,
        0.9944692800586595,
        0.0036332503006423532,
        0.00015787617008797936
      ],
      [
        7.464529642670147e-08,
        0.0005264807951803935,
        0.005345076752284956,
        0.011113549386131212,
        0.9828027280981881,
        0.00021209032291889988
      ],
      [
        2.761206860598311e-06,
        0.00019784270080546576,
        0.0009532531254992419,
        0.04440034342833195,
        0.9541928320841804,
        0.00025296745432241686
      ],
      [
        0.0018906716529943721,
        0.0837771297263468,
        0.014048250358988873,
        0.0767519109421433,
        0.8187589535430387,
        0.004773083776487906
      ],
      [
        2.1357699183590834e-06,
        0.0006444455357414362,
        0.0014527038553371742,
        0.015315595760438552,
        0.9823779631631696,
        0.00020715591539480964
      ],
      [
        8.466612525461753e-07,
        0.00031429380201052846,
        0.0015318977407328676,
        0.011659053259757484,
        0.982470733139283,
        0.004023175396963415
      ],
      [
        0.0004027627120546461,
        6.186151170697273e-05,
        1.1957215216994253e-06,
        0.00033187070937218925,
        0.9642777180149146,
        0.03492459133043006
      ],
      [
        4.972460736723868e-06,
        0.014814194239801464,
        0.00021432901693952585,
        0.9604677674867058,
        8.342885775646518e-05,
        0.024415307938059932
      ],
      [
        0.9019366554196492,
        0.011644175694709855,
        0.0010661184523534282,
        0.0852999283254523,
        3.614473800825899e-05,
        1.6977369827035485e-05
      ],
      [
        0.8162118669514141,
        0.00014302606776263,
        2.108067733183907e-05,
        0.11063835683203507,
        0.07076106068656512,
        0.0022246087848912304
      ],
      [
        0.9785295333028394,
        2.271806818900155e-05,
        3.3097654827614136e-07,
        0.00903840068808086,
        0.012408716252526491,
        3.007118157485713e-07
      ],
      [
        5.7862713199492413e-05,
        0.19937751938645265,
        0.02392897411597578,
        0.03991397953459089,
        0.10238134474245345,
        0.6343403195073277
      ],
      [
        8.843228375679231e-06,
        0.0001642118050304642,
        0.007894888324149167,
        0.9880638436160167,
        0.0005370381236010454,
        0.00333117490282693
      ],
      [
        8.965749462472712e-06,
        0.00020757235176936973,
        0.009665992776959294,
        0.0023202280651825214,
        6.08242475887166e-06,
        0.9877911586318674
      ],
      [
        8.168086306648879e-06,
        2.8339743959317993e-05,
        2.3623445555605784e-05,
        0.08888840618620308,
        0.008089689745685812,
        0.9029617727922894
      ],
      [
        3.210972360952697e-07,
        0.000122525597426502,
        0.00015425476443039278,
        0.6218663808396946,
        0.36956956332921215,
        0.008286954372000398
      ],
      [
        0.24048659615278353,
        0.004212201761486167,
        0.00033801486496171394,
        0.008585306280362734,
        0.22396428399912588,
        0.52241359694128
      ]
    ],
    "predictions": [
      5,
      5,
      0,
      0,
      0,
      0,
      2,
      0,
      0,
      0,
      5,
      2,
      5,
      5,
      3,
      5,
      5,
      3,
      3,
      5,
      5,
      3,
      5,
      1,
      5,
      5,
      5,
      5,
      5,
      3,
      5,
      5,
      5,
      5,
      4,
      3,
      5,
      5,
      5,
      1,
      5,
      5,
      5,
      5,
      5,
      3,
      4,
      5,
      5,
      5,
      5,
      3,
      5,
      3,
      5,
      0,
      1,
      0,
      1,
      2,
      0,
      5,
      0,
      0,
      1,
      1,
      1,
      0,
      1,
      1,
      2,
      0,
      1,
      1,
      2,
      1,
      1,
      0,
      5,
      4,
      1,
      5,
      5,
      5,
      5,
      5,
      3,
      5,
      4,
      4,
      4,
      3,
      4,
      4,
      4,
      4,
      4,
      4,
      3,
      0,
      0,
      0,
      5,
      3,
      5,
      5,
      3,
      5
    ],
    "true_labels": [
      0,
      0,
      0,
      0,
      0,
      0,
      0,
      0,
      0,
      0,
      0,
      0,
      0,
      0,
      0,
      0,
      0,
      0,
      0,
      0,
      0,
      0,
      0,
      0,
      0,
      0,
      0,
      0,
      0,
      0,
      5,
      5,
      5,
      5,
      5,
      5,
      5,
      5,
      5,
      5,
      5,
      5,
      5,
      5,
      5,
      5,
      5,
      5,
      5,
      5,
      5,
      5,
      5,
      5,
      5,
      1,
      1,
      1,
      1,
      1,
      1,
      1,
      1,
      1,
      1,
      1,
      1,
      1,
      1,
      1,
      1,
      1,
      1,
      1,
      1,
      1,
      1,
      1,
      2,
      2,
      2,
      2,
      2,
      2,
      2,
      2,
      2,
      2,
      4,
      4,
      4,
      4,
      4,
      4,
      4,
      4,
      4,
      4,
      3,
      3,
      3,
      3,
      3,
      3,
      3,
      3,
      3,
      3
    ],
    "patient_ids": [
      "201",
      "202",
      "203",
      "204",
      "205",
      "206",
      "207",
      "208",
      "209",
      "210",
      "211",
      "212",
      "213",
      "214",
      "215",
      "216",
      "217",
      "218",
      "219",
      "220",
      "221",
      "222",
      "223",
      "224",
      "225",
      "226",
      "227",
      "228",
      "229",
      "230",
      "231",
      "232",
      "233",
      "234",
      "235",
      "236",
      "237",
      "238",
      "239",
      "240",
      "241",
      "242",
      "243",
      "244",
      "245",
      "246",
      "247",
      "248",
      "249",
      "250",
      "251",
      "252",
      "253",
      "254",
      "255",
      "256",
      "257",
      "258",
      "259",
      "260",
      "261",
      "262",
      "264",
      "265",
      "266",
      "267",
      "269",
      "270",
      "271",
      "272",
      "273",
      "274",
      "275",
      "276",
      "277",
      "278",
      "279",
      "280",
      "281",
      "282",
      "283",
      "284",
      "285",
      "286",
      "287",
      "288",
      "289",
      "290",
      "291",
      "292",
      "293",
      "294",
      "295",
      "296",
      "297",
      "298",
      "299",
      "300",
      "301",
      "302",
      "303",
      "304",
      "305",
      "306",
      "307",
      "308",
      "309",
      "310"
    ]
  },
  "roc_auc": {
    "macro_auc": 0.7704933241110173,
    "per_class_auc": {
      "NOR": 0.6641025641025641,
      "HCM": 0.871611253196931,
      "ARR": 0.5744897959183674,
      "CIA": 0.7285714285714286,
      "FALL": 0.9755102040816326,
      "LV": 0.8086746987951807
    }
  },
  "binary": {
    "accuracy": 0.7037037037037037,
    "f1": 0.8117647058823529,
    "sensitivity": 0.8846153846153846,
    "specificity": 0.23333333333333334,
    "roc_auc": 0.6641025641025641,
    "binary_labels": [
      0,
      0,
      0,
      0,
      0,
      0,
      0,
      0,
      0,
      0,
      0,
      0,
      0,
      0,
      0,
      0,
      0,
      0,
      0,
      0,
      0,
      0,
      0,
      0,
      0,
      0,
      0,
      0,
      0,
      0,
      1,
      1,
      1,
      1,
      1,
      1,
      1,
      1,
      1,
      1,
      1,
      1,
      1,
      1,
      1,
      1,
      1,
      1,
      1,
      1,
      1,
      1,
      1,
      1,
      1,
      1,
      1,
      1,
      1,
      1,
      1,
      1,
      1,
      1,
      1,
      1,
      1,
      1,
      1,
      1,
      1,
      1,
      1,
      1,
      1,
      1,
      1,
      1,
      1,
      1,
      1,
      1,
      1,
      1,
      1,
      1,
      1,
      1,
      1,
      1,
      1,
      1,
      1,
      1,
      1,
      1,
      1,
      1,
      1,
      1,
      1,
      1,
      1,
      1,
      1,
      1,
      1,
      1
    ],
    "binary_probs": [
      0.9995565923747501,
      0.9890383259071833,
      0.006670717036882157,
      0.032061464116265204,
      0.041126592249684624,
      0.13489254994337063,
      0.9361621416694434,
      0.0027674607489263092,
      0.000665246441378442,
      0.00017051649283850168,
      0.9998530013468663,
      0.9999656540466939,
      0.999992581210015,
      0.9999569473526021,
      0.9999266469631763,
      0.9998742367586365,
      0.9997707776572032,
      0.99995907683153,
      0.9999488960895706,
      0.9994195314796851,
      0.9960455524519141,
      0.8096801449514133,
      0.999980759304218,
      0.999968338694722,
      0.9997173214546219,
      0.9999985496739388,
      0.9992122299015856,
      0.9984773490239206,
      0.9640310117836015,
      0.9982696014008837,
      0.999999191970535,
      0.9999999342851473,
      0.9999998923779854,
      0.9999859300427202,
      0.9999710459033704,
      0.9999648760446583,
      0.9997439313744154,
      0.9999965342345869,
      0.9999452111379695,
      0.9999897442771217,
      0.9999999840107013,
      0.9999999527772406,
      0.9998923257526234,
      0.999992422463951,
      0.9999999984099623,
      0.9999918923215977,
      0.919362737353075,
      0.999993895463064,
      0.9999998763949509,
      0.9999799652416917,
      0.9999939813508352,
      0.9901009046671487,
      0.9999999999896515,
      0.9998405800121771,
      0.9999999172775904,
      0.14421983358677015,
      0.999772208178089,
      0.030290334333969327,
      0.9863534896777919,
      0.77885022318092,
      0.05926091662585309,
      0.9999597070987712,
      0.5498014113384501,
      0.003178163154806235,
      0.9999962025624852,
      0.9970114182985219,
      0.8651056906096625,
      0.018462786512899232,
      0.9999999819758661,
      0.9408321362879516,
      0.67387878834738,
      0.4225014329014083,
      0.9196113661371722,
      0.988425941631614,
      0.8068468052323274,
      0.9991076242646525,
      0.9998133109971873,
      0.5065093326745699,
      0.9998965656928829,
      0.9996772294596815,
      0.9999371249302389,
      0.9998190871405177,
      0.9999998252983174,
      0.9999986932237983,
      0.9994593463694125,
      0.9999998907193296,
      0.9991064026673474,
      0.999999678374041,
      0.9999972300658282,
      0.9982009153175236,
      0.9999963619767109,
      0.998277877712011,
      0.9999999253547036,
      0.9999972387931394,
      0.9981093283470056,
      0.9999978642300816,
      0.9999991533387474,
      0.9995972372879454,
      0.9999950275392633,
      0.09806334458035082,
      0.18378813304858588,
      0.021470466697160573,
      0.9999421372868005,
      0.9999911567716243,
      0.9999910342505375,
      0.9999918319136933,
      0.9999996789027639,
      0.7595134038472164
    ]
  }
}