{
  "config": {
    "dataset": "mnm2",
    "backbone": "dinov3",
    "model_name": "dinov3_vits16",
    "eval_mode": "logreg",
    "freeze_backbone": true,
    "pooling": "gap",
    "embed_dim": 384,
    "best_hyperparam": 3.1622776985168457,
    "hyperparam_name": "C",
    "num_classes": 6,
    "class_names": [
      "NOR",
      "HCM",
      "ARR",
      "CIA",
      "FALL",
      "LV"
    ]
  },
  "sweep_results": [
    {
      "param_value": 9.999999974752427e-07,
      "mean_cv_acc": 0.17857142857142858,
      "std_cv_acc": 0.0
    },
    {
      "param_value": 1.7782793975129607e-06,
      "mean_cv_acc": 0.17857142857142858,
      "std_cv_acc": 0.0
    },
    {
      "param_value": 3.1622776077711023e-06,
      "mean_cv_acc": 0.17857142857142858,
      "std_cv_acc": 0.0
    },
    {
      "param_value": 5.6234130170196295e-06,
      "mean_cv_acc": 0.17857142857142858,
      "std_cv_acc": 0.0
    },
    {
      "param_value": 9.999999747378752e-06,
      "mean_cv_acc": 0.17857142857142858,
      "std_cv_acc": 0.0
    },
    {
      "param_value": 1.778279329300858e-05,
      "mean_cv_acc": 0.17857142857142858,
      "std_cv_acc": 0.0
    },
    {
      "param_value": 3.162277789670043e-05,
      "mean_cv_acc": 0.25,
      "std_cv_acc": 0.0
    },
    {
      "param_value": 5.62341338081751e-05,
      "mean_cv_acc": 0.25,
      "std_cv_acc": 0.0
    },
    {
      "param_value": 9.999999747378752e-05,
      "mean_cv_acc": 0.2857142857142857,
      "std_cv_acc": 0.0
    },
    {
      "param_value": 0.00017782794020604342,
      "mean_cv_acc": 0.32142857142857145,
      "std_cv_acc": 0.0
    },
    {
      "param_value": 0.0003162277571391314,
      "mean_cv_acc": 0.32142857142857145,
      "std_cv_acc": 0.0
    },
    {
      "param_value": 0.000562341301701963,
      "mean_cv_acc": 0.39285714285714285,
      "std_cv_acc": 0.0
    },
    {
      "param_value": 0.0010000000474974513,
      "mean_cv_acc": 0.42857142857142855,
      "std_cv_acc": 0.0
    },
    {
      "param_value": 0.0017782794311642647,
      "mean_cv_acc": 0.4642857142857143,
      "std_cv_acc": 0.0
    },
    {
      "param_value": 0.003162277629598975,
      "mean_cv_acc": 0.4642857142857143,
      "std_cv_acc": 0.0
    },
    {
      "param_value": 0.005623413249850273,
      "mean_cv_acc": 0.4642857142857143,
      "std_cv_acc": 0.0
    },
    {
      "param_value": 0.009999999776482582,
      "mean_cv_acc": 0.4642857142857143,
      "std_cv_acc": 0.0
    },
    {
      "param_value": 0.017782794311642647,
      "mean_cv_acc": 0.4642857142857143,
      "std_cv_acc": 0.0
    },
    {
      "param_value": 0.03162277489900589,
      "mean_cv_acc": 0.4642857142857143,
      "std_cv_acc": 0.0
    },
    {
      "param_value": 0.05623413249850273,
      "mean_cv_acc": 0.4642857142857143,
      "std_cv_acc": 0.0
    },
    {
      "param_value": 0.10000000149011612,
      "mean_cv_acc": 0.4642857142857143,
      "std_cv_acc": 0.0
    },
    {
      "param_value": 0.17782793939113617,
      "mean_cv_acc": 0.4642857142857143,
      "std_cv_acc": 0.0
    },
    {
      "param_value": 0.3162277638912201,
      "mean_cv_acc": 0.5,
      "std_cv_acc": 0.0
    },
    {
      "param_value": 0.5623413324356079,
      "mean_cv_acc": 0.5,
      "std_cv_acc": 0.0
    },
    {
      "param_value": 1.0,
      "mean_cv_acc": 0.5,
      "std_cv_acc": 0.0
    },
    {
      "param_value": 1.778279423713684,
      "mean_cv_acc": 0.5,
      "std_cv_acc": 0.0
    },
    {
      "param_value": 3.1622776985168457,
      "mean_cv_acc": 0.5357142857142857,
      "std_cv_acc": 0.0
    },
    {
      "param_value": 5.6234130859375,
      "mean_cv_acc": 0.5357142857142857,
      "std_cv_acc": 0.0
    },
    {
      "param_value": 10.0,
      "mean_cv_acc": 0.5357142857142857,
      "std_cv_acc": 0.0
    },
    {
      "param_value": 17.782794952392578,
      "mean_cv_acc": 0.5,
      "std_cv_acc": 0.0
    },
    {
      "param_value": 31.62277603149414,
      "mean_cv_acc": 0.5,
      "std_cv_acc": 0.0
    },
    {
      "param_value": 56.234130859375,
      "mean_cv_acc": 0.5,
      "std_cv_acc": 0.0
    },
    {
      "param_value": 100.0,
      "mean_cv_acc": 0.5,
      "std_cv_acc": 0.0
    },
    {
      "param_value": 177.82794189453125,
      "mean_cv_acc": 0.5,
      "std_cv_acc": 0.0
    },
    {
      "param_value": 316.2277526855469,
      "mean_cv_acc": 0.5,
      "std_cv_acc": 0.0
    },
    {
      "param_value": 562.34130859375,
      "mean_cv_acc": 0.5,
      "std_cv_acc": 0.0
    },
    {
      "param_value": 1000.0,
      "mean_cv_acc": 0.5,
      "std_cv_acc": 0.0
    },
    {
      "param_value": 1778.2794189453125,
      "mean_cv_acc": 0.5,
      "std_cv_acc": 0.0
    },
    {
      "param_value": 3162.277587890625,
      "mean_cv_acc": 0.5,
      "std_cv_acc": 0.0
    },
    {
      "param_value": 5623.4130859375,
      "mean_cv_acc": 0.5,
      "std_cv_acc": 0.0
    },
    {
      "param_value": 10000.0,
      "mean_cv_acc": 0.5,
      "std_cv_acc": 0.0
    },
    {
      "param_value": 17782.794921875,
      "mean_cv_acc": 0.5,
      "std_cv_acc": 0.0
    },
    {
      "param_value": 31622.77734375,
      "mean_cv_acc": 0.5,
      "std_cv_acc": 0.0
    },
    {
      "param_value": 56234.1328125,
      "mean_cv_acc": 0.5,
      "std_cv_acc": 0.0
    },
    {
      "param_value": 100000.0,
      "mean_cv_acc": 0.5,
      "std_cv_acc": 0.0
    }
  ],
  "five_way": {
    "accuracy": 0.4537037037037037,
    "macro_f1": 0.40569575857821927,
    "macro_sensitivity": 0.4529951690821256,
    "macro_specificity": 0.8867535645707155,
    "per_class_sensitivity": {
      "NOR": 0.26666666666666666,
      "HCM": 0.391304347826087,
      "ARR": 0.0,
      "CIA": 0.5,
      "FALL": 0.8,
      "LV": 0.76
    },
    "per_class_specificity": {
      "NOR": 0.8589743589743589,
      "HCM": 0.9529411764705882,
      "ARR": 0.9795918367346939,
      "CIA": 0.8571428571428571,
      "FALL": 0.9489795918367347,
      "LV": 0.7228915662650602
    },
    "confusion_matrix": [
      [
        8,
        1,
        1,
        8,
        0,
        12
      ],
      [
        10,
        9,
        1,
        0,
        0,
        3
      ],
      [
        0,
        2,
        0,
        2,
        1,
        5
      ],
      [
        1,
        0,
        0,
        5,
        2,
        2
      ],
      [
        0,
        0,
        0,
        1,
        8,
        1
      ],
      [
        0,
        1,
        0,
        3,
        2,
        19
      ]
    ],
    "classification_report": {
      "NOR": {
        "precision": 0.42105263157894735,
        "recall": 0.26666666666666666,
        "f1-score": 0.32653061224489793,
        "support": 30.0
      },
      "HCM": {
        "precision": 0.6923076923076923,
        "recall": 0.391304347826087,
        "f1-score": 0.5,
        "support": 23.0
      },
      "ARR": {
        "precision": 0.0,
        "recall": 0.0,
        "f1-score": 0.0,
        "support": 10.0
      },
      "CIA": {
        "precision": 0.2631578947368421,
        "recall": 0.5,
        "f1-score": 0.3448275862068966,
        "support": 10.0
      },
      "FALL": {
        "precision": 0.6153846153846154,
        "recall": 0.8,
        "f1-score": 0.6956521739130435,
        "support": 10.0
      },
      "LV": {
        "precision": 0.4523809523809524,
        "recall": 0.76,
        "f1-score": 0.5671641791044776,
        "support": 25.0
      },
      "accuracy": 0.4537037037037037,
      "macro avg": {
        "precision": 0.40738063106484157,
        "recall": 0.4529951690821256,
        "f1-score": 0.40569575857821927,
        "support": 108.0
      },
      "weighted avg": {
        "precision": 0.450459303529479,
        "recall": 0.4537037037037037,
        "f1-score": 0.4248131522792433,
        "support": 108.0
      }
    },
    "probabilities": [
      [
        0.005811861719013534,
        0.06152190275356306,
        0.004868751801863392,
        0.02721023702540069,
        3.3867587015643836e-05,
        0.9005533791131437
      ],
      [
        0.005162824466665622,
        0.011027975412243362,
        0.051814574732425005,
        0.012741117077857689,
        0.03138500118110087,
        0.8878685071297074
      ],
      [
        0.9003952633986618,
        0.0988127638000549,
        3.731930288119981e-07,
        0.0007909228960108139,
        2.5379550211197426e-07,
        4.229167413576466e-07
      ],
      [
        0.993449784964861,
        0.004289828072529566,
        0.0013946537481656011,
        0.00072788680654446,
        6.25082164741974e-06,
        0.0001315955862517443
      ],
      [
        0.9990755985943203,
        4.777251166928495e-08,
        6.871071884501642e-07,
        0.0009009178860786478,
        2.25397775471848e-05,
        2.0886235378383226e-07
      ],
      [
        0.9924073377272977,
        9.273794463709208e-07,
        0.006879407075352621,
        0.00029834000471177743,
        5.609838457398677e-06,
        0.0004083779747339557
      ],
      [
        0.8275120507705126,
        1.650745266601017e-05,
        0.17113392781685333,
        0.0004169850351554528,
        0.00011998017092154856,
        0.0008005487538910282
      ],
      [
        0.9991105893965595,
        2.491706868214397e-06,
        0.0005811944674715197,
        0.00018179189213686338,
        9.448282471858138e-06,
        0.0001144842544919921
      ],
      [
        0.9848254964303446,
        4.0151743591904025e-08,
        0.014951499690962896,
        0.00017348522164642658,
        4.896881758294586e-05,
        5.096877194784041e-07
      ],
      [
        0.9918469968173815,
        2.5507935472077206e-07,
        0.007713498733736562,
        0.0004320304569114452,
        4.109377491983376e-06,
        3.1095351236712436e-06
      ],
      [
        0.008010900689878173,
        0.0005134611954124846,
        0.008225576216006092,
        0.00739059594154127,
        0.2482198961728248,
        0.7276395697843372
      ],
      [
        0.0013450025739246284,
        0.004443629314841997,
        0.881446125382863,
        0.07730233493943758,
        0.004202282636177759,
        0.03126062515275492
      ],
      [
        0.00019856184190511768,
        0.00045196415972922606,
        7.575536698089311e-05,
        0.9897178692475338,
        1.6857404682993097e-07,
        0.009555680809804144
      ],
      [
        0.008636722100380429,
        0.0001705614412936802,
        0.17195741988631963,
        0.6429137862240986,
        0.0119501968615383,
        0.16437131348636935
      ],
      [
        0.0009326416485185698,
        0.013078330400185805,
        0.0005364857029075445,
        0.977315417547417,
        5.920401203471991e-06,
        0.008131204299767525
      ],
      [
        0.0004104676997438599,
        0.0025560527387920736,
        0.329408032854599,
        0.019758972021382538,
        0.0019537580066833426,
        0.6459127166787992
      ],
      [
        0.025621856493482077,
        0.0004556274138328742,
        0.00043837996700090104,
        0.005824076238847192,
        0.0036093367755960933,
        0.9640507231112408
      ],
      [
        0.0007997149700182867,
        0.8162871430960332,
        0.024285424393581435,
        0.009765344915220579,
        0.00042493112367642866,
        0.1484374415014703
      ],
      [
        0.00011228556510798447,
        0.004597670862590152,
        0.0006316202264021096,
        0.8819620544901874,
        4.858742376885079e-06,
        0.11269151011333538
      ],
      [
        0.0007894298486911004,
        0.00040567919165573614,
        0.006557706617301811,
        0.5791826519975407,
        0.0018339050667913587,
        0.4112306272780192
      ],
      [
        0.03267395821578341,
        0.0010958509723415736,
        0.030253299993171077,
        0.00504516106714447,
        0.13888345001948124,
        0.7920482797320781
      ],
      [
        0.30925405236826053,
        3.4007851820886987e-06,
        1.6225625782250933e-05,
        0.45399764366409395,
        4.337518546120492e-05,
        0.23668530237121999
      ],
      [
        0.0014985838025242909,
        0.0004370566729400271,
        0.15965292436729217,
        0.00037597756154904885,
        0.0007574435597577714,
        0.8372780140359366
      ],
      [
        0.011944021278435416,
        0.022188950308775563,
        0.0008822259548146113,
        0.09714848491319722,
        0.0001947336412528412,
        0.8676415839035243
      ],
      [
        0.00013366574518160554,
        0.0001547473067114858,
        0.0001552590249304317,
        0.0013701276994888933,
        6.860781345532304e-05,
        0.9981175924102321
      ],
      [
        0.0004074342934841355,
        0.0003181134912496038,
        0.0010955154763677244,
        0.004038886365755897,
        3.243953191040642e-07,
        0.9941397259778236
      ],
      [
        0.17215391716303963,
        0.0027529026076476572,
        0.10108820686618347,
        0.03561858576297303,
        0.0004324883477532346,
        0.687953899252403
      ],
      [
        0.00022317766001193266,
        0.0020620742801706147,
        0.002406112067325293,
        0.08566183450332518,
        3.9792321119897886e-05,
        0.909607009168047
      ],
      [
        0.01177487924145594,
        0.4055566036772034,
        0.006263510583441364,
        0.4775359572512443,
        1.1796497251423641e-05,
        0.09885725274940353
      ],
      [
        0.02448610759502859,
        0.003909826520042707,
        0.0025411379422765053,
        0.9415941611889096,
        0.0002698220746517817,
        0.02719894467909083
      ],
      [
        9.602536118835229e-05,
        0.01075721397858316,
        6.05866051884958e-06,
        0.002470935340745976,
        9.953106206522147e-05,
        0.9865702355968984
      ],
      [
        7.118005377611744e-06,
        0.00024268103786705394,
        0.0006670127488224512,
        1.3803062557360432e-05,
        0.0015224053976420706,
        0.9975469797477333
      ],
      [
        8.554640384514039e-06,
        0.016413061517179656,
        0.2056005187478127,
        0.0027193034098499463,
        0.00025919277061572596,
        0.7749993689141573
      ],
      [
        0.00020359424586609615,
        0.00010184191815822937,
        0.017126836627041817,
        0.42454072073599686,
        0.0014627681179048865,
        0.5565642383550322
      ],
      [
        0.0003776455645436513,
        0.0001427220637109103,
        0.30014565559910733,
        0.10393547991864788,
        0.19114139691525253,
        0.40425709993873754
      ],
      [
        1.8012550555959952e-05,
        2.2289694129161023e-05,
        0.0003028018041848954,
        0.5760887555818398,
        0.0005974756094485175,
        0.4229706647598417
      ],
      [
        0.0010449225142761817,
        0.03706845673023712,
        0.041977103576122374,
        0.0077498647123021,
        0.00021185049109361716,
        0.9119478019759687
      ],
      [
        6.430072752013115e-05,
        8.989709111088023e-06,
        0.001097218670332649,
        1.8746122455609024e-05,
        0.0001087956702782901,
        0.9987019491003023
      ],
      [
        6.780781694637273e-05,
        0.08119287187172829,
        0.00047259547609135213,
        0.1637005422190397,
        3.293875293131031e-05,
        0.7545332438632629
      ],
      [
        0.00010179998760555366,
        0.724540945233342,
        0.06190653220952219,
        0.2035381478036846,
        0.0066058409127907015,
        0.0033067338530548916
      ],
      [
        7.802830420622722e-05,
        0.00044388437286063,
        0.022879611341901026,
        0.00046639164979782744,
        0.0017211961793010423,
        0.9744108881519333
      ],
      [
        5.790188112096077e-09,
        0.003460720057772653,
        9.424517114513943e-05,
        1.7266558469457965e-05,
        0.0008274197114653555,
        0.9956003427109593
      ],
      [
        0.0008512367459363072,
        0.14311937659672833,
        0.26306847191512855,
        0.10336597477252811,
        0.00027908837594485466,
        0.48931585159373386
      ],
      [
        7.41791310435293e-05,
        0.0014282108715904123,
        0.033014691481684524,
        0.08654913979051765,
        0.007012193186038665,
        0.8719215855391254
      ],
      [
        3.31886671638852e-08,
        0.002609470929570856,
        4.823325525119128e-06,
        4.5340295874821735e-06,
        0.0038720042323379875,
        0.9935091342943114
      ],
      [
        0.0004479928000839765,
        0.0005994948018098547,
        0.0005152420363686032,
        0.23251467589298416,
        0.012442285838601711,
        0.7534803086301517
      ],
      [
        4.720970419805759e-06,
        0.00014559644984065573,
        0.0002452190718977616,
        0.00033348389434648053,
        0.9952644623583552,
        0.00400651725514009
      ],
      [
        1.8557191509701946e-06,
        0.0002068768073383767,
        0.46417785611734746,
        0.5110316865346807,
        0.0002430197045620829,
        0.02433870511692042
      ],
      [
        8.085780608484608e-05,
        0.0019043257343602789,
        0.0001707407892962321,
        0.0025358303105231603,
        0.00016319437250785336,
        0.9951450509872276
      ],
      [
        2.8052236819019864e-06,
        3.7257669599652946e-05,
        0.0049903808567815745,
        0.0009661512792407297,
        2.2851814290139774e-05,
        0.993980553156406
      ],
      [
        0.0005075814245710095,
        5.3773799653688747e-05,
        0.0604908934316314,
        0.0001792374255381892,
        0.000569518381690264,
        0.9381989955369154
      ],
      [
        0.005064148384520871,
        8.915203300621571e-07,
        0.019407047021101055,
        0.007352952980043439,
        0.8484074376781804,
        0.11976752241582417
      ],
      [
        1.711489941233747e-07,
        1.4913380644038046e-06,
        4.90744033671034e-05,
        5.066654757571222e-06,
        0.002661369860981178,
        0.9972828265938356
      ],
      [
        0.00022313683044908203,
        0.02522872399274141,
        0.004098913331681686,
        0.4160736300954389,
        0.4108890293514339,
        0.14348656639825483
      ],
      [
        0.0019405994434364396,
        6.631626474566924e-05,
        0.0003391761822851283,
        0.00023710611810710616,
        0.00023805045091464678,
        0.997178751540511
      ],
      [
        0.9954625506829992,
        1.9740766226604135e-05,
        0.0012316428718433436,
        0.00014217739724218644,
        0.003139452782295229,
        4.435499393443254e-06
      ],
      [
        7.140681576586584e-05,
        0.49128027457401735,
        0.21357273387833942,
        0.0013824818231394824,
        0.006546903644447605,
        0.28714619926429
      ],
      [
        0.8599186374497859,
        0.13100533886643892,
        0.0005544828537385754,
        0.008483126208010582,
        3.6911596034630376e-05,
        1.5030259912980457e-06
      ],
      [
        0.0001990996780721385,
        0.7676484629447519,
        0.0006055103238836027,
        0.029822722123035043,
        0.0006958653379931868,
        0.20102833959226404
      ],
      [
        0.9022954444588611,
        0.025119621388536347,
        0.07088265378455623,
        0.0012880052684363168,
        0.0003975585759203682,
        1.671652368951123e-05
      ],
      [
        0.9984106144302058,
        0.0012160530629107644,
        3.967699938819369e-05,
        0.00031998804272117095,
        1.3260003873806512e-05,
        4.0746090000670554e-07
      ],
      [
        0.000519228288025776,
        0.15743114789256665,
        0.05067373608257928,
        0.005343496915019222,
        0.004709210880714454,
        0.7813231799410946
      ],
      [
        0.7234122831371348,
        0.2713494459695896,
        0.00171507612450639,
        0.003481830935223634,
        4.0895184574279337e-05,
        4.6864897136889924e-07
      ],
      [
        0.9831263253616304,
        0.01675204045375026,
        1.6260722913509572e-05,
        2.8969634729289612e-05,
        7.634453345450867e-05,
        5.929352220164496e-08
      ],
      [
        7.552056775348466e-05,
        0.002634176233240001,
        0.04842005787591408,
        0.00012418026572383228,
        0.0006269408286855179,
        0.948119124228683
      ],
      [
        0.005917971031255432,
        0.2139822515494936,
        0.0006905461207127114,
        0.017946005278479372,
        0.008637691958069588,
        0.7528255340619893
      ],
      [
        0.7198222939895246,
        0.27946674031186575,
        0.0005909965773592994,
        0.00011730926267392693,
        1.4555703606817687e-06,
        1.2042882158769442e-06
      ],
      [
        0.998263705827299,
        5.917023522708777e-05,
        0.001142549256136535,
        1.904362732307533e-05,
        0.0005144003242035487,
        1.1307298105920713e-06
      ],
      [
        7.451638636907118e-05,
        0.9880281686723433,
        2.498355295378915e-06,
        0.00014206692257275158,
        0.0007809320625212301,
        0.01097181760089841
      ],
      [
        0.04662190760746136,
        0.9533524505429479,
        1.10014952288586e-06,
        9.20613995477064e-06,
        1.5332546590828674e-05,
        3.013522170602681e-09
      ],
      [
        0.0007971613556161896,
        0.001053485707679187,
        0.988853547890339,
        0.009184695683146647,
        8.333387642125975e-05,
        2.777548679779717e-05
      ],
      [
        0.7082524081814373,
        0.09473828545245376,
        0.19259792596607703,
        0.0013304913802774264,
        0.0030700408206146296,
        1.0848199139851636e-05
      ],
      [
        0.04206162724057546,
        0.8554943881452299,
        0.09449807053999276,
        0.0071002610699307115,
        0.0008219481170296541,
        2.3704887241651136e-05
      ],
      [
        0.0004317172728255702,
        0.999464994830691,
        1.3729847779089663e-06,
        0.00010172493958632558,
        6.977599280883003e-08,
        1.2019612637904368e-07
      ],
      [
        0.9081536005918932,
        0.0907870583826839,
        0.0004932803275181082,
        0.00018093097091270951,
        0.0003848048907872011,
        3.248362049992217e-07
      ],
      [
        0.007601580005021028,
        0.6618219308420921,
        0.01905128990036973,
        0.008957011733227351,
        0.008511140152870704,
        0.2940570473664191
      ],
      [
        0.000566719814890725,
        0.8561921224287159,
        0.13177712500925876,
        2.161705909481348e-05,
        0.011281829793697844,
        0.0001605858943418662
      ],
      [
        0.3302805468773473,
        0.6206828960308926,
        0.04870144585257086,
        0.0002474277300009323,
        8.757323720531909e-05,
        1.1027198310000377e-07
      ],
      [
        0.000993185959303693,
        0.006382381615534874,
        0.0005479995062812824,
        0.011458029001845761,
        0.01342454208537631,
        0.9671938618316581
      ],
      [
        0.00019545429060651435,
        7.945038870524828e-06,
        0.0014834456234603566,
        0.020103375759874205,
        0.9778749796759845,
        0.0003347996112039124
      ],
      [
        0.018694544077562318,
        0.9207900564231859,
        0.00206559983270627,
        0.00028711188434769766,
        1.2239350538364463e-05,
        0.058150448431659285
      ],
      [
        0.00014223535376970512,
        0.0001810980067329089,
        0.0019280610446695975,
        0.9657974995275257,
        0.023735272799896807,
        0.008215833267405118
      ],
      [
        0.000872459015835657,
        0.0027653867677108123,
        0.0006891586928749346,
        0.6675574260613069,
        9.986409812854607e-07,
        0.3281145708212906
      ],
      [
        0.0003088252509527808,
        0.020965181941664746,
        8.674890872419092e-05,
        0.3064899882066345,
        0.002247101252368626,
        0.6699021544396552
      ],
      [
        0.00010672222879169353,
        0.04618901580803948,
        0.0005996124806069346,
        0.0005949153259700829,
        2.6041516157686623e-05,
        0.9524836926404341
      ],
      [
        5.315455137274527e-07,
        0.002973263040300483,
        1.7201754333859747e-05,
        0.00028964326671232255,
        0.00013922172776517907,
        0.9965801386653744
      ],
      [
        0.0009207767979678769,
        0.8862056831744547,
        0.08921800562410033,
        0.011722568912549657,
        0.011876097357656034,
        5.686813327164536e-05
      ],
      [
        0.00012819159357867077,
        0.08018038293716677,
        0.000674830737672971,
        0.011883936755436149,
        0.00035650138018966047,
        0.9067761565959558
      ],
      [
        1.4646228739533987e-05,
        2.0316095778059657e-05,
        1.459834805287321e-05,
        0.011332885491979491,
        0.9886134883906966,
        4.065444753500426e-06
      ],
      [
        0.000519284948087586,
        1.8965004555842847e-05,
        1.4333494203790099e-05,
        0.004701129050443002,
        0.9946729319135276,
        7.335558918227723e-05
      ],
      [
        1.1225175028233124e-06,
        4.1239151068665164e-08,
        3.201782568472427e-05,
        0.0004503627893187154,
        0.9993399564830587,
        0.0001764991452839735
      ],
      [
        9.705628264248212e-06,
        1.3288553218915063e-06,
        2.078259241662941e-05,
        0.9989986141214814,
        0.0009546042109048753,
        1.496459161087681e-05
      ],
      [
        8.756710375610487e-05,
        0.004293583352057202,
        0.04748312057926321,
        0.01094309825946692,
        0.9365719381084681,
        0.0006206925969885205
      ],
      [
        4.825939530521261e-05,
        2.409581378993507e-05,
        0.03444635528466031,
        0.0009268805159472332,
        0.9624377707524994,
        0.0021166382377979507
      ],
      [
        0.0008071814556286807,
        0.012459377398258685,
        0.0010944410311221962,
        0.22563582006829547,
        0.7531153084598265,
        0.006887871586868411
      ],
      [
        0.0023325472890366314,
        0.025185794229317125,
        0.011270688635390253,
        0.013730862400837467,
        0.9469609415001904,
        0.0005191659452282638
      ],
      [
        3.5321119564882556e-07,
        0.0008228867490447426,
        0.0023614625081561074,
        0.0017881292863564185,
        0.9942434770686351,
        0.0007836911766118612
      ],
      [
        3.1418287569966404e-06,
        0.02591317815476201,
        0.0001835862953844331,
        0.08182540687862194,
        0.025936549949856058,
        0.8661381368926186
      ],
      [
        0.0003259268991029892,
        0.0008829972504825923,
        0.0008179029452836422,
        0.29206521779027617,
        0.0045695447108781186,
        0.7013384104039766
      ],
      [
        0.7427715821765911,
        0.015289792639083108,
        0.0002597716227814364,
        0.24094500247847425,
        0.0005476888018457046,
        0.0001861622812244867
      ],
      [
        0.013205697811391406,
        4.090180803159422e-07,
        3.033220986039565e-05,
        0.9726766662013233,
        0.01300620692716905,
        0.0010806878321753923
      ],
      [
        0.4456439813818198,
        0.0012379196848176864,
        1.6095687932436249e-06,
        0.5439070475354777,
        0.009209120525635127,
        3.2130345633750095e-07
      ],
      [
        0.0030460330639997023,
        0.0012764029430051566,
        0.0016667689711843243,
        0.47819945411018094,
        0.14097597722468058,
        0.37483536368694925
      ],
      [
        0.0004948848026835637,
        3.0596255146737668e-06,
        0.008789216058070187,
        0.8733351334932858,
        0.01729027203438328,
        0.10008743398606257
      ],
      [
        0.0007965059230921997,
        0.002452784188897049,
        0.0005498313223172291,
        0.5579935105219451,
        0.003965523853459614,
        0.4342418441902887
      ],
      [
        0.00010441261794315101,
        5.337155799892703e-05,
        0.0002383033726557912,
        0.12304432084963095,
        0.010356504933524312,
        0.866203086668247
      ],
      [
        3.3818469723768163e-06,
        1.8844618242760125e-07,
        3.738184541617961e-07,
        0.0009071962243551538,
        0.9956009901183146,
        0.00348786954572137
      ],
      [
        0.13347427223547556,
        3.465496439071508e-08,
        0.0001533108917611354,
        0.05141759500463477,
        0.5243023001416406,
        0.29065248707152347
      ]
    ],
    "predictions": [
      5,
      5,
      0,
      0,
      0,
      0,
      0,
      0,
      0,
      0,
      5,
      2,
      3,
      3,
      3,
      5,
      5,
      1,
      3,
      3,
      5,
      3,
      5,
      5,
      5,
      5,
      5,
      5,
      3,
      3,
      5,
      5,
      5,
      5,
      5,
      3,
      5,
      5,
      5,
      1,
      5,
      5,
      5,
      5,
      5,
      5,
      4,
      3,
      5,
      5,
      5,
      4,
      5,
      3,
      5,
      0,
      1,
      0,
      1,
      0,
      0,
      5,
      0,
      0,
      5,
      5,
      0,
      0,
      1,
      1,
      2,
      0,
      1,
      1,
      0,
      1,
      1,
      1,
      5,
      4,
      1,
      3,
      3,
      5,
      5,
      5,
      1,
      5,
      4,
      4,
      4,
      3,
      4,
      4,
      4,
      4,
      4,
      5,
      5,
      0,
      3,
      3,
      3,
      3,
      3,
      5,
      4,
      4
    ],
    "true_labels": [
      0,
      0,
      0,
      0,
      0,
      0,
      0,
      0,
      0,
      0,
      0,
      0,
      0,
      0,
      0,
      0,
      0,
      0,
      0,
      0,
      0,
      0,
      0,
      0,
      0,
      0,
      0,
      0,
      0,
      0,
      5,
      5,
      5,
      5,
      5,
      5,
      5,
      5,
      5,
      5,
      5,
      5,
      5,
      5,
      5,
      5,
      5,
      5,
      5,
      5,
      5,
      5,
      5,
      5,
      5,
      1,
      1,
      1,
      1,
      1,
      1,
      1,
      1,
      1,
      1,
      1,
      1,
      1,
      1,
      1,
      1,
      1,
      1,
      1,
      1,
      1,
      1,
      1,
      2,
      2,
      2,
      2,
      2,
      2,
      2,
      2,
      2,
      2,
      4,
      4,
      4,
      4,
      4,
      4,
      4,
      4,
      4,
      4,
      3,
      3,
      3,
      3,
      3,
      3,
      3,
      3,
      3,
      3
    ],
    "patient_ids": [
      "201",
      "202",
      "203",
      "204",
      "205",
      "206",
      "207",
      "208",
      "209",
      "210",
      "211",
      "212",
      "213",
      "214",
      "215",
      "216",
      "217",
      "218",
      "219",
      "220",
      "221",
      "222",
      "223",
      "224",
      "225",
      "226",
      "227",
      "228",
      "229",
      "230",
      "231",
      "232",
      "233",
      "234",
      "235",
      "236",
      "237",
      "238",
      "239",
      "240",
      "241",
      "242",
      "243",
      "244",
      "245",
      "246",
      "247",
      "248",
      "249",
      "250",
      "251",
      "252",
      "253",
      "254",
      "255",
      "256",
      "257",
      "258",
      "259",
      "260",
      "261",
      "262",
      "264",
      "265",
      "266",
      "267",
      "269",
      "270",
      "271",
      "272",
      "273",
      "274",
      "275",
      "276",
      "277",
      "278",
      "279",
      "280",
      "281",
      "282",
      "283",
      "284",
      "285",
      "286",
      "287",
      "288",
      "289",
      "290",
      "291",
      "292",
      "293",
      "294",
      "295",
      "296",
      "297",
      "298",
      "299",
      "300",
      "301",
      "302",
      "303",
      "304",
      "305",
      "306",
      "307",
      "308",
      "309",
      "310"
    ]
  },
  "roc_auc": {
    "macro_auc": 0.7590369819918047,
    "per_class_auc": {
      "NOR": 0.7405982905982906,
      "HCM": 0.8286445012787724,
      "ARR": 0.4316326530612245,
      "CIA": 0.813265306122449,
      "FALL": 0.9275510204081633,
      "LV": 0.8125301204819277
    }
  },
  "binary": {
    "accuracy": 0.6944444444444444,
    "f1": 0.8023952095808383,
    "sensitivity": 0.8589743589743589,
    "specificity": 0.26666666666666666,
    "roc_auc": 0.7405982905982906,
    "binary_labels": [
      0,
      0,
      0,
      0,
      0,
      0,
      0,
      0,
      0,
      0,
      0,
      0,
      0,
      0,
      0,
      0,
      0,
      0,
      0,
      0,
      0,
      0,
      0,
      0,
      0,
      0,
      0,
      0,
      0,
      0,
      1,
      1,
      1,
      1,
      1,
      1,
      1,
      1,
      1,
      1,
      1,
      1,
      1,
      1,
      1,
      1,
      1,
      1,
      1,
      1,
      1,
      1,
      1,
      1,
      1,
      1,
      1,
      1,
      1,
      1,
      1,
      1,
      1,
      1,
      1,
      1,
      1,
      1,
      1,
      1,
      1,
      1,
      1,
      1,
      1,
      1,
      1,
      1,
      1,
      1,
      1,
      1,
      1,
      1,
      1,
      1,
      1,
      1,
      1,
      1,
      1,
      1,
      1,
      1,
      1,
      1,
      1,
      1,
      1,
      1,
      1,
      1,
      1,
      1,
      1,
      1,
      1,
      1
    ],
    "binary_probs": [
      0.9941881382809865,
      0.9948371755333344,
      0.09960473660133817,
      0.006550215035138973,
      0.0009244014056797312,
      0.0075926622727022774,
      0.1724879492294874,
      0.0008894106034404992,
      0.01517450356965544,
      0.008153003182618468,
      0.9919890993101218,
      0.9986549974260753,
      0.9998014381580949,
      0.9913632778996195,
      0.9990673583514814,
      0.9995895323002562,
      0.974378143506518,
      0.9992002850299817,
      0.999887714434892,
      0.9992105701513089,
      0.9673260417842166,
      0.6907459476317395,
      0.9985014161974757,
      0.9880559787215646,
      0.9998663342548184,
      0.9995925657065159,
      0.8278460828369604,
      0.9997768223399881,
      0.9882251207585441,
      0.9755138924049714,
      0.9999039746388116,
      0.9999928819946224,
      0.9999914453596155,
      0.9997964057541339,
      0.9996223544354563,
      0.999981987449444,
      0.9989550774857238,
      0.9999356992724798,
      0.9999321921830536,
      0.9998982000123945,
      0.9999219716957938,
      0.9999999942098119,
      0.9991487632540637,
      0.9999258208689564,
      0.9999999668113329,
      0.999552007199916,
      0.9999952790295802,
      0.999998144280849,
      0.9999191421939152,
      0.9999971947763181,
      0.999492418575429,
      0.9949358516154791,
      0.9999998288510059,
      0.9997768631695509,
      0.9980594005565636,
      0.004537449317000841,
      0.9999285931842341,
      0.14008136255021408,
      0.9998009003219278,
      0.09770455554113888,
      0.001589385569794155,
      0.9994807717119742,
      0.2765877168628652,
      0.01687367463836964,
      0.9999244794322465,
      0.9940820289687445,
      0.2801777060104754,
      0.0017362941727010472,
      0.999925483613631,
      0.9533780923925387,
      0.9992028386443839,
      0.2917475918185627,
      0.9579383727594245,
      0.9995682827271745,
      0.0918463994081068,
      0.992398419994979,
      0.9994332801851092,
      0.6697194531226527,
      0.9990068140406964,
      0.9998045457093935,
      0.9813054559224377,
      0.9998577646462303,
      0.9991275409841643,
      0.9996911747490472,
      0.9998932777712083,
      0.9999994684544863,
      0.9990792232020321,
      0.9998718084064213,
      0.9999853537712605,
      0.9994807150519124,
      0.9999988774824972,
      0.9999902943717357,
      0.9999124328962439,
      0.9999517406046948,
      0.9991928185443714,
      0.9976674527109634,
      0.9999996467888044,
      0.999996858171243,
      0.9996740731008971,
      0.2572284178234089,
      0.9867943021886086,
      0.5543560186181802,
      0.9969539669360002,
      0.9995051151973164,
      0.9992034940769078,
      0.9998955873820569,
      0.9999966181530276,
      0.8665257277645244
    ]
  }
}
