{
  "config": {
    "dataset": "mnm2",
    "backbone": "dinov3",
    "model_name": "dinov3_vits16",
    "eval_mode": "logreg",
    "pooling": "gap",
    "embed_dim": 384,
    "best_hyperparam": 3.1622776985168457,
    "hyperparam_name": "C",
    "num_classes": 6,
    "class_names": [
      "NOR",
      "HCM",
      "ARR",
      "CIA",
      "FALL",
      "LV"
    ]
  },
  "sweep_results": [
    {
      "param_value": 9.999999974752427e-07,
      "mean_cv_acc": 0.17857142857142858,
      "std_cv_acc": 0.0
    },
    {
      "param_value": 1.7782793975129607e-06,
      "mean_cv_acc": 0.17857142857142858,
      "std_cv_acc": 0.0
    },
    {
      "param_value": 3.1622776077711023e-06,
      "mean_cv_acc": 0.17857142857142858,
      "std_cv_acc": 0.0
    },
    {
      "param_value": 5.6234130170196295e-06,
      "mean_cv_acc": 0.17857142857142858,
      "std_cv_acc": 0.0
    },
    {
      "param_value": 9.999999747378752e-06,
      "mean_cv_acc": 0.17857142857142858,
      "std_cv_acc": 0.0
    },
    {
      "param_value": 1.778279329300858e-05,
      "mean_cv_acc": 0.17857142857142858,
      "std_cv_acc": 0.0
    },
    {
      "param_value": 3.162277789670043e-05,
      "mean_cv_acc": 0.25,
      "std_cv_acc": 0.0
    },
    {
      "param_value": 5.62341338081751e-05,
      "mean_cv_acc": 0.25,
      "std_cv_acc": 0.0
    },
    {
      "param_value": 9.999999747378752e-05,
      "mean_cv_acc": 0.2857142857142857,
      "std_cv_acc": 0.0
    },
    {
      "param_value": 0.00017782794020604342,
      "mean_cv_acc": 0.32142857142857145,
      "std_cv_acc": 0.0
    },
    {
      "param_value": 0.0003162277571391314,
      "mean_cv_acc": 0.32142857142857145,
      "std_cv_acc": 0.0
    },
    {
      "param_value": 0.000562341301701963,
      "mean_cv_acc": 0.39285714285714285,
      "std_cv_acc": 0.0
    },
    {
      "param_value": 0.0010000000474974513,
      "mean_cv_acc": 0.42857142857142855,
      "std_cv_acc": 0.0
    },
    {
      "param_value": 0.0017782794311642647,
      "mean_cv_acc": 0.4642857142857143,
      "std_cv_acc": 0.0
    },
    {
      "param_value": 0.003162277629598975,
      "mean_cv_acc": 0.4642857142857143,
      "std_cv_acc": 0.0
    },
    {
      "param_value": 0.005623413249850273,
      "mean_cv_acc": 0.4642857142857143,
      "std_cv_acc": 0.0
    },
    {
      "param_value": 0.009999999776482582,
      "mean_cv_acc": 0.4642857142857143,
      "std_cv_acc": 0.0
    },
    {
      "param_value": 0.017782794311642647,
      "mean_cv_acc": 0.4642857142857143,
      "std_cv_acc": 0.0
    },
    {
      "param_value": 0.03162277489900589,
      "mean_cv_acc": 0.4642857142857143,
      "std_cv_acc": 0.0
    },
    {
      "param_value": 0.05623413249850273,
      "mean_cv_acc": 0.4642857142857143,
      "std_cv_acc": 0.0
    },
    {
      "param_value": 0.10000000149011612,
      "mean_cv_acc": 0.4642857142857143,
      "std_cv_acc": 0.0
    },
    {
      "param_value": 0.17782793939113617,
      "mean_cv_acc": 0.4642857142857143,
      "std_cv_acc": 0.0
    },
    {
      "param_value": 0.3162277638912201,
      "mean_cv_acc": 0.5,
      "std_cv_acc": 0.0
    },
    {
      "param_value": 0.5623413324356079,
      "mean_cv_acc": 0.5,
      "std_cv_acc": 0.0
    },
    {
      "param_value": 1.0,
      "mean_cv_acc": 0.5,
      "std_cv_acc": 0.0
    },
    {
      "param_value": 1.778279423713684,
      "mean_cv_acc": 0.5,
      "std_cv_acc": 0.0
    },
    {
      "param_value": 3.1622776985168457,
      "mean_cv_acc": 0.5357142857142857,
      "std_cv_acc": 0.0
    },
    {
      "param_value": 5.6234130859375,
      "mean_cv_acc": 0.5357142857142857,
      "std_cv_acc": 0.0
    },
    {
      "param_value": 10.0,
      "mean_cv_acc": 0.5357142857142857,
      "std_cv_acc": 0.0
    },
    {
      "param_value": 17.782794952392578,
      "mean_cv_acc": 0.5,
      "std_cv_acc": 0.0
    },
    {
      "param_value": 31.62277603149414,
      "mean_cv_acc": 0.5,
      "std_cv_acc": 0.0
    },
    {
      "param_value": 56.234130859375,
      "mean_cv_acc": 0.5,
      "std_cv_acc": 0.0
    },
    {
      "param_value": 100.0,
      "mean_cv_acc": 0.5,
      "std_cv_acc": 0.0
    },
    {
      "param_value": 177.82794189453125,
      "mean_cv_acc": 0.5,
      "std_cv_acc": 0.0
    },
    {
      "param_value": 316.2277526855469,
      "mean_cv_acc": 0.5,
      "std_cv_acc": 0.0
    },
    {
      "param_value": 562.34130859375,
      "mean_cv_acc": 0.5,
      "std_cv_acc": 0.0
    },
    {
      "param_value": 1000.0,
      "mean_cv_acc": 0.5,
      "std_cv_acc": 0.0
    },
    {
      "param_value": 1778.2794189453125,
      "mean_cv_acc": 0.5,
      "std_cv_acc": 0.0
    },
    {
      "param_value": 3162.277587890625,
      "mean_cv_acc": 0.5,
      "std_cv_acc": 0.0
    },
    {
      "param_value": 5623.4130859375,
      "mean_cv_acc": 0.5,
      "std_cv_acc": 0.0
    },
    {
      "param_value": 10000.0,
      "mean_cv_acc": 0.5,
      "std_cv_acc": 0.0
    },
    {
      "param_value": 17782.794921875,
      "mean_cv_acc": 0.5,
      "std_cv_acc": 0.0
    },
    {
      "param_value": 31622.77734375,
      "mean_cv_acc": 0.5,
      "std_cv_acc": 0.0
    },
    {
      "param_value": 56234.1328125,
      "mean_cv_acc": 0.5,
      "std_cv_acc": 0.0
    },
    {
      "param_value": 100000.0,
      "mean_cv_acc": 0.5,
      "std_cv_acc": 0.0
    }
  ],
  "five_way": {
    "accuracy": 0.4537037037037037,
    "macro_f1": 0.40569575857821927,
    "macro_sensitivity": 0.4529951690821256,
    "macro_specificity": 0.8867535645707155,
    "per_class_sensitivity": {
      "NOR": 0.26666666666666666,
      "HCM": 0.391304347826087,
      "ARR": 0.0,
      "CIA": 0.5,
      "FALL": 0.8,
      "LV": 0.76
    },
    "per_class_specificity": {
      "NOR": 0.8589743589743589,
      "HCM": 0.9529411764705882,
      "ARR": 0.9795918367346939,
      "CIA": 0.8571428571428571,
      "FALL": 0.9489795918367347,
      "LV": 0.7228915662650602
    },
    "confusion_matrix": [
      [
        8,
        1,
        1,
        8,
        0,
        12
      ],
      [
        10,
        9,
        1,
        0,
        0,
        3
      ],
      [
        0,
        2,
        0,
        2,
        1,
        5
      ],
      [
        1,
        0,
        0,
        5,
        2,
        2
      ],
      [
        0,
        0,
        0,
        1,
        8,
        1
      ],
      [
        0,
        1,
        0,
        3,
        2,
        19
      ]
    ],
    "classification_report": {
      "NOR": {
        "precision": 0.42105263157894735,
        "recall": 0.26666666666666666,
        "f1-score": 0.32653061224489793,
        "support": 30.0
      },
      "HCM": {
        "precision": 0.6923076923076923,
        "recall": 0.391304347826087,
        "f1-score": 0.5,
        "support": 23.0
      },
      "ARR": {
        "precision": 0.0,
        "recall": 0.0,
        "f1-score": 0.0,
        "support": 10.0
      },
      "CIA": {
        "precision": 0.2631578947368421,
        "recall": 0.5,
        "f1-score": 0.3448275862068966,
        "support": 10.0
      },
      "FALL": {
        "precision": 0.6153846153846154,
        "recall": 0.8,
        "f1-score": 0.6956521739130435,
        "support": 10.0
      },
      "LV": {
        "precision": 0.4523809523809524,
        "recall": 0.76,
        "f1-score": 0.5671641791044776,
        "support": 25.0
      },
      "accuracy": 0.4537037037037037,
      "macro avg": {
        "precision": 0.40738063106484157,
        "recall": 0.4529951690821256,
        "f1-score": 0.40569575857821927,
        "support": 108.0
      },
      "weighted avg": {
        "precision": 0.450459303529479,
        "recall": 0.4537037037037037,
        "f1-score": 0.4248131522792433,
        "support": 108.0
      }
    },
    "probabilities": [
      [
        0.0058121179265657056,
        0.06152425551365764,
        0.004868768388056132,
        0.027209377465381518,
        3.3866876117870395e-05,
        0.9005516138302211
      ],
      [
        0.005163073376315745,
        0.011027576448955386,
        0.051816558229149115,
        0.012741512162021556,
        0.03138430501106673,
        0.8878669747724914
      ],
      [
        0.9004003654913212,
        0.098807720590395,
        3.732166203093177e-07,
        0.0007908641209128678,
        2.537568068541809e-07,
        4.2282394383963256e-07
      ],
      [
        0.9934500160426433,
        0.004289715051101533,
        0.0013946050896435198,
        0.0007278509751580794,
        6.249690971116879e-06,
        0.00013156315048254387
      ],
      [
        0.9990756900923508,
        4.776626118173165e-08,
        6.871595447337167e-07,
        0.0009008292741164599,
        2.253687652828731e-05,
        2.0883119846956238e-07
      ],
      [
        0.9924084930309545,
        9.272765784533202e-07,
        0.0068783855311534215,
        0.00029828968429818623,
        5.608709705093784e-06,
        0.00040829576731006345
      ],
      [
        0.8275199672840408,
        1.650643061828489e-05,
        0.17112607874827576,
        0.0004169605177512502,
        0.00011996895344505152,
        0.0008005180658687952
      ],
      [
        0.9991106628635792,
        2.4913716704924827e-06,
        0.0005811659749406455,
        0.00018176255946120203,
        9.446486935836446e-06,
        0.0001144707434125192
      ],
      [
        0.9848248174876214,
        4.014602784932734e-08,
        0.014952182719509757,
        0.00017348623781920821,
        4.896377063923905e-05,
        5.096383825632991e-07
      ],
      [
        0.9918480683918093,
        2.5504410164473007e-07,
        0.007712496193448904,
        0.0004319626536013948,
        4.108519644300235e-06,
        3.109197394378165e-06
      ],
      [
        0.00801173868871814,
        0.0005134605113243053,
        0.008226131455566252,
        0.0073915772092125525,
        0.24823522299621575,
        0.727621869138963
      ],
      [
        0.0013450072530147349,
        0.004443824732791172,
        0.8814436749329245,
        0.0773025177309188,
        0.004202199621255892,
        0.031262775729094985
      ],
      [
        0.00019857146629123615,
        0.00045201289908538775,
        7.576471441124551e-05,
        0.9897176955404191,
        1.6858104154388897e-07,
        0.00955578679875149
      ],
      [
        0.008637138139708631,
        0.00017055093404000498,
        0.17196634018922577,
        0.6429175232755139,
        0.011951185802246573,
        0.16435726165926515
      ],
      [
        0.0009325724328230022,
        0.013079395638533898,
        0.0005364843655484181,
        0.9773151107087668,
        5.920298370155479e-06,
        0.008130516555957973
      ],
      [
        0.00041045553244519004,
        0.002555729398380378,
        0.32940434763894466,
        0.01975720827998006,
        0.0019536810374826824,
        0.645918578112767
      ],
      [
        0.02562390122847117,
        0.00045556561933158396,
        0.0004383991533685934,
        0.005823884201109929,
        0.0036092978942109215,
        0.9640489519035079
      ],
      [
        0.0007996948544299455,
        0.816290369479443,
        0.024286276008133354,
        0.009765525896980893,
        0.00042492431391268434,
        0.1484332094471002
      ],
      [
        0.00011229251509757352,
        0.004597659494299697,
        0.0006316899191830484,
        0.8819533441017795,
        4.858653543009077e-06,
        0.11270015531609703
      ],
      [
        0.0007894955764252864,
        0.0004056578501801186,
        0.00655790402993681,
        0.5791976485368389,
        0.0018338393597361032,
        0.4112154546468827
      ],
      [
        0.0326740905260457,
        0.0010959709293019019,
        0.030254332788221424,
        0.00504508465848731,
        0.13886739938456685,
        0.7920631217133768
      ],
      [
        0.30925015674268164,
        3.4005955551645617e-06,
        1.6227619136630947e-05,
        0.45399983049336406,
        4.3374754007411055e-05,
        0.23668700979525495
      ],
      [
        0.0014985653214235866,
        0.0004370742196282101,
        0.15965833952141795,
        0.0003759838112658812,
        0.0007574466462067979,
        0.8372725904800576
      ],
      [
        0.011944314826785568,
        0.02219033824479583,
        0.0008822255880460286,
        0.09715430070847025,
        0.00019473134120116657,
        0.8676340892907011
      ],
      [
        0.00013366773732671904,
        0.0001547384747208507,
        0.0001552674296511508,
        0.0013701236107640435,
        6.860622403986384e-05,
        0.9981175965234973
      ],
      [
        0.0004074340078272986,
        0.00031814058788568893,
        0.0010956415749923355,
        0.004038788968206695,
        3.243962369190106e-07,
        0.9941396704648512
      ],
      [
        0.17214864061075183,
        0.0027527248070629094,
        0.10109815154684089,
        0.03561787604765094,
        0.00043247017246916223,
        0.6879501368152242
      ],
      [
        0.00022317901259836481,
        0.0020620189504185565,
        0.0024061270542072616,
        0.08566178076555851,
        3.9791475129164e-05,
        0.9096071027420882
      ],
      [
        0.011774166016807752,
        0.4055372101134349,
        0.006264021161158959,
        0.4775588109760092,
        1.1795923342167266e-05,
        0.09885399580924702
      ],
      [
        0.024485511672055378,
        0.0039095313286416,
        0.0025411840107296435,
        0.9415967254973402,
        0.0002698022264656411,
        0.027197245264767567
      ],
      [
        9.603088658198074e-05,
        0.010756902144214691,
        6.059333922276306e-06,
        0.0024709008479985675,
        9.953389002682456e-05,
        0.9865705728972557
      ],
      [
        7.1182506923896194e-06,
        0.00024268626521042492,
        0.0006670003358709553,
        1.3803128421590395e-05,
        0.001522305210839073,
        0.9975470868089655
      ],
      [
        8.554611639330526e-06,
        0.01641311837786396,
        0.20560971495768401,
        0.002719306893453266,
        0.00025919373514503936,
        0.7749901114242144
      ],
      [
        0.000203594553404048,
        0.00010183588070588817,
        0.017126371462191158,
        0.42453556223388617,
        0.001462717796745039,
        0.5565699180730677
      ],
      [
        0.0003776499418988565,
        0.00014271574534874466,
        0.3001445912429808,
        0.10394133114443559,
        0.1911345354891461,
        0.40425917643618975
      ],
      [
        1.8011840243634335e-05,
        2.2288360235675302e-05,
        0.0003028005153914117,
        0.5760840916924783,
        0.0005974616715571179,
        0.42297534592009395
      ],
      [
        0.001044942681445141,
        0.03706902345562497,
        0.04197744718090215,
        0.007749363966879172,
        0.00021185137624651071,
        0.911947371338902
      ],
      [
        6.430713000151965e-05,
        8.990457975840521e-06,
        0.0010973960602607966,
        1.8749166077155354e-05,
        0.00010880726901576792,
        0.998701749916669
      ],
      [
        6.780397846095454e-05,
        0.08118846315195982,
        0.000472584216190302,
        0.16370036800068047,
        3.2936845503160524e-05,
        0.7545378438072052
      ],
      [
        0.00010180566665229467,
        0.7245413616595018,
        0.06190636698560395,
        0.20353824802675027,
        0.006605690017194226,
        0.003306527644297576
      ],
      [
        7.802920641622439e-05,
        0.0004438485116444756,
        0.022878892027974163,
        0.0004663606637397085,
        0.0017211256121248911,
        0.9744117439781005
      ],
      [
        5.7907011077407225e-09,
        0.0034606158014866863,
        9.424998374273213e-05,
        1.726833520688322e-05,
        0.000827498842788427,
        0.9956003612460741
      ],
      [
        0.0008511262402593706,
        0.14312053874156389,
        0.2630960832724837,
        0.10336235275512477,
        0.00027906748787673465,
        0.48929083150269165
      ],
      [
        7.417517375302335e-05,
        0.0014280446969203722,
        0.03301450318274359,
        0.08654385483374655,
        0.007012132552217729,
        0.8719272895606187
      ],
      [
        3.318975137209038e-08,
        0.0026095744262092184,
        4.823701663118924e-06,
        4.534325283071833e-06,
        0.0038721201470189566,
        0.9935089142100741
      ],
      [
        0.0004480661502077181,
        0.0005995030408132985,
        0.0005152932730569122,
        0.23251623042394823,
        0.012443170194539171,
        0.7534777369174348
      ],
      [
        4.721300044843584e-06,
        0.00014556963761093976,
        0.0002452447905976436,
        0.00033345130615406116,
        0.9952644761301416,
        0.004006536835450932
      ],
      [
        1.85567578406882e-06,
        0.00020686150384020285,
        0.46418904778524156,
        0.5110219597129704,
        0.0002430054514239001,
        0.024337269870739853
      ],
      [
        8.085130475174748e-05,
        0.0019041694242024727,
        0.00017073929025772822,
        0.0025357691019164456,
        0.00016318823154815083,
        0.9951452826473235
      ],
      [
        2.805197196570717e-06,
        3.725784084716143e-05,
        0.004990490055192994,
        0.0009661609964882306,
        2.285184687436693e-05,
        0.9939804340634008
      ],
      [
        0.00050759609598108,
        5.3776659680177734e-05,
        0.06049262707388981,
        0.00017924743338829744,
        0.0005694939177646574,
        0.938197258819296
      ],
      [
        0.005064630516699841,
        8.914912131994606e-07,
        0.019409391499879067,
        0.007352659529888548,
        0.8483954560453706,
        0.1197769709169487
      ],
      [
        1.7116707452440317e-07,
        1.4912896949352727e-06,
        4.907547412537364e-05,
        5.0665511527897606e-06,
        0.0026613358493628534,
        0.9972828596685896
      ],
      [
        0.00022315272371880543,
        0.02522721332263778,
        0.004099219618068496,
        0.4160738238356585,
        0.4108947711495435,
        0.14348181935037294
      ],
      [
        0.0019406042150020297,
        6.63171651270078e-05,
        0.000339165533203447,
        0.0002371075522164203,
        0.00023803811238501195,
        0.997178767422066
      ],
      [
        0.9954627948856062,
        1.97400908614319e-05,
        0.001231676711752742,
        0.00014217411988348965,
        0.003139179442339862,
        4.434749556117708e-06
      ],
      [
        7.140290724564004e-05,
        0.49128055856500996,
        0.21357926805996422,
        0.0013824754164260046,
        0.0065464681767887205,
        0.28713982687456546
      ],
      [
        0.8599125214561257,
        0.13101090157952705,
        0.0005545502340169058,
        0.00848361417915782,
        3.690973264477902e-05,
        1.5028185278398904e-06
      ],
      [
        0.0001990950757515687,
        0.7676493839924228,
        0.000605517313677562,
        0.029822594901875797,
        0.0006958231368162465,
        0.20102758557945619
      ],
      [
        0.9022907694899446,
        0.025119969150328585,
        0.07088694993471097,
        0.001288066785254419,
        0.0003975301245816661,
        1.671451517990525e-05
      ],
      [
        0.9984106697258105,
        0.001215992156245623,
        3.96789801030135e-05,
        0.0003199931981520812,
        1.3258539791873738e-05,
        4.0739989696534053e-07
      ],
      [
        0.000519230911795134,
        0.15743518411816215,
        0.05067885779210974,
        0.005343562359383155,
        0.004709241447495055,
        0.7813139233710548
      ],
      [
        0.7234118612777439,
        0.27134960761270177,
        0.0017152041630959347,
        0.003481965567613381,
        4.08927889691824e-05,
        4.685898758064863e-07
      ],
      [
        0.9831256463928333,
        0.016752723344808543,
        1.6262137256363323e-05,
        2.896991336778784e-05,
        7.633892683032485e-05,
        5.928490352281378e-08
      ],
      [
        7.552130629324454e-05,
        0.002634073740776025,
        0.048421451572260625,
        0.00012417083958576585,
        0.0006269189564046105,
        0.9481178635846798
      ],
      [
        0.005917920262828037,
        0.21397654464467478,
        0.0006905502794128841,
        0.01794684877165653,
        0.008637211242821517,
        0.7528309247986062
      ],
      [
        0.7198275048048977,
        0.279461533819622,
        0.000591001732393488,
        0.00011730003802949815,
        1.4554472480525977e-06,
        1.2041578092890574e-06
      ],
      [
        0.9982637259821482,
        5.916164350409817e-05,
        0.0011426042810861604,
        1.9042637846027977e-05,
        0.0005143349749561409,
        1.1304804596314677e-06
      ],
      [
        7.451993044564311e-05,
        0.9880284236794793,
        2.4986059293515406e-06,
        0.000142069396597875,
        0.000780908125158414,
        0.010971580262389289
      ],
      [
        0.04662447965854354,
        0.953349877666333,
        1.1002948064608633e-06,
        9.206792432687223e-06,
        1.53325746292207e-05,
        3.013255105246446e-09
      ],
      [
        0.0007971653165624043,
        0.001053473627515003,
        0.9888532382167957,
        0.009185017815973601,
        8.33309689646861e-05,
        2.7774054188609954e-05
      ],
      [
        0.7082451636452401,
        0.09473861161410585,
        0.19260513457197617,
        0.0013305110770609183,
        0.003069732840771412,
        1.0846250845589208e-05
      ],
      [
        0.04206126482977525,
        0.8554931946961288,
        0.09449988365978602,
        0.007100113432795463,
        0.0008218421865149806,
        2.370119499969737e-05
      ],
      [
        0.00043172302754840335,
        0.9994649895983636,
        1.3729500992199683e-06,
        0.00010172447624593114,
        6.977028928263834e-08,
        1.2017745341447538e-07
      ],
      [
        0.9081546682833098,
        0.0907858687286689,
        0.0004933834078431283,
        0.00018094778233727384,
        0.00038480698218379807,
        3.248156570319822e-07
      ],
      [
        0.0076016696225920805,
        0.6618106885351671,
        0.01905314779212737,
        0.008956785781774832,
        0.008511208157722567,
        0.294066500110616
      ],
      [
        0.0005667800809156617,
        0.8562010381551438,
        0.1317688243645044,
        2.1616258074280646e-05,
        0.011281160910860157,
        0.000160580230501837
      ],
      [
        0.3302662153988788,
        0.6206968215355049,
        0.04870186709506272,
        0.0002474225319097988,
        8.756318959168898e-05,
        1.1024905189319875e-07
      ],
      [
        0.0009931995467825007,
        0.006382520279715061,
        0.0005480906786504799,
        0.011458589544107932,
        0.01342490692697129,
        0.9671926930237726
      ],
      [
        0.0001954795405897597,
        7.944590027682495e-06,
        0.0014835691841304608,
        0.020104476320869608,
        0.9778737144790911,
        0.000334815885291215
      ],
      [
        0.018694465065846117,
        0.9207953293890145,
        0.002065452370982553,
        0.000287080801102805,
        1.2238149330359414e-05,
        0.058145434223723744
      ],
      [
        0.00014224078022045218,
        0.00018108342111984273,
        0.0019283070987261583,
        0.9657965405527502,
        0.023735547615042457,
        0.008216280532140947
      ],
      [
        0.0008723820522153977,
        0.002765195700060211,
        0.0006892104700412192,
        0.6675817550353459,
        9.986120585913416e-07,
        0.32809045813027865
      ],
      [
        0.0003088153993494413,
        0.020964150064747642,
        8.675468054292083e-05,
        0.3065054631645233,
        0.0022470043141682296,
        0.6698878123766684
      ],
      [
        0.00010671790006732363,
        0.046188100490947195,
        0.0005996281337401121,
        0.0005948544231243922,
        2.6039467740458198e-05,
        0.9524846595843804
      ],
      [
        5.31571445146428e-07,
        0.002973100650788273,
        1.7200919147196564e-05,
        0.0002896396366108868,
        0.00013921535563229622,
        0.9965803118663761
      ],
      [
        0.0009207732532714574,
        0.886208129903594,
        0.08921697901501888,
        0.011722065321238815,
        0.011875189265432323,
        5.686324144451916e-05
      ],
      [
        0.00012818782475677542,
        0.08017702316470447,
        0.0006748241694472098,
        0.011883140125122132,
        0.0003564895880812333,
        0.9067803351278881
      ],
      [
        1.4646807387640296e-05,
        2.031547948911889e-05,
        1.4599467661096545e-05,
        0.011333846661943724,
        0.9886125262548353,
        4.065328683164455e-06
      ],
      [
        0.000519322184080276,
        1.8963509688528055e-05,
        1.433690430955882e-05,
        0.004701335911386427,
        0.994672690534508,
        7.335095602732287e-05
      ],
      [
        1.1225247300742551e-06,
        4.123346919027627e-08,
        3.202007178318227e-05,
        0.00045033827985714397,
        0.9993399799493595,
        0.00017649794080100992
      ],
      [
        9.704127391710327e-06,
        1.328567691068532e-06,
        2.0782148961837767e-05,
        0.9989986917885659,
        0.0009545290741176611,
        1.496429327173051e-05
      ],
      [
        8.757489318904345e-05,
        0.004293324191900844,
        0.04748701971143699,
        0.010943153156474471,
        0.9365682989437706,
        0.0006206291032279016
      ],
      [
        4.826000993302098e-05,
        2.4094006089002993e-05,
        0.034447065468187335,
        0.0009269032616077223,
        0.9624370671135546,
        0.002116610140628552
      ],
      [
        0.0008071855695386477,
        0.012458765077685022,
        0.0010946022358788192,
        0.225646531816708,
        0.7531053219086408,
        0.006887593391548677
      ],
      [
        0.002332684872322988,
        0.025184975635808706,
        0.0112719167476369,
        0.01373126807697753,
        0.9469600170631951,
        0.0005191376040586211
      ],
      [
        3.532656075467994e-07,
        0.0008228120322376705,
        0.002361448799719722,
        0.0017880396286418334,
        0.9942436782350889,
        0.0007836680387042947
      ],
      [
        3.1419033886615585e-06,
        0.02591107410219365,
        0.0001836074657198824,
        0.08182714791740471,
        0.02593621929203122,
        0.8661388093192619
      ],
      [
        0.00032593342649267173,
        0.000882986783316394,
        0.0008179262183966263,
        0.2920777749301679,
        0.004569634706860381,
        0.701325743934766
      ],
      [
        0.7427958084237148,
        0.01528853691622664,
        0.00025978483412001497,
        0.24092212667569346,
        0.0005476085726759415,
        0.00018613457756915596
      ],
      [
        0.01320452702916931,
        4.0894709621731786e-07,
        3.0334071243911803e-05,
        0.9726786683061457,
        0.013005472079373179,
        0.001080589566971768
      ],
      [
        0.4456095360558999,
        0.001237813285976844,
        1.609783413295176e-06,
        0.5439422901360803,
        0.009208429491943802,
        3.21246685852181e-07
      ],
      [
        0.0030461693954228694,
        0.0012763738391615349,
        0.001666814015914121,
        0.4781823007052473,
        0.1409686624536995,
        0.3748596795905546
      ],
      [
        0.0004948739404639767,
        3.0596630345185528e-06,
        0.008789262624033492,
        0.8733366451058708,
        0.017290713015898435,
        0.10008544565069878
      ],
      [
        0.0007964988405759806,
        0.002452834072938748,
        0.0005498534986420824,
        0.5579894745455988,
        0.003965500810904054,
        0.4342458382313403
      ],
      [
        0.00010441673177205693,
        5.336968290375495e-05,
        0.00023832496091152902,
        0.12304148363521389,
        0.010356472613902303,
        0.8662059323752965
      ],
      [
        3.3820399633765953e-06,
        1.8843411216690722e-07,
        3.7384706331800234e-07,
        0.0009071678373523355,
        0.9956012554788389,
        0.003487632362669853
      ],
      [
        0.13347914515101936,
        3.4650979197520685e-08,
        0.0001533280681515432,
        0.05142096722643614,
        0.5242901619035936,
        0.2906563629998202
      ]
    ],
    "predictions": [
      5,
      5,
      0,
      0,
      0,
      0,
      0,
      0,
      0,
      0,
      5,
      2,
      3,
      3,
      3,
      5,
      5,
      1,
      3,
      3,
      5,
      3,
      5,
      5,
      5,
      5,
      5,
      5,
      3,
      3,
      5,
      5,
      5,
      5,
      5,
      3,
      5,
      5,
      5,
      1,
      5,
      5,
      5,
      5,
      5,
      5,
      4,
      3,
      5,
      5,
      5,
      4,
      5,
      3,
      5,
      0,
      1,
      0,
      1,
      0,
      0,
      5,
      0,
      0,
      5,
      5,
      0,
      0,
      1,
      1,
      2,
      0,
      1,
      1,
      0,
      1,
      1,
      1,
      5,
      4,
      1,
      3,
      3,
      5,
      5,
      5,
      1,
      5,
      4,
      4,
      4,
      3,
      4,
      4,
      4,
      4,
      4,
      5,
      5,
      0,
      3,
      3,
      3,
      3,
      3,
      5,
      4,
      4
    ],
    "true_labels": [
      0,
      0,
      0,
      0,
      0,
      0,
      0,
      0,
      0,
      0,
      0,
      0,
      0,
      0,
      0,
      0,
      0,
      0,
      0,
      0,
      0,
      0,
      0,
      0,
      0,
      0,
      0,
      0,
      0,
      0,
      5,
      5,
      5,
      5,
      5,
      5,
      5,
      5,
      5,
      5,
      5,
      5,
      5,
      5,
      5,
      5,
      5,
      5,
      5,
      5,
      5,
      5,
      5,
      5,
      5,
      1,
      1,
      1,
      1,
      1,
      1,
      1,
      1,
      1,
      1,
      1,
      1,
      1,
      1,
      1,
      1,
      1,
      1,
      1,
      1,
      1,
      1,
      1,
      2,
      2,
      2,
      2,
      2,
      2,
      2,
      2,
      2,
      2,
      4,
      4,
      4,
      4,
      4,
      4,
      4,
      4,
      4,
      4,
      3,
      3,
      3,
      3,
      3,
      3,
      3,
      3,
      3,
      3
    ],
    "patient_ids": [
      "201",
      "202",
      "203",
      "204",
      "205",
      "206",
      "207",
      "208",
      "209",
      "210",
      "211",
      "212",
      "213",
      "214",
      "215",
      "216",
      "217",
      "218",
      "219",
      "220",
      "221",
      "222",
      "223",
      "224",
      "225",
      "226",
      "227",
      "228",
      "229",
      "230",
      "231",
      "232",
      "233",
      "234",
      "235",
      "236",
      "237",
      "238",
      "239",
      "240",
      "241",
      "242",
      "243",
      "244",
      "245",
      "246",
      "247",
      "248",
      "249",
      "250",
      "251",
      "252",
      "253",
      "254",
      "255",
      "256",
      "257",
      "258",
      "259",
      "260",
      "261",
      "262",
      "264",
      "265",
      "266",
      "267",
      "269",
      "270",
      "271",
      "272",
      "273",
      "274",
      "275",
      "276",
      "277",
      "278",
      "279",
      "280",
      "281",
      "282",
      "283",
      "284",
      "285",
      "286",
      "287",
      "288",
      "289",
      "290",
      "291",
      "292",
      "293",
      "294",
      "295",
      "296",
      "297",
      "298",
      "299",
      "300",
      "301",
      "302",
      "303",
      "304",
      "305",
      "306",
      "307",
      "308",
      "309",
      "310"
    ]
  },
  "roc_auc": {
    "macro_auc": 0.7590369819918047,
    "per_class_auc": {
      "NOR": 0.7405982905982906,
      "HCM": 0.8286445012787724,
      "ARR": 0.4316326530612245,
      "CIA": 0.813265306122449,
      "FALL": 0.9275510204081633,
      "LV": 0.8125301204819277
    }
  },
  "binary": {
    "accuracy": 0.6944444444444444,
    "f1": 0.8023952095808383,
    "sensitivity": 0.8589743589743589,
    "specificity": 0.26666666666666666,
    "roc_auc": 0.7405982905982906,
    "binary_labels": [
      0,
      0,
      0,
      0,
      0,
      0,
      0,
      0,
      0,
      0,
      0,
      0,
      0,
      0,
      0,
      0,
      0,
      0,
      0,
      0,
      0,
      0,
      0,
      0,
      0,
      0,
      0,
      0,
      0,
      0,
      1,
      1,
      1,
      1,
      1,
      1,
      1,
      1,
      1,
      1,
      1,
      1,
      1,
      1,
      1,
      1,
      1,
      1,
      1,
      1,
      1,
      1,
      1,
      1,
      1,
      1,
      1,
      1,
      1,
      1,
      1,
      1,
      1,
      1,
      1,
      1,
      1,
      1,
      1,
      1,
      1,
      1,
      1,
      1,
      1,
      1,
      1,
      1,
      1,
      1,
      1,
      1,
      1,
      1,
      1,
      1,
      1,
      1,
      1,
      1,
      1,
      1,
      1,
      1,
      1,
      1,
      1,
      1,
      1,
      1,
      1,
      1,
      1,
      1,
      1,
      1,
      1,
      1
    ],
    "binary_probs": [
      0.9941878820734343,
      0.9948369266236843,
      0.09959963450867881,
      0.006549983957356731,
      0.0009243099076492456,
      0.007591506969045536,
      0.17248003271595924,
      0.0008893371364208091,
      0.015175182512378593,
      0.008151931608190721,
      0.9919882613112818,
      0.9986549927469852,
      0.9998014285337088,
      0.9913628618602913,
      0.999067427567177,
      0.9995895444675548,
      0.9743760987715289,
      0.99920030514557,
      0.9998877074849024,
      0.9992105044235747,
      0.9673259094739542,
      0.6907498432573184,
      0.9985014346785764,
      0.9880556851732144,
      0.9998663322626733,
      0.9995925659921727,
      0.8278513593892481,
      0.9997768209874016,
      0.9882258339831922,
      0.9755144883279446,
      0.9999039691134181,
      0.9999928817493076,
      0.9999914453883607,
      0.999796405446596,
      0.9996223500581012,
      0.9999819881597564,
      0.9989550573185548,
      0.9999356928699985,
      0.999932196021539,
      0.9998981943333477,
      0.9999219707935838,
      0.9999999942092989,
      0.9991488737597406,
      0.9999258248262469,
      0.9999999668102486,
      0.9995519338497922,
      0.9999952786999552,
      0.999998144324216,
      0.9999191486952482,
      0.9999971948028035,
      0.999492403904019,
      0.9949353694833002,
      0.9999998288329255,
      0.9997768472762812,
      0.9980593957849979,
      0.004537205114393816,
      0.9999285970927544,
      0.14008747854387427,
      0.9998009049242484,
      0.09770923051005542,
      0.0015893302741895043,
      0.9994807690882048,
      0.27658813872225607,
      0.016874353607166714,
      0.9999244786937067,
      0.994082079737172,
      0.28017249519510234,
      0.0017362740178518132,
      0.9999254800695544,
      0.9533755203414565,
      0.9992028346834376,
      0.29175483635475985,
      0.9579387351702248,
      0.9995682769724515,
      0.09184533171669018,
      0.9923983303774079,
      0.9994332199190843,
      0.6697337846011212,
      0.9990068004532175,
      0.9998045204594103,
      0.9813055349341538,
      0.9998577592197796,
      0.9991276179477846,
      0.9996911846006505,
      0.9998932820999327,
      0.9999994684285548,
      0.9990792267467286,
      0.9998718121752432,
      0.9999853531926124,
      0.9994806778159198,
      0.9999988774752699,
      0.9999902958726082,
      0.999912425106811,
      0.999951739990067,
      0.9991928144304614,
      0.997667315127677,
      0.9999996467343925,
      0.9999968580966113,
      0.9996740665735073,
      0.25720419157628516,
      0.9867954729708307,
      0.5543904639441001,
      0.9969538306045771,
      0.999505126059536,
      0.999203501159424,
      0.9998955832682279,
      0.9999966179600366,
      0.8665208548489807
    ]
  }
}