{
  "config": {
    "dataset": "mnm2",
    "backbone": "dinov3",
    "model_name": "dinov3_vits16",
    "eval_mode": "logreg",
    "pooling": "cls",
    "embed_dim": 384,
    "best_hyperparam": 0.005623413249850273,
    "hyperparam_name": "C",
    "num_classes": 6,
    "class_names": [
      "NOR",
      "HCM",
      "ARR",
      "CIA",
      "FALL",
      "LV"
    ]
  },
  "sweep_results": [
    {
      "param_value": 9.999999974752427e-07,
      "mean_cv_acc": 0.17857142857142858,
      "std_cv_acc": 0.0
    },
    {
      "param_value": 1.7782793975129607e-06,
      "mean_cv_acc": 0.17857142857142858,
      "std_cv_acc": 0.0
    },
    {
      "param_value": 3.1622776077711023e-06,
      "mean_cv_acc": 0.17857142857142858,
      "std_cv_acc": 0.0
    },
    {
      "param_value": 5.6234130170196295e-06,
      "mean_cv_acc": 0.17857142857142858,
      "std_cv_acc": 0.0
    },
    {
      "param_value": 9.999999747378752e-06,
      "mean_cv_acc": 0.17857142857142858,
      "std_cv_acc": 0.0
    },
    {
      "param_value": 1.778279329300858e-05,
      "mean_cv_acc": 0.17857142857142858,
      "std_cv_acc": 0.0
    },
    {
      "param_value": 3.162277789670043e-05,
      "mean_cv_acc": 0.25,
      "std_cv_acc": 0.0
    },
    {
      "param_value": 5.62341338081751e-05,
      "mean_cv_acc": 0.25,
      "std_cv_acc": 0.0
    },
    {
      "param_value": 9.999999747378752e-05,
      "mean_cv_acc": 0.2857142857142857,
      "std_cv_acc": 0.0
    },
    {
      "param_value": 0.00017782794020604342,
      "mean_cv_acc": 0.35714285714285715,
      "std_cv_acc": 0.0
    },
    {
      "param_value": 0.0003162277571391314,
      "mean_cv_acc": 0.42857142857142855,
      "std_cv_acc": 0.0
    },
    {
      "param_value": 0.000562341301701963,
      "mean_cv_acc": 0.4642857142857143,
      "std_cv_acc": 0.0
    },
    {
      "param_value": 0.0010000000474974513,
      "mean_cv_acc": 0.5357142857142857,
      "std_cv_acc": 0.0
    },
    {
      "param_value": 0.0017782794311642647,
      "mean_cv_acc": 0.5714285714285714,
      "std_cv_acc": 0.0
    },
    {
      "param_value": 0.003162277629598975,
      "mean_cv_acc": 0.6071428571428571,
      "std_cv_acc": 0.0
    },
    {
      "param_value": 0.005623413249850273,
      "mean_cv_acc": 0.6428571428571429,
      "std_cv_acc": 0.0
    },
    {
      "param_value": 0.009999999776482582,
      "mean_cv_acc": 0.6428571428571429,
      "std_cv_acc": 0.0
    },
    {
      "param_value": 0.017782794311642647,
      "mean_cv_acc": 0.6428571428571429,
      "std_cv_acc": 0.0
    },
    {
      "param_value": 0.03162277489900589,
      "mean_cv_acc": 0.6428571428571429,
      "std_cv_acc": 0.0
    },
    {
      "param_value": 0.05623413249850273,
      "mean_cv_acc": 0.6428571428571429,
      "std_cv_acc": 0.0
    },
    {
      "param_value": 0.10000000149011612,
      "mean_cv_acc": 0.6428571428571429,
      "std_cv_acc": 0.0
    },
    {
      "param_value": 0.17782793939113617,
      "mean_cv_acc": 0.6071428571428571,
      "std_cv_acc": 0.0
    },
    {
      "param_value": 0.3162277638912201,
      "mean_cv_acc": 0.6071428571428571,
      "std_cv_acc": 0.0
    },
    {
      "param_value": 0.5623413324356079,
      "mean_cv_acc": 0.6071428571428571,
      "std_cv_acc": 0.0
    },
    {
      "param_value": 1.0,
      "mean_cv_acc": 0.6071428571428571,
      "std_cv_acc": 0.0
    },
    {
      "param_value": 1.778279423713684,
      "mean_cv_acc": 0.6071428571428571,
      "std_cv_acc": 0.0
    },
    {
      "param_value": 3.1622776985168457,
      "mean_cv_acc": 0.6428571428571429,
      "std_cv_acc": 0.0
    },
    {
      "param_value": 5.6234130859375,
      "mean_cv_acc": 0.6428571428571429,
      "std_cv_acc": 0.0
    },
    {
      "param_value": 10.0,
      "mean_cv_acc": 0.6428571428571429,
      "std_cv_acc": 0.0
    },
    {
      "param_value": 17.782794952392578,
      "mean_cv_acc": 0.6428571428571429,
      "std_cv_acc": 0.0
    },
    {
      "param_value": 31.62277603149414,
      "mean_cv_acc": 0.6428571428571429,
      "std_cv_acc": 0.0
    },
    {
      "param_value": 56.234130859375,
      "mean_cv_acc": 0.6428571428571429,
      "std_cv_acc": 0.0
    },
    {
      "param_value": 100.0,
      "mean_cv_acc": 0.6428571428571429,
      "std_cv_acc": 0.0
    },
    {
      "param_value": 177.82794189453125,
      "mean_cv_acc": 0.6428571428571429,
      "std_cv_acc": 0.0
    },
    {
      "param_value": 316.2277526855469,
      "mean_cv_acc": 0.6428571428571429,
      "std_cv_acc": 0.0
    },
    {
      "param_value": 562.34130859375,
      "mean_cv_acc": 0.6428571428571429,
      "std_cv_acc": 0.0
    },
    {
      "param_value": 1000.0,
      "mean_cv_acc": 0.6428571428571429,
      "std_cv_acc": 0.0
    },
    {
      "param_value": 1778.2794189453125,
      "mean_cv_acc": 0.6428571428571429,
      "std_cv_acc": 0.0
    },
    {
      "param_value": 3162.277587890625,
      "mean_cv_acc": 0.6428571428571429,
      "std_cv_acc": 0.0
    },
    {
      "param_value": 5623.4130859375,
      "mean_cv_acc": 0.6428571428571429,
      "std_cv_acc": 0.0
    },
    {
      "param_value": 10000.0,
      "mean_cv_acc": 0.6428571428571429,
      "std_cv_acc": 0.0
    },
    {
      "param_value": 17782.794921875,
      "mean_cv_acc": 0.6428571428571429,
      "std_cv_acc": 0.0
    },
    {
      "param_value": 31622.77734375,
      "mean_cv_acc": 0.6428571428571429,
      "std_cv_acc": 0.0
    },
    {
      "param_value": 56234.1328125,
      "mean_cv_acc": 0.6428571428571429,
      "std_cv_acc": 0.0
    },
    {
      "param_value": 100000.0,
      "mean_cv_acc": 0.6428571428571429,
      "std_cv_acc": 0.0
    }
  ],
  "five_way": {
    "accuracy": 0.4351851851851852,
    "macro_f1": 0.3780684612048187,
    "macro_sensitivity": 0.4096618357487923,
    "macro_specificity": 0.8803628216810356,
    "per_class_sensitivity": {
      "NOR": 0.26666666666666666,
      "HCM": 0.391304347826087,
      "ARR": 0.0,
      "CIA": 0.2,
      "FALL": 0.8,
      "LV": 0.8
    },
    "per_class_specificity": {
      "NOR": 0.8461538461538461,
      "HCM": 0.9764705882352941,
      "ARR": 0.9795918367346939,
      "CIA": 0.9285714285714286,
      "FALL": 0.9489795918367347,
      "LV": 0.6024096385542169
    },
    "confusion_matrix": [
      [
        8,
        0,
        1,
        3,
        0,
        18
      ],
      [
        10,
        9,
        1,
        0,
        0,
        3
      ],
      [
        0,
        1,
        0,
        1,
        1,
        7
      ],
      [
        2,
        0,
        0,
        2,
        1,
        5
      ],
      [
        0,
        0,
        0,
        2,
        8,
        0
      ],
      [
        0,
        1,
        0,
        1,
        3,
        20
      ]
    ],
    "classification_report": {
      "NOR": {
        "precision": 0.4,
        "recall": 0.26666666666666666,
        "f1-score": 0.32,
        "support": 30.0
      },
      "HCM": {
        "precision": 0.8181818181818182,
        "recall": 0.391304347826087,
        "f1-score": 0.5294117647058824,
        "support": 23.0
      },
      "ARR": {
        "precision": 0.0,
        "recall": 0.0,
        "f1-score": 0.0,
        "support": 10.0
      },
      "CIA": {
        "precision": 0.2222222222222222,
        "recall": 0.2,
        "f1-score": 0.21052631578947367,
        "support": 10.0
      },
      "FALL": {
        "precision": 0.6153846153846154,
        "recall": 0.8,
        "f1-score": 0.6956521739130435,
        "support": 10.0
      },
      "LV": {
        "precision": 0.37735849056603776,
        "recall": 0.8,
        "f1-score": 0.5128205128205128,
        "support": 25.0
      },
      "accuracy": 0.4351851851851852,
      "macro avg": {
        "precision": 0.40552452439244896,
        "recall": 0.4096618357487923,
        "f1-score": 0.3780684612048187,
        "support": 108.0
      },
      "weighted avg": {
        "precision": 0.4502612264666772,
        "recall": 0.4351851851851852,
        "f1-score": 0.40424785468308594,
        "support": 108.0
      }
    },
    "probabilities": [
      [
        0.05340012179508164,
        0.054736663532433824,
        0.03340475329396763,
        0.13751071345609445,
        0.009451637739151992,
        0.7114961101832704
      ],
      [
        0.04854545610816041,
        0.050352019319546894,
        0.1147990937848596,
        0.0722963127336338,
        0.08070535108001219,
        0.6333017669737872
      ],
      [
        0.7979550143050975,
        0.12804124752111687,
        0.01698529615497778,
        0.046915071229723763,
        0.004492591201347683,
        0.005610779587736306
      ],
      [
        0.6350797459162119,
        0.16050346320578668,
        0.097351101841091,
        0.0886599465070528,
        0.006248777591309736,
        0.012156964938547985
      ],
      [
        0.8666450903059302,
        0.01020842164740131,
        0.01623939937355186,
        0.08976754358861729,
        0.01417067242614964,
        0.0029688726583496144
      ],
      [
        0.7629498820283266,
        0.007058155384798388,
        0.09992734524913147,
        0.07066991909689335,
        0.007722970639268402,
        0.051671727601581854
      ],
      [
        0.5500160469925891,
        0.02818590673658839,
        0.3116377246849698,
        0.06115704470350633,
        0.014470846203881697,
        0.03453243067846469
      ],
      [
        0.7319367773941176,
        0.012605582258907152,
        0.04999075839636306,
        0.14186501252074243,
        0.010571416291776076,
        0.05303045313809399
      ],
      [
        0.8530719868664114,
        0.004688605512942151,
        0.07179683645476702,
        0.045788146558210854,
        0.02107557122416055,
        0.0035788533835078946
      ],
      [
        0.8065861128257642,
        0.005101003109513447,
        0.0954261019345066,
        0.07313830806084805,
        0.006253402128414018,
        0.013495071940953632
      ],
      [
        0.024026388225010107,
        0.06731645828739735,
        0.10986478243440082,
        0.04779458245005832,
        0.08937029870982689,
        0.6616274898933066
      ],
      [
        0.06921744622719363,
        0.088112020780698,
        0.3925733865150842,
        0.0735288215852006,
        0.04556018918371555,
        0.3310081357081079
      ],
      [
        0.031561146244094826,
        0.009804265140867638,
        0.016634894583834697,
        0.5366090203916614,
        0.006790101417416621,
        0.3986005722221248
      ],
      [
        0.034944011975858766,
        0.026305017500192922,
        0.14072846329740896,
        0.18855410069007342,
        0.0598010952116927,
        0.5496673113247732
      ],
      [
        0.06130480872412924,
        0.0987548648012456,
        0.04581494279046362,
        0.413506706926853,
        0.02781965189067755,
        0.352799024866631
      ],
      [
        0.01370140388805862,
        0.028315319342940033,
        0.10956450664023248,
        0.04741606605703501,
        0.014511953549755255,
        0.7864907505219786
      ],
      [
        0.05610167355405728,
        0.03896719241715024,
        0.03605277988211995,
        0.13588012346924322,
        0.06194855696454332,
        0.6710496737128859
      ],
      [
        0.02805785992387378,
        0.20194848174784547,
        0.07862073438206353,
        0.10190361014614932,
        0.027809259406096857,
        0.561660054393971
      ],
      [
        0.014194981862977825,
        0.036201465693613925,
        0.015625047834104486,
        0.3322388880971723,
        0.011883919775199403,
        0.5898556967369322
      ],
      [
        0.0420815207846288,
        0.04159574314131823,
        0.10539707203357321,
        0.19280898718646133,
        0.0417991420269591,
        0.5763175348270594
      ],
      [
        0.04101581708157524,
        0.03583165135720028,
        0.06537122106847706,
        0.084676557483523,
        0.10484533137966091,
        0.6682594216295635
      ],
      [
        0.05200984543393182,
        0.009358633369940883,
        0.009453295670421344,
        0.3723903629994746,
        0.0432645428603274,
        0.513523319665904
      ],
      [
        0.02323204365212156,
        0.053204508317432585,
        0.10608490452816569,
        0.026829089077526642,
        0.05663469934101398,
        0.7340147550837396
      ],
      [
        0.025404035511891288,
        0.06004793759338569,
        0.027270438121294684,
        0.13127512033167513,
        0.0207230174536179,
        0.7352794509881353
      ],
      [
        0.025380524183253036,
        0.05376390769902161,
        0.055440393641237554,
        0.04484605263206581,
        0.04841912956130818,
        0.7721499922831139
      ],
      [
        0.030403434240679154,
        0.010446242866093244,
        0.032318256175040486,
        0.23867187922805463,
        0.006938288868634178,
        0.6812218986214983
      ],
      [
        0.044662134211379025,
        0.05409760587487374,
        0.06528233167895012,
        0.26291232909860796,
        0.04274495663621022,
        0.530300642499979
      ],
      [
        0.016178067947855115,
        0.01190527716374769,
        0.01780530030940186,
        0.10617668554150139,
        0.010731570793696056,
        0.8372030982437979
      ],
      [
        0.11895667948106974,
        0.1312776087210584,
        0.05761592522171431,
        0.20724789600015117,
        0.014621878310534592,
        0.4702800122654718
      ],
      [
        0.08702385185941575,
        0.084787406822187,
        0.06885726585648791,
        0.4608808809672089,
        0.03746529627568858,
        0.260985298219012
      ],
      [
        0.01472254226846329,
        0.20888541750083717,
        0.015090848464132642,
        0.18313010561492482,
        0.023303818322272282,
        0.5548672678293698
      ],
      [
        0.009350793906080717,
        0.03110059172552612,
        0.04670374305367497,
        0.027348811681611407,
        0.042113564616543704,
        0.8433824950165631
      ],
      [
        0.002725312688329043,
        0.06944644845684314,
        0.07854999209492647,
        0.02875115079104197,
        0.014892803714774945,
        0.8056342922540844
      ],
      [
        0.02475583313330464,
        0.03153181107311231,
        0.09453212074774961,
        0.196793881834046,
        0.06809421348072192,
        0.5842921397310656
      ],
      [
        0.0559057530275148,
        0.027052707001819356,
        0.34761735033477587,
        0.0847840936137461,
        0.13452674833288422,
        0.3501133476892597
      ],
      [
        0.006772289674660916,
        0.015977555717436805,
        0.04163664684850588,
        0.13186413343970338,
        0.031795712320287495,
        0.7719536619994055
      ],
      [
        0.03375341899543242,
        0.09441745936208695,
        0.1793116388120429,
        0.07874389353431652,
        0.036584816187657625,
        0.5771887731084635
      ],
      [
        0.014389721818648206,
        0.031245791447216363,
        0.08763289993273292,
        0.043029580516294276,
        0.0454834677259005,
        0.7782185385592078
      ],
      [
        0.007330252835721903,
        0.09437558990226072,
        0.023866519491101957,
        0.16936745297785513,
        0.015983952712013836,
        0.6890762320810465
      ],
      [
        0.019759890182128988,
        0.5769205457307085,
        0.06765745890573664,
        0.22016718642968267,
        0.07045078242607275,
        0.04504413632567053
      ],
      [
        0.010656345061786405,
        0.032407365863684284,
        0.1335202366368848,
        0.024858932167189672,
        0.04369797418551919,
        0.7548591460849355
      ],
      [
        0.001449641540515408,
        0.046156557841930484,
        0.02222756758949927,
        0.019590548429487084,
        0.0454284346971705,
        0.8651472499013974
      ],
      [
        0.016386617286448617,
        0.08977656295459212,
        0.12007920001004224,
        0.0819272969015833,
        0.02830874293044265,
        0.663521579916891
      ],
      [
        0.007836478445231545,
        0.04650479045303112,
        0.05808209970363171,
        0.18362367041840666,
        0.049727374289855054,
        0.654225586689844
      ],
      [
        0.00255941803176301,
        0.07648200310367127,
        0.010820143903359163,
        0.02366982750297601,
        0.057131735776664784,
        0.8293368716815658
      ],
      [
        0.038078287171448906,
        0.03420628370428736,
        0.051861975230666824,
        0.3812763409881038,
        0.12722919750955033,
        0.36734791539594286
      ],
      [
        0.045304209953490146,
        0.08232828798443619,
        0.09836587395220175,
        0.12294866404325148,
        0.5173732582231494,
        0.13367970584347105
      ],
      [
        0.01711663823246976,
        0.048786494691465024,
        0.27302603466652603,
        0.1539076957807762,
        0.041988029285998846,
        0.4651751073427641
      ],
      [
        0.0035384491805266504,
        0.049760337354673424,
        0.04531039348582696,
        0.04083447312029168,
        0.0245014917641536,
        0.8360548550945277
      ],
      [
        0.010298323614050404,
        0.01748913834855981,
        0.09721817049665192,
        0.043401684482296025,
        0.019273606638950058,
        0.8123190764194917
      ],
      [
        0.019484701128420715,
        0.0373743629605612,
        0.0810737769715059,
        0.05438619453921285,
        0.05889692964729342,
        0.7487840347530059
      ],
      [
        0.15510407814103797,
        0.012705931421542806,
        0.10420313839667969,
        0.2378000747054221,
        0.31729089872588706,
        0.17289587860943037
      ],
      [
        0.0022445663985919758,
        0.014527444464661147,
        0.03616246960823234,
        0.01935268096560785,
        0.07533560794957987,
        0.8523772306133269
      ],
      [
        0.021852766347603504,
        0.10957054111641105,
        0.08773602479175911,
        0.18379428260873415,
        0.31598442188498266,
        0.2810619632505094
      ],
      [
        0.00876777975260527,
        0.024812444597546245,
        0.033191584421799834,
        0.023064551066443797,
        0.0249480985408522,
        0.8852155416207526
      ],
      [
        0.7482822542744666,
        0.040106552467194904,
        0.08714409706998677,
        0.04109637505204527,
        0.07566579312281545,
        0.007704928013491075
      ],
      [
        0.031993403484771116,
        0.3832258792809784,
        0.09792816358276975,
        0.06988754230851117,
        0.1139268113229149,
        0.30303820002005455
      ],
      [
        0.4631181846505144,
        0.41376679518371556,
        0.06549793621797333,
        0.041380931556951474,
        0.01263886213943981,
        0.0035972902514055352
      ],
      [
        0.04227167690070253,
        0.5260438047330448,
        0.10654585874303038,
        0.12028436225415627,
        0.037967568723251785,
        0.16688672864581422
      ],
      [
        0.4791826091010913,
        0.19599642949953666,
        0.2665191777731519,
        0.04158216624668723,
        0.009425135942772786,
        0.0072944814367601075
      ],
      [
        0.8346541100781808,
        0.10025327144373865,
        0.036285634011193994,
        0.020477434140053177,
        0.00616222707401093,
        0.002167323252822626
      ],
      [
        0.021635265173291555,
        0.32564527517394926,
        0.10378120762028525,
        0.0624040401800138,
        0.0449837751155074,
        0.44155043673695277
      ],
      [
        0.42770592697962645,
        0.43400157029989606,
        0.10572700010443446,
        0.022629974407290216,
        0.007551215405576543,
        0.0023843128031762768
      ],
      [
        0.6102355919091299,
        0.2985219644442342,
        0.03531402983786977,
        0.03499407138107579,
        0.01905332295216335,
        0.001881019475526935
      ],
      [
        0.018875953280429295,
        0.2299529370306437,
        0.16216627128226557,
        0.08077818308776817,
        0.0467642010650654,
        0.4614624542538279
      ],
      [
        0.02913383571931918,
        0.32815915624359654,
        0.03330448594461926,
        0.11875175337329567,
        0.0512622890947176,
        0.43938847962445177
      ],
      [
        0.45237778958567776,
        0.372714213322442,
        0.13159457292367208,
        0.02688950026204618,
        0.007958033815845552,
        0.008465890090316454
      ],
      [
        0.7649365489591561,
        0.04916983309620543,
        0.10291567783208348,
        0.03832728859387406,
        0.03602629816771897,
        0.00862435335096184
      ],
      [
        0.02081141222307307,
        0.730745606151475,
        0.013172750547998957,
        0.03467543452412786,
        0.03591630137035983,
        0.16467849518296537
      ],
      [
        0.2559788008532146,
        0.6784485640821553,
        0.03671122017390819,
        0.015450550116759207,
        0.01184229297222927,
        0.0015685718017333435
      ],
      [
        0.09312737421600323,
        0.15213958180207726,
        0.6365234300503138,
        0.0847334313939664,
        0.011944359681263872,
        0.021531822856375605
      ],
      [
        0.494126055098228,
        0.20418128882009887,
        0.2473117267405505,
        0.03462240525626459,
        0.014665458253657932,
        0.005093065831200172
      ],
      [
        0.30149468809055374,
        0.4695825716635262,
        0.1567321943661729,
        0.049133325247809945,
        0.016037599599906614,
        0.007019621032030579
      ],
      [
        0.0878746011426848,
        0.8409855566938707,
        0.03661907210660728,
        0.02621161711118164,
        0.0032848946112001088,
        0.005024258334455782
      ],
      [
        0.5552180527964417,
        0.3336084619140217,
        0.07544658174382086,
        0.02220244356901353,
        0.011482252691433714,
        0.002042207285268514
      ],
      [
        0.05944536963980106,
        0.47555778658518577,
        0.13650611519399214,
        0.05560335439731597,
        0.04544910226488522,
        0.22743827191881982
      ],
      [
        0.08511267817922608,
        0.5068665886959898,
        0.28923998778578863,
        0.027802734259475635,
        0.06424857761085367,
        0.02672943346866629
      ],
      [
        0.460251245471801,
        0.3371062052696947,
        0.15643664309247066,
        0.03097236995269593,
        0.013449660455881366,
        0.001783875757456379
      ],
      [
        0.047560962466225626,
        0.076546318223802,
        0.03775872102887661,
        0.12555400647233156,
        0.057931660625717404,
        0.6546483311830468
      ],
      [
        0.23201606435532868,
        0.03036287943663738,
        0.1990516078558709,
        0.17762731392826817,
        0.24295639535166336,
        0.11798573907223144
      ],
      [
        0.07480418770867726,
        0.3423938102712789,
        0.07948674842645391,
        0.09167903250642569,
        0.019778764427342454,
        0.3918574566598217
      ],
      [
        0.05866302483546189,
        0.03805610430880235,
        0.22595949599051898,
        0.36194344477679263,
        0.11535284286441579,
        0.20002508722400844
      ],
      [
        0.026368721484076277,
        0.036853318822881294,
        0.04555296561267449,
        0.25608418885962475,
        0.009324576385706355,
        0.6258162288350368
      ],
      [
        0.014563058265738619,
        0.05347618008655242,
        0.034845663358102484,
        0.12307381110220239,
        0.023067189159473207,
        0.7509740980279308
      ],
      [
        0.06215794400659724,
        0.17309394448124943,
        0.034029269404154384,
        0.2036791320811753,
        0.02418470218919306,
        0.5028550078376306
      ],
      [
        0.0030914204253466074,
        0.033344835236002915,
        0.020886223872119098,
        0.029034356310691158,
        0.01579223741008986,
        0.8978509267457504
      ],
      [
        0.09266674117810549,
        0.47258473202998597,
        0.3579074088606995,
        0.03814842258784185,
        0.020133381546321327,
        0.018559313797045743
      ],
      [
        0.007754975862607768,
        0.08864158298441019,
        0.058108266662020416,
        0.07772796924457848,
        0.024927160942897954,
        0.7428400443034853
      ],
      [
        0.02293015381477486,
        0.023500380936045926,
        0.015006791933895659,
        0.12899874095134647,
        0.803573291656759,
        0.005990640707178128
      ],
      [
        0.0882090897204205,
        0.0721378248065954,
        0.03514472586708886,
        0.17612955035632072,
        0.6024278863960258,
        0.025950922853548625
      ],
      [
        0.016043561635229693,
        0.014297673768080043,
        0.0344724230020748,
        0.14919187476081888,
        0.7301566435110541,
        0.05583782332274234
      ],
      [
        0.036776323506105234,
        0.012014435523022109,
        0.02007311033660679,
        0.6650948040209455,
        0.2072217105719831,
        0.058819616041337376
      ],
      [
        0.024475049777221102,
        0.06793337601099404,
        0.18571409818141224,
        0.10943197841640771,
        0.5489627749812652,
        0.06348272263269966
      ],
      [
        0.017927460203613944,
        0.033325548022795116,
        0.23777277385413523,
        0.06449450882443351,
        0.5925625842816732,
        0.05391712481334893
      ],
      [
        0.07679693365337488,
        0.08708976228272769,
        0.03389995815580388,
        0.3798888306739762,
        0.39349433143568896,
        0.028830183798428374
      ],
      [
        0.0624463304629417,
        0.11658475544369466,
        0.11008968591955394,
        0.11969017007251703,
        0.5613595292564193,
        0.029829528844873394
      ],
      [
        0.00999199357351633,
        0.09590628313101118,
        0.08208762299377768,
        0.15589500047068003,
        0.578365492109637,
        0.07775360772137781
      ],
      [
        0.020852464557845028,
        0.11356915163935671,
        0.035268051232427794,
        0.3053504908601714,
        0.29538336755824735,
        0.22957647415195168
      ],
      [
        0.038789711783997524,
        0.138814180787106,
        0.06479550750320223,
        0.1736842589414926,
        0.041638380168634165,
        0.5422779608155675
      ],
      [
        0.6782404149997722,
        0.0760535837785094,
        0.07594207695964018,
        0.1389874527945443,
        0.01208129159189256,
        0.01869517987564135
      ],
      [
        0.2023482305882098,
        0.00961729795756033,
        0.02116947068166742,
        0.374034658774116,
        0.3142927166400461,
        0.07853762535840017
      ],
      [
        0.4637741059116363,
        0.06915192590963735,
        0.012637168079849567,
        0.36886360708520693,
        0.08347162803976756,
        0.00210156497390237
      ],
      [
        0.037866429647528,
        0.03921189208538362,
        0.05043366014657583,
        0.1925618799642151,
        0.13263180570016403,
        0.5472943324561335
      ],
      [
        0.03625757649985081,
        0.0192521500360455,
        0.19341391182086765,
        0.3776327658344988,
        0.13115347340666084,
        0.24229012240207654
      ],
      [
        0.013476121611078355,
        0.04810124641944347,
        0.019052147793022573,
        0.14986830165191575,
        0.05727163823317759,
        0.7122305442913622
      ],
      [
        0.006077919642777128,
        0.009808448350055057,
        0.012285095912625473,
        0.28156979846997626,
        0.08901960482958914,
        0.601239132794977
      ],
      [
        0.019898230577004895,
        0.014299315383125219,
        0.031232730389007937,
        0.11404455856381862,
        0.7092879570582562,
        0.11123720802878719
      ],
      [
        0.2097379759077461,
        0.0055613050766501965,
        0.03618433493386887,
        0.18501929373031395,
        0.24866276506498267,
        0.3148343252864382
      ]
    ],
    "predictions": [
      5,
      5,
      0,
      0,
      0,
      0,
      0,
      0,
      0,
      0,
      5,
      2,
      3,
      5,
      3,
      5,
      5,
      5,
      5,
      5,
      5,
      5,
      5,
      5,
      5,
      5,
      5,
      5,
      5,
      3,
      5,
      5,
      5,
      5,
      5,
      5,
      5,
      5,
      5,
      1,
      5,
      5,
      5,
      5,
      5,
      3,
      4,
      5,
      5,
      5,
      5,
      4,
      5,
      4,
      5,
      0,
      1,
      0,
      1,
      0,
      0,
      5,
      1,
      0,
      5,
      5,
      0,
      0,
      1,
      1,
      2,
      0,
      1,
      1,
      0,
      1,
      1,
      0,
      5,
      4,
      5,
      3,
      5,
      5,
      5,
      5,
      1,
      5,
      4,
      4,
      4,
      3,
      4,
      4,
      4,
      4,
      4,
      3,
      5,
      0,
      3,
      0,
      5,
      3,
      5,
      5,
      4,
      5
    ],
    "true_labels": [
      0,
      0,
      0,
      0,
      0,
      0,
      0,
      0,
      0,
      0,
      0,
      0,
      0,
      0,
      0,
      0,
      0,
      0,
      0,
      0,
      0,
      0,
      0,
      0,
      0,
      0,
      0,
      0,
      0,
      0,
      5,
      5,
      5,
      5,
      5,
      5,
      5,
      5,
      5,
      5,
      5,
      5,
      5,
      5,
      5,
      5,
      5,
      5,
      5,
      5,
      5,
      5,
      5,
      5,
      5,
      1,
      1,
      1,
      1,
      1,
      1,
      1,
      1,
      1,
      1,
      1,
      1,
      1,
      1,
      1,
      1,
      1,
      1,
      1,
      1,
      1,
      1,
      1,
      2,
      2,
      2,
      2,
      2,
      2,
      2,
      2,
      2,
      2,
      4,
      4,
      4,
      4,
      4,
      4,
      4,
      4,
      4,
      4,
      3,
      3,
      3,
      3,
      3,
      3,
      3,
      3,
      3,
      3
    ],
    "patient_ids": [
      "201",
      "202",
      "203",
      "204",
      "205",
      "206",
      "207",
      "208",
      "209",
      "210",
      "211",
      "212",
      "213",
      "214",
      "215",
      "216",
      "217",
      "218",
      "219",
      "220",
      "221",
      "222",
      "223",
      "224",
      "225",
      "226",
      "227",
      "228",
      "229",
      "230",
      "231",
      "232",
      "233",
      "234",
      "235",
      "236",
      "237",
      "238",
      "239",
      "240",
      "241",
      "242",
      "243",
      "244",
      "245",
      "246",
      "247",
      "248",
      "249",
      "250",
      "251",
      "252",
      "253",
      "254",
      "255",
      "256",
      "257",
      "258",
      "259",
      "260",
      "261",
      "262",
      "264",
      "265",
      "266",
      "267",
      "269",
      "270",
      "271",
      "272",
      "273",
      "274",
      "275",
      "276",
      "277",
      "278",
      "279",
      "280",
      "281",
      "282",
      "283",
      "284",
      "285",
      "286",
      "287",
      "288",
      "289",
      "290",
      "291",
      "292",
      "293",
      "294",
      "295",
      "296",
      "297",
      "298",
      "299",
      "300",
      "301",
      "302",
      "303",
      "304",
      "305",
      "306",
      "307",
      "308",
      "309",
      "310"
    ]
  },
  "roc_auc": {
    "macro_auc": 0.7785274519204465,
    "per_class_auc": {
      "NOR": 0.6346153846153846,
      "HCM": 0.9268542199488491,
      "ARR": 0.5163265306122449,
      "CIA": 0.8040816326530612,
      "FALL": 0.9806122448979592,
      "LV": 0.8086746987951807
    }
  },
  "binary": {
    "accuracy": 0.7407407407407407,
    "f1": 0.8372093023255814,
    "sensitivity": 0.9230769230769231,
    "specificity": 0.26666666666666666,
    "roc_auc": 0.6346153846153846,
    "binary_labels": [
      0,
      0,
      0,
      0,
      0,
      0,
      0,
      0,
      0,
      0,
      0,
      0,
      0,
      0,
      0,
      0,
      0,
      0,
      0,
      0,
      0,
      0,
      0,
      0,
      0,
      0,
      0,
      0,
      0,
      0,
      1,
      1,
      1,
      1,
      1,
      1,
      1,
      1,
      1,
      1,
      1,
      1,
      1,
      1,
      1,
      1,
      1,
      1,
      1,
      1,
      1,
      1,
      1,
      1,
      1,
      1,
      1,
      1,
      1,
      1,
      1,
      1,
      1,
      1,
      1,
      1,
      1,
      1,
      1,
      1,
      1,
      1,
      1,
      1,
      1,
      1,
      1,
      1,
      1,
      1,
      1,
      1,
      1,
      1,
      1,
      1,
      1,
      1,
      1,
      1,
      1,
      1,
      1,
      1,
      1,
      1,
      1,
      1,
      1,
      1,
      1,
      1,
      1,
      1,
      1,
      1,
      1,
      1
    ],
    "binary_probs": [
      0.9465998782049183,
      0.9514545438918396,
      0.20204498569490248,
      0.36492025408378814,
      0.13335490969406982,
      0.2370501179716734,
      0.4499839530074109,
      0.26806322260588245,
      0.1469280131335886,
      0.1934138871742358,
      0.9759736117749899,
      0.9307825537728064,
      0.9684388537559052,
      0.9650559880241413,
      0.9386951912758708,
      0.9862985961119414,
      0.9438983264459427,
      0.9719421400761262,
      0.9858050181370221,
      0.9579184792153712,
      0.9589841829184248,
      0.9479901545660682,
      0.9767679563478784,
      0.9745959644881087,
      0.974619475816747,
      0.9695965657593208,
      0.955337865788621,
      0.9838219320521449,
      0.8810433205189303,
      0.9129761481405843,
      0.9852774577315367,
      0.9906492060939193,
      0.9972746873116709,
      0.9752441668666954,
      0.9440942469724852,
      0.9932277103253391,
      0.9662465810045676,
      0.9856102781813518,
      0.9926697471642781,
      0.980240109817871,
      0.9893436549382136,
      0.9985503584594846,
      0.9836133827135514,
      0.9921635215547685,
      0.997440581968237,
      0.9619217128285511,
      0.9546957900465098,
      0.9828833617675302,
      0.9964615508194733,
      0.9897016763859496,
      0.9805152988715793,
      0.844895921858962,
      0.9977554336014081,
      0.9781472336523965,
      0.9912322202473948,
      0.2517177457255334,
      0.9680065965152289,
      0.5368818153494856,
      0.9577283230992975,
      0.5208173908989087,
      0.1653458899218192,
      0.9783647348267085,
      0.5722940730203736,
      0.3897644080908701,
      0.9811240467195707,
      0.9708661642806808,
      0.5476222104143222,
      0.23506345104084392,
      0.979188587776927,
      0.7440211991467853,
      0.9068726257839967,
      0.505873944901772,
      0.6985053119094462,
      0.9121253988573153,
      0.44478194720355835,
      0.9405546303601989,
      0.9148873218207739,
      0.5397487545281989,
      0.9524390375337743,
      0.7679839356446714,
      0.9251958122913228,
      0.9413369751645381,
      0.9736312785159237,
      0.9854369417342613,
      0.9378420559934028,
      0.9969085795746534,
      0.9073332588218945,
      0.9922450241373922,
      0.9770698461852252,
      0.9117909102795795,
      0.9839564383647703,
      0.9632236764938947,
      0.9755249502227789,
      0.9820725397963861,
      0.9232030663466251,
      0.9375536695370583,
      0.9900080064264837,
      0.9791475354421549,
      0.9612102882160025,
      0.32175958500022783,
      0.7976517694117902,
      0.5362258940883637,
      0.962133570352472,
      0.9637424235001492,
      0.9865238783889216,
      0.9939220803572228,
      0.9801017694229951,
      0.7902620240922539
    ]
  }
}