{
  "config": {
    "dataset": "mnm2",
    "backbone": "sam",
    "model_name": "sam_vit_huge",
    "eval_mode": "logreg",
    "freeze_backbone": true,
    "pooling": "gap",
    "embed_dim": 1280,
    "best_hyperparam": 0.017782794311642647,
    "hyperparam_name": "C",
    "num_classes": 6,
    "class_names": [
      "NOR",
      "HCM",
      "ARR",
      "CIA",
      "FALL",
      "LV"
    ]
  },
  "sweep_results": [
    {
      "param_value": 9.999999974752427e-07,
      "mean_cv_acc": 0.17857142857142858,
      "std_cv_acc": 0.0
    },
    {
      "param_value": 1.7782793975129607e-06,
      "mean_cv_acc": 0.17857142857142858,
      "std_cv_acc": 0.0
    },
    {
      "param_value": 3.1622776077711023e-06,
      "mean_cv_acc": 0.17857142857142858,
      "std_cv_acc": 0.0
    },
    {
      "param_value": 5.6234130170196295e-06,
      "mean_cv_acc": 0.25,
      "std_cv_acc": 0.0
    },
    {
      "param_value": 9.999999747378752e-06,
      "mean_cv_acc": 0.25,
      "std_cv_acc": 0.0
    },
    {
      "param_value": 1.778279329300858e-05,
      "mean_cv_acc": 0.25,
      "std_cv_acc": 0.0
    },
    {
      "param_value": 3.162277789670043e-05,
      "mean_cv_acc": 0.2857142857142857,
      "std_cv_acc": 0.0
    },
    {
      "param_value": 5.62341338081751e-05,
      "mean_cv_acc": 0.39285714285714285,
      "std_cv_acc": 0.0
    },
    {
      "param_value": 9.999999747378752e-05,
      "mean_cv_acc": 0.42857142857142855,
      "std_cv_acc": 0.0
    },
    {
      "param_value": 0.00017782794020604342,
      "mean_cv_acc": 0.4642857142857143,
      "std_cv_acc": 0.0
    },
    {
      "param_value": 0.0003162277571391314,
      "mean_cv_acc": 0.5357142857142857,
      "std_cv_acc": 0.0
    },
    {
      "param_value": 0.000562341301701963,
      "mean_cv_acc": 0.5357142857142857,
      "std_cv_acc": 0.0
    },
    {
      "param_value": 0.0010000000474974513,
      "mean_cv_acc": 0.5357142857142857,
      "std_cv_acc": 0.0
    },
    {
      "param_value": 0.0017782794311642647,
      "mean_cv_acc": 0.5,
      "std_cv_acc": 0.0
    },
    {
      "param_value": 0.003162277629598975,
      "mean_cv_acc": 0.5,
      "std_cv_acc": 0.0
    },
    {
      "param_value": 0.005623413249850273,
      "mean_cv_acc": 0.5,
      "std_cv_acc": 0.0
    },
    {
      "param_value": 0.009999999776482582,
      "mean_cv_acc": 0.5,
      "std_cv_acc": 0.0
    },
    {
      "param_value": 0.017782794311642647,
      "mean_cv_acc": 0.5714285714285714,
      "std_cv_acc": 0.0
    },
    {
      "param_value": 0.03162277489900589,
      "mean_cv_acc": 0.5714285714285714,
      "std_cv_acc": 0.0
    },
    {
      "param_value": 0.05623413249850273,
      "mean_cv_acc": 0.5714285714285714,
      "std_cv_acc": 0.0
    },
    {
      "param_value": 0.10000000149011612,
      "mean_cv_acc": 0.5357142857142857,
      "std_cv_acc": 0.0
    },
    {
      "param_value": 0.17782793939113617,
      "mean_cv_acc": 0.5357142857142857,
      "std_cv_acc": 0.0
    },
    {
      "param_value": 0.3162277638912201,
      "mean_cv_acc": 0.5357142857142857,
      "std_cv_acc": 0.0
    },
    {
      "param_value": 0.5623413324356079,
      "mean_cv_acc": 0.5357142857142857,
      "std_cv_acc": 0.0
    },
    {
      "param_value": 1.0,
      "mean_cv_acc": 0.5357142857142857,
      "std_cv_acc": 0.0
    },
    {
      "param_value": 1.778279423713684,
      "mean_cv_acc": 0.5357142857142857,
      "std_cv_acc": 0.0
    },
    {
      "param_value": 3.1622776985168457,
      "mean_cv_acc": 0.5357142857142857,
      "std_cv_acc": 0.0
    },
    {
      "param_value": 5.6234130859375,
      "mean_cv_acc": 0.5357142857142857,
      "std_cv_acc": 0.0
    },
    {
      "param_value": 10.0,
      "mean_cv_acc": 0.5357142857142857,
      "std_cv_acc": 0.0
    },
    {
      "param_value": 17.782794952392578,
      "mean_cv_acc": 0.5357142857142857,
      "std_cv_acc": 0.0
    },
    {
      "param_value": 31.62277603149414,
      "mean_cv_acc": 0.5357142857142857,
      "std_cv_acc": 0.0
    },
    {
      "param_value": 56.234130859375,
      "mean_cv_acc": 0.5357142857142857,
      "std_cv_acc": 0.0
    },
    {
      "param_value": 100.0,
      "mean_cv_acc": 0.5714285714285714,
      "std_cv_acc": 0.0
    },
    {
      "param_value": 177.82794189453125,
      "mean_cv_acc": 0.5714285714285714,
      "std_cv_acc": 0.0
    },
    {
      "param_value": 316.2277526855469,
      "mean_cv_acc": 0.5714285714285714,
      "std_cv_acc": 0.0
    },
    {
      "param_value": 562.34130859375,
      "mean_cv_acc": 0.5714285714285714,
      "std_cv_acc": 0.0
    },
    {
      "param_value": 1000.0,
      "mean_cv_acc": 0.5714285714285714,
      "std_cv_acc": 0.0
    },
    {
      "param_value": 1778.2794189453125,
      "mean_cv_acc": 0.5714285714285714,
      "std_cv_acc": 0.0
    },
    {
      "param_value": 3162.277587890625,
      "mean_cv_acc": 0.5714285714285714,
      "std_cv_acc": 0.0
    },
    {
      "param_value": 5623.4130859375,
      "mean_cv_acc": 0.5714285714285714,
      "std_cv_acc": 0.0
    },
    {
      "param_value": 10000.0,
      "mean_cv_acc": 0.5714285714285714,
      "std_cv_acc": 0.0
    },
    {
      "param_value": 17782.794921875,
      "mean_cv_acc": 0.5714285714285714,
      "std_cv_acc": 0.0
    },
    {
      "param_value": 31622.77734375,
      "mean_cv_acc": 0.5714285714285714,
      "std_cv_acc": 0.0
    },
    {
      "param_value": 56234.1328125,
      "mean_cv_acc": 0.5714285714285714,
      "std_cv_acc": 0.0
    },
    {
      "param_value": 100000.0,
      "mean_cv_acc": 0.5714285714285714,
      "std_cv_acc": 0.0
    }
  ],
  "five_way": {
    "accuracy": 0.37962962962962965,
    "macro_f1": 0.3622243396699918,
    "macro_sensitivity": 0.37961352657004827,
    "macro_specificity": 0.8716954993304088,
    "per_class_sensitivity": {
      "NOR": 0.23333333333333334,
      "HCM": 0.30434782608695654,
      "ARR": 0.1,
      "CIA": 0.3,
      "FALL": 0.7,
      "LV": 0.64
    },
    "per_class_specificity": {
      "NOR": 0.8461538461538461,
      "HCM": 0.9764705882352941,
      "ARR": 0.9081632653061225,
      "CIA": 0.8877551020408163,
      "FALL": 0.9489795918367347,
      "LV": 0.6626506024096386
    },
    "confusion_matrix": [
      [
        7,
        0,
        3,
        4,
        0,
        16
      ],
      [
        9,
        7,
        3,
        0,
        1,
        3
      ],
      [
        0,
        0,
        1,
        2,
        0,
        7
      ],
      [
        3,
        0,
        0,
        3,
        2,
        2
      ],
      [
        0,
        0,
        0,
        3,
        7,
        0
      ],
      [
        0,
        2,
        3,
        2,
        2,
        16
      ]
    ],
    "classification_report": {
      "NOR": {
        "precision": 0.3684210526315789,
        "recall": 0.23333333333333334,
        "f1-score": 0.2857142857142857,
        "support": 30.0
      },
      "HCM": {
        "precision": 0.7777777777777778,
        "recall": 0.30434782608695654,
        "f1-score": 0.4375,
        "support": 23.0
      },
      "ARR": {
        "precision": 0.1,
        "recall": 0.1,
        "f1-score": 0.1,
        "support": 10.0
      },
      "CIA": {
        "precision": 0.21428571428571427,
        "recall": 0.3,
        "f1-score": 0.25,
        "support": 10.0
      },
      "FALL": {
        "precision": 0.5833333333333334,
        "recall": 0.7,
        "f1-score": 0.6363636363636364,
        "support": 10.0
      },
      "LV": {
        "precision": 0.36363636363636365,
        "recall": 0.64,
        "f1-score": 0.463768115942029,
        "support": 25.0
      },
      "accuracy": 0.37962962962962965,
      "macro avg": {
        "precision": 0.4012423736107947,
        "recall": 0.37961352657004827,
        "f1-score": 0.3622243396699918,
        "support": 108.0
      },
      "weighted avg": {
        "precision": 0.4352650003234799,
        "recall": 0.37962962962962965,
        "f1-score": 0.3712200725334783,
        "support": 108.0
      }
    },
    "probabilities": [
      [
        0.0015449443532237386,
        0.03371827860917827,
        0.021296096683312116,
        0.23308880915865998,
        0.003837106331153864,
        0.7065147648644721
      ],
      [
        0.039475442279581635,
        0.04127989688071229,
        0.2092462509958757,
        0.005547027931280987,
        0.06067647483559991,
        0.6437749070769494
      ],
      [
        0.987722839692415,
        0.009797101869765247,
        0.0015738756784280496,
        0.0008620422972706287,
        4.838271978412315e-06,
        3.930219014248964e-05
      ],
      [
        0.757162886058573,
        0.13195270327751077,
        0.04313878608576248,
        0.055751842099455155,
        0.008501885730200375,
        0.003491896748498176
      ],
      [
        0.9888968281405136,
        0.001259828130410925,
        5.7971439391916085e-05,
        0.009090485166023952,
        0.000532981810665457,
        0.0001619053129940994
      ],
      [
        0.9169504947213188,
        0.002823757302525123,
        0.018224285034598317,
        0.026003648610884663,
        0.0008728662715341153,
        0.03512494805913918
      ],
      [
        0.20426973031350587,
        0.008690437734679753,
        0.7765717102659226,
        0.008577328678116608,
        0.000503944740051467,
        0.0013868482677237611
      ],
      [
        0.9419218669013009,
        0.007263763317512207,
        0.0414348307288423,
        0.007742909812890509,
        0.00018303918894836538,
        0.0014535900505057466
      ],
      [
        0.8459134887542097,
        0.0009677874564669126,
        0.03515284621161401,
        0.10778732106273108,
        0.0021399547195837293,
        0.008038601795394607
      ],
      [
        0.6057201191790725,
        0.0045116913285422906,
        0.3617428249199788,
        0.02751851203005482,
        0.0002231683646159885,
        0.00028368417773570157
      ],
      [
        0.002580097638489603,
        0.002126498271484061,
        0.043985680273417226,
        0.0056530662435096525,
        0.0828744453922402,
        0.8627802121808592
      ],
      [
        0.010439801230855786,
        0.007985996207335755,
        0.9026977820324688,
        0.00935897582868732,
        0.008248462398284712,
        0.06126898230236766
      ],
      [
        0.005262246095964065,
        0.030228989279006937,
        0.018391140004000495,
        0.3002385826920238,
        0.0003030481073729846,
        0.6455759938216318
      ],
      [
        0.04722179881194285,
        0.028853078667989685,
        0.02922227299974373,
        0.014758459995828314,
        0.02798150806476449,
        0.851962881459731
      ],
      [
        0.0022596933459358907,
        0.045826307554495904,
        0.021862695762338593,
        0.38520335429552993,
        0.0023715086189709466,
        0.5424764404227287
      ],
      [
        0.0005038669138817533,
        0.006703368819735383,
        0.026992851498466138,
        0.012996363782913158,
        0.02407133475270069,
        0.9287322142323028
      ],
      [
        0.02592993499984109,
        0.0048146413909385495,
        0.03568543583394509,
        0.42409359126609686,
        0.06831107211067718,
        0.44116532439850115
      ],
      [
        0.003823535797789654,
        0.10193377202676211,
        0.103214416569554,
        0.33570094788831045,
        0.0011568829157934419,
        0.4541704448017903
      ],
      [
        0.005204870039159264,
        0.029105734768112266,
        0.058436201689764246,
        0.30700211440961805,
        0.00036680963270307077,
        0.599884269460643
      ],
      [
        0.0008931968938938753,
        0.00036459659407559174,
        0.0029545523600992083,
        0.11590770598273042,
        0.00021097072113277597,
        0.879668977448068
      ],
      [
        0.023124078164363963,
        0.10707503912512949,
        0.08498178446233375,
        0.08430232695598189,
        0.04351464084088304,
        0.657002130451308
      ],
      [
        0.024620966364417348,
        0.0034203611704674243,
        0.0011792968643503808,
        0.7666207724447214,
        0.015872878712612417,
        0.18828572444343122
      ],
      [
        0.001847044479103232,
        0.014690339948573636,
        0.21143169047444724,
        0.0106836530980684,
        0.006857580053681486,
        0.7544896919461261
      ],
      [
        0.0015517276486511316,
        0.008580083996155367,
        0.006519215118331852,
        0.12041501432409332,
        0.00023995180853787017,
        0.8626940071042305
      ],
      [
        0.006784566920458624,
        0.006602924130555479,
        0.001202281324278937,
        0.004200262368983772,
        0.003404695546290912,
        0.9778052697094322
      ],
      [
        0.12074016224030729,
        0.11337642766787158,
        0.31105404170882517,
        0.20443182163642118,
        0.00241933929518196,
        0.2479782074513928
      ],
      [
        0.35925896650322753,
        0.025128886695539462,
        0.030685972434697856,
        0.38249378397106293,
        0.056811721247969446,
        0.1456206691475027
      ],
      [
        0.02781687974917385,
        0.03984246449935231,
        0.020228790973116428,
        0.28507033334391363,
        0.001885294569223159,
        0.6251562368652206
      ],
      [
        0.007129828055062081,
        0.020372582083384716,
        0.02230176572464775,
        0.47985901014898047,
        0.0036073099889178824,
        0.46672950399900714
      ],
      [
        0.20948780175570425,
        0.02932029822863982,
        0.006495775760516591,
        0.4507607972051999,
        0.0027255640632687468,
        0.30120976298667074
      ],
      [
        0.0012633385921543558,
        0.25891649043837583,
        0.0014983052548737308,
        0.33253751652862945,
        0.009651193779548515,
        0.3961331554064181
      ],
      [
        0.027002194592944798,
        0.13796891085849275,
        0.26578517286467734,
        0.007481760165500196,
        0.06845594206477484,
        0.4933060194536101
      ],
      [
        0.003827715379852772,
        0.19159032890303263,
        0.28116955340250377,
        0.003428968397402396,
        0.003513566577053832,
        0.5164698673401548
      ],
      [
        0.000300567467472443,
        0.006832379553550487,
        0.0451513924798512,
        0.011241078432823104,
        0.006143858201804848,
        0.9303307238644979
      ],
      [
        0.008045598227803596,
        0.011583935254362795,
        0.3071538030133746,
        0.4846544032922047,
        0.0015725352667196456,
        0.1869897249455347
      ],
      [
        0.00011992739070285346,
        0.0020500893569871796,
        0.0015823557122157856,
        0.021409349718045687,
        0.0006821499018963954,
        0.974156127920152
      ],
      [
        0.011547480245613495,
        0.3954763608340497,
        0.1630550223864131,
        0.04333805631858784,
        0.003151017725232,
        0.3834320624901038
      ],
      [
        0.00047024391335515064,
        0.004415390307629508,
        0.017643105255668815,
        0.0033510184008400143,
        0.09579722403516616,
        0.8783230180873404
      ],
      [
        0.0013316973169127267,
        0.22300996797456638,
        0.0009236810425671705,
        0.008463750974412244,
        0.0002670835851927958,
        0.7660038191063487
      ],
      [
        0.0009786303526901304,
        0.45884760043545436,
        0.09380744968041867,
        0.3018256512788572,
        0.008174686349071798,
        0.13636598190350788
      ],
      [
        0.01111094032823681,
        0.14638933354563757,
        0.24309886692043553,
        0.017751336443557118,
        0.031202657138976887,
        0.550446865623156
      ],
      [
        0.00016432075375894109,
        0.017005358744552012,
        0.038471640511886326,
        0.015790284877613123,
        0.05161085214490484,
        0.8769575429672848
      ],
      [
        0.013869051142411099,
        0.132750011985289,
        0.5680576326678384,
        0.06552973379499485,
        0.054580714342802025,
        0.16521285606666467
      ],
      [
        0.0004201833574909493,
        0.15914915188435722,
        0.04719508497143317,
        0.03547837131823611,
        0.007649999140611468,
        0.7501072093278712
      ],
      [
        6.939325172404416e-06,
        0.0003454947370522995,
        0.0011749929703737281,
        0.0012454750987285926,
        0.006430886048828959,
        0.9907962118198441
      ],
      [
        0.004611757450359284,
        0.01298226591946119,
        0.0034961576753280944,
        0.41647650624961086,
        0.013897016986002084,
        0.5485362957192385
      ],
      [
        0.0004908873309281441,
        0.0003327561636199292,
        0.0075724740023772365,
        0.026317498413118614,
        0.9650103776130805,
        0.00027600647687568887
      ],
      [
        0.0024002492118327767,
        0.16501508251342986,
        0.6282020899705095,
        0.059913695637572456,
        0.005749027807184811,
        0.1387198548594707
      ],
      [
        0.00022159894779305318,
        0.07389399430726568,
        0.04329759549839876,
        0.0028798317416232014,
        0.002409566091231301,
        0.8772974134136879
      ],
      [
        0.00759548452834258,
        0.036678504990452394,
        0.5002836734969963,
        0.025993694165939597,
        0.04823854148549694,
        0.3812101013327723
      ],
      [
        0.007105513237279439,
        0.09613955147126592,
        0.3989977700069695,
        0.03405730784892174,
        0.027606294819921693,
        0.4360935626156418
      ],
      [
        0.07102572318799774,
        0.00026991811900927543,
        0.05334192707917006,
        0.16300379928126513,
        0.6730447010136373,
        0.03931393131892035
      ],
      [
        8.562303875855773e-05,
        0.0006594590090672939,
        0.005260588485920533,
        0.00017333671338738994,
        0.019502562647578395,
        0.9743184301052878
      ],
      [
        0.0055005697151688186,
        0.07988971544361352,
        0.024958598387112122,
        0.5973118472729025,
        0.02621188434611983,
        0.2661273848350832
      ],
      [
        0.00018503489755161782,
        0.002413937385629494,
        0.004554245956980182,
        0.0006342230210969397,
        0.007649800356040608,
        0.9845627583827011
      ],
      [
        0.8142265361910048,
        0.02014255102466892,
        0.138974492477793,
        0.012925718118103918,
        0.01075479329451992,
        0.0029759088939093773
      ],
      [
        0.013953738756512148,
        0.14018706318832191,
        0.1579698187831963,
        0.11040139628943976,
        0.48081084308056626,
        0.09667713990196361
      ],
      [
        0.7220468461103295,
        0.14205715766805257,
        0.0681087225184128,
        0.05489023149778418,
        0.0023159718119053446,
        0.010581070393515682
      ],
      [
        0.012200373055234635,
        0.7719565905485141,
        0.05217797621129437,
        0.0768229609900163,
        0.0018458201129263065,
        0.08499627908201415
      ],
      [
        0.33123291659406784,
        0.0733133139662574,
        0.5551290814073259,
        0.030645120929192894,
        0.007133899084130672,
        0.002545668019025423
      ],
      [
        0.9143574899209451,
        0.07313685934882733,
        0.0007445971053371667,
        0.010559810190506209,
        0.0009807534703208448,
        0.00022048996406317443
      ],
      [
        0.00644563366476934,
        0.1284939714629947,
        0.011471391863826055,
        0.021390918782954866,
        0.0028166036867608947,
        0.8293814805386941
      ],
      [
        0.641236430400671,
        0.21235106597662093,
        0.12141259945947726,
        0.01719906127444318,
        0.0059550218771481245,
        0.0018458210116395644
      ],
      [
        0.8220039826657914,
        0.13171113679328683,
        0.014338631178707055,
        0.0047735418963133795,
        0.027156877944642,
        1.582952125922157e-05
      ],
      [
        0.0012056667788267281,
        0.6556295236301263,
        0.0009107172989813114,
        0.16917095582896474,
        0.00044307496800419135,
        0.17264006149509656
      ],
      [
        0.007955016937487772,
        0.368975272624339,
        0.005691696443625031,
        0.047105720024640745,
        0.0001416944277645272,
        0.5701305995421428
      ],
      [
        0.21571117638067325,
        0.10985831494034289,
        0.6140468547718793,
        0.037136512577322325,
        0.009288671259970281,
        0.013958470069812065
      ],
      [
        0.8930419914747114,
        0.019480194748882664,
        0.046245423218566166,
        0.016195098200727186,
        0.022558892975766465,
        0.0024783993813459687
      ],
      [
        0.0006430197439721497,
        0.345493430196501,
        0.0029185532902536704,
        0.0034231452262953577,
        0.021926907813604807,
        0.6255949437293732
      ],
      [
        0.0395794945070056,
        0.9476618979555764,
        0.010330888604168921,
        0.0019287426353254045,
        0.00045337062455726716,
        4.560567336669932e-05
      ],
      [
        0.13603614866043756,
        0.32503975841649535,
        0.49894917446804593,
        0.03098887770140299,
        0.0028255514394014657,
        0.0061604893142167706
      ],
      [
        0.7302934273485824,
        0.06522425131533843,
        0.18729808314265112,
        0.01039751206538591,
        0.006465006164307958,
        0.0003217199637343051
      ],
      [
        0.15584478370633417,
        0.8010645646115689,
        0.035153046225095436,
        0.006383521363534401,
        0.0013593435101518865,
        0.00019474058331523032
      ],
      [
        0.01986367247955587,
        0.8632648772662971,
        0.07872534226725963,
        0.03226652032242523,
        0.0012673379879312957,
        0.004612249676530866
      ],
      [
        0.7256196228084568,
        0.18937623323911637,
        0.06648352923685906,
        0.0037325069384579355,
        0.014087971200764385,
        0.0007001365763455747
      ],
      [
        0.03378691454799136,
        0.7959971978626363,
        0.07104709334199835,
        0.047087565747256296,
        0.01352844283839526,
        0.038552785661722336
      ],
      [
        0.12140232491931119,
        0.6402837620944002,
        0.22939285035932802,
        0.006620639044348907,
        0.001339399893038222,
        0.000961023689573541
      ],
      [
        0.40714235794299064,
        0.33917140819985875,
        0.22176028422603522,
        0.011662370569435223,
        0.019574749190139646,
        0.0006888298715404031
      ],
      [
        0.005399421531216955,
        0.004663107210527009,
        0.013248991361824019,
        0.3593490717788111,
        0.02082346325082991,
        0.596515944866791
      ],
      [
        0.02088336435659642,
        0.0061018595174572145,
        0.24535434440091972,
        0.40631707855898985,
        0.31045184399567993,
        0.010891509170356986
      ],
      [
        0.004624980681578634,
        0.33125282574761594,
        0.010224003149239602,
        0.3612129978865796,
        0.007253664445830017,
        0.2854315280891561
      ],
      [
        0.014495441777171077,
        0.10114725364816778,
        0.007762795120694792,
        0.36902634098038456,
        0.0011112805331338217,
        0.506456887940448
      ],
      [
        0.0018733152648808466,
        0.03783525501022548,
        0.039672250423703065,
        0.11572474439763011,
        0.0018078512100145876,
        0.803086583693546
      ],
      [
        5.210402548162356e-05,
        0.00223014976885587,
        0.00015791405622858976,
        0.052194366889107405,
        0.0008936167563486645,
        0.9444718485039779
      ],
      [
        0.1028998572334304,
        0.2608430128019766,
        0.061827483044569684,
        0.2857344532915971,
        0.002814439441941876,
        0.2858807541864844
      ],
      [
        0.00018518177246776063,
        0.006484745413738239,
        0.002811056337433194,
        0.002845850437136848,
        0.004223918854478645,
        0.9834492471847452
      ],
      [
        0.009826790743472353,
        0.10715271958589163,
        0.8310684941891826,
        0.030414252916258953,
        0.021292549844141598,
        0.0002451927210526942
      ],
      [
        0.0028522635367003247,
        0.4218677967552885,
        0.005282041823501564,
        0.027092130719055862,
        0.0018558129135151265,
        0.5410499542519386
      ],
      [
        0.018227305162404103,
        0.0004985623766704928,
        0.00021791950449969526,
        0.026214829629662807,
        0.9538137963919798,
        0.0010275869347830088
      ],
      [
        0.06598008288714292,
        0.0024508833857375734,
        0.003635171756407355,
        0.027472643393648435,
        0.8899997076330297,
        0.010461510944034077
      ],
      [
        0.005912439801403381,
        0.0007657200366369589,
        0.005270758721752534,
        0.1968601281100726,
        0.7416107213812678,
        0.04958023194886673
      ],
      [
        0.027818996985926926,
        0.0012465445343768408,
        0.00018706679465235236,
        0.9399298774602494,
        0.02564001414822291,
        0.005177500076571705
      ],
      [
        0.04730457923309608,
        0.10771443745213329,
        0.1498542728674004,
        0.0431433293016783,
        0.5441165312983504,
        0.10786684984734163
      ],
      [
        0.001913331332177636,
        0.0043109047910978434,
        0.1783606728034474,
        0.038890050196809696,
        0.7257035698843424,
        0.05082147099212511
      ],
      [
        0.004715348958861355,
        0.0010040306554581096,
        0.004593994306616805,
        0.03917925172208912,
        0.9161690193747025,
        0.034338354982272175
      ],
      [
        0.07652399522344316,
        0.07191612288368555,
        0.03651925136647837,
        0.12911490903305903,
        0.6498197349456468,
        0.03610598654768707
      ],
      [
        0.0158462673945548,
        0.08803190675265031,
        0.08408098489732718,
        0.45515452328003647,
        0.1315625372821396,
        0.2253237803932918
      ],
      [
        0.016145105318186963,
        0.005723015988402552,
        0.002026305755105487,
        0.8994474275992999,
        0.02078184532360344,
        0.05587630001540163
      ],
      [
        0.0002910718664971505,
        0.29810288798147294,
        0.04033997830696835,
        0.3790903058131978,
        0.004865147991807041,
        0.2773106080400567
      ],
      [
        0.9434960054401178,
        0.008666143625845186,
        0.03428552348278927,
        0.0115172170354723,
        0.0017191630360710352,
        0.00031594737970440953
      ],
      [
        0.9394336308417214,
        0.001145808830022216,
        0.0002905038476594679,
        0.0515426998195537,
        9.822050376178357e-05,
        0.007489136157281357
      ],
      [
        0.5375533366579708,
        0.0066719156557451895,
        0.001086276499775503,
        0.4160501813103668,
        0.038559319566435844,
        7.89703097058476e-05
      ],
      [
        0.003663524956106432,
        0.024083927136749984,
        0.006938106630431708,
        0.5450756174294744,
        0.03623150257367109,
        0.3840073212735664
      ],
      [
        0.003554288708254686,
        0.0010600424713475458,
        0.05144154249293268,
        0.4972846406084506,
        0.1210247260738413,
        0.3256347596451732
      ],
      [
        0.00507762621097262,
        0.013970003621939838,
        0.008376791481176487,
        0.12193673214736764,
        0.004041688025793728,
        0.8465971585127496
      ],
      [
        0.0007954174254885498,
        0.007113778737511237,
        0.0030882838529351104,
        0.40636841074779584,
        0.03503591305237567,
        0.5475981961838936
      ],
      [
        0.0032855414999274383,
        7.457810438117818e-05,
        0.027240356830730096,
        0.02887901214179746,
        0.9167986347549529,
        0.023721876668210837
      ],
      [
        0.009252978509777476,
        7.98370737788011e-05,
        0.0010636551105156192,
        0.35152631211722674,
        0.6296051352243864,
        0.00847208196431489
      ]
    ],
    "predictions": [
      5,
      5,
      0,
      0,
      0,
      0,
      2,
      0,
      0,
      0,
      5,
      2,
      5,
      5,
      5,
      5,
      5,
      5,
      5,
      5,
      5,
      3,
      5,
      5,
      5,
      2,
      3,
      5,
      3,
      3,
      5,
      5,
      5,
      5,
      3,
      5,
      1,
      5,
      5,
      1,
      5,
      5,
      2,
      5,
      5,
      5,
      4,
      2,
      5,
      2,
      5,
      4,
      5,
      3,
      5,
      0,
      4,
      0,
      1,
      2,
      0,
      5,
      0,
      0,
      1,
      5,
      2,
      0,
      5,
      1,
      2,
      0,
      1,
      1,
      0,
      1,
      1,
      0,
      5,
      3,
      3,
      5,
      5,
      5,
      5,
      5,
      2,
      5,
      4,
      4,
      4,
      3,
      4,
      4,
      4,
      4,
      3,
      3,
      3,
      0,
      0,
      0,
      3,
      3,
      5,
      5,
      4,
      4
    ],
    "true_labels": [
      0,
      0,
      0,
      0,
      0,
      0,
      0,
      0,
      0,
      0,
      0,
      0,
      0,
      0,
      0,
      0,
      0,
      0,
      0,
      0,
      0,
      0,
      0,
      0,
      0,
      0,
      0,
      0,
      0,
      0,
      5,
      5,
      5,
      5,
      5,
      5,
      5,
      5,
      5,
      5,
      5,
      5,
      5,
      5,
      5,
      5,
      5,
      5,
      5,
      5,
      5,
      5,
      5,
      5,
      5,
      1,
      1,
      1,
      1,
      1,
      1,
      1,
      1,
      1,
      1,
      1,
      1,
      1,
      1,
      1,
      1,
      1,
      1,
      1,
      1,
      1,
      1,
      1,
      2,
      2,
      2,
      2,
      2,
      2,
      2,
      2,
      2,
      2,
      4,
      4,
      4,
      4,
      4,
      4,
      4,
      4,
      4,
      4,
      3,
      3,
      3,
      3,
      3,
      3,
      3,
      3,
      3,
      3
    ],
    "patient_ids": [
      "201",
      "202",
      "203",
      "204",
      "205",
      "206",
      "207",
      "208",
      "209",
      "210",
      "211",
      "212",
      "213",
      "214",
      "215",
      "216",
      "217",
      "218",
      "219",
      "220",
      "221",
      "222",
      "223",
      "224",
      "225",
      "226",
      "227",
      "228",
      "229",
      "230",
      "231",
      "232",
      "233",
      "234",
      "235",
      "236",
      "237",
      "238",
      "239",
      "240",
      "241",
      "242",
      "243",
      "244",
      "245",
      "246",
      "247",
      "248",
      "249",
      "250",
      "251",
      "252",
      "253",
      "254",
      "255",
      "256",
      "257",
      "258",
      "259",
      "260",
      "261",
      "262",
      "264",
      "265",
      "266",
      "267",
      "269",
      "270",
      "271",
      "272",
      "273",
      "274",
      "275",
      "276",
      "277",
      "278",
      "279",
      "280",
      "281",
      "282",
      "283",
      "284",
      "285",
      "286",
      "287",
      "288",
      "289",
      "290",
      "291",
      "292",
      "293",
      "294",
      "295",
      "296",
      "297",
      "298",
      "299",
      "300",
      "301",
      "302",
      "303",
      "304",
      "305",
      "306",
      "307",
      "308",
      "309",
      "310"
    ]
  },
  "roc_auc": {
    "macro_auc": 0.719447537012235,
    "per_class_auc": {
      "NOR": 0.6094017094017095,
      "HCM": 0.870076726342711,
      "ARR": 0.4418367346938775,
      "CIA": 0.7428571428571429,
      "FALL": 0.9214285714285715,
      "LV": 0.7310843373493977
    }
  },
  "binary": {
    "accuracy": 0.6851851851851852,
    "f1": 0.7976190476190477,
    "sensitivity": 0.8589743589743589,
    "specificity": 0.23333333333333334,
    "roc_auc": 0.6094017094017093,
    "binary_labels": [
      0,
      0,
      0,
      0,
      0,
      0,
      0,
      0,
      0,
      0,
      0,
      0,
      0,
      0,
      0,
      0,
      0,
      0,
      0,
      0,
      0,
      0,
      0,
      0,
      0,
      0,
      0,
      0,
      0,
      0,
      1,
      1,
      1,
      1,
      1,
      1,
      1,
      1,
      1,
      1,
      1,
      1,
      1,
      1,
      1,
      1,
      1,
      1,
      1,
      1,
      1,
      1,
      1,
      1,
      1,
      1,
      1,
      1,
      1,
      1,
      1,
      1,
      1,
      1,
      1,
      1,
      1,
      1,
      1,
      1,
      1,
      1,
      1,
      1,
      1,
      1,
      1,
      1,
      1,
      1,
      1,
      1,
      1,
      1,
      1,
      1,
      1,
      1,
      1,
      1,
      1,
      1,
      1,
      1,
      1,
      1,
      1,
      1,
      1,
      1,
      1,
      1,
      1,
      1,
      1,
      1,
      1,
      1
    ],
    "binary_probs": [
      0.9984550556467763,
      0.9605245577204183,
      0.012277160307584967,
      0.24283711394142704,
      0.011103171859486394,
      0.08304950527868116,
      0.7957302696864941,
      0.058078133098699136,
      0.15408651124579031,
      0.39427988082092746,
      0.9974199023615103,
      0.9895601987691443,
      0.994737753904036,
      0.9527782011880571,
      0.9977403066540641,
      0.9994961330861183,
      0.9740700650001589,
      0.9961764642022104,
      0.9947951299608407,
      0.9991068031061061,
      0.976875921835636,
      0.9753790336355826,
      0.9981529555208968,
      0.9984482723513489,
      0.9932154330795414,
      0.8792598377596927,
      0.6407410334967725,
      0.9721831202508262,
      0.9928701719449379,
      0.7905121982442957,
      0.9987366614078457,
      0.9729978054070552,
      0.9961722846201472,
      0.9996994325325276,
      0.9919544017721964,
      0.9998800726092971,
      0.9884525197543865,
      0.9995297560866448,
      0.9986683026830873,
      0.9990213696473099,
      0.9888890596717632,
      0.9998356792462411,
      0.9861309488575889,
      0.9995798166425091,
      0.9999930606748276,
      0.9953882425496408,
      0.9995091126690718,
      0.9975997507881672,
      0.9997784010522069,
      0.9924045154716574,
      0.9928944867627205,
      0.9289742768120023,
      0.9999143769612414,
      0.9944994302848312,
      0.9998149651024484,
      0.18577346380899518,
      0.9860462612434878,
      0.27795315388967046,
      0.9877996269447654,
      0.6687670834059322,
      0.08564251007905488,
      0.9935543663352306,
      0.358763569599329,
      0.17799601733420856,
      0.9987943332211733,
      0.9920449830625122,
      0.7842888236193267,
      0.10695800852528858,
      0.9993569802560278,
      0.9604205054929944,
      0.8639638513395624,
      0.2697065726514176,
      0.8441552162936659,
      0.9801363275204441,
      0.2743803771915432,
      0.9662130854520087,
      0.8785976750806888,
      0.5928576420570093,
      0.994600578468783,
      0.9791166356434036,
      0.9953750193184213,
      0.9855045582228289,
      0.9981266847351191,
      0.9999478959745184,
      0.8971001427665696,
      0.9998148182275323,
      0.9901732092565276,
      0.9971477364632997,
      0.9817726948375959,
      0.934019917112857,
      0.9940875601985966,
      0.9721810030140731,
      0.9526954207669039,
      0.9980866686678224,
      0.9952846510411386,
      0.9234760047765569,
      0.9841537326054453,
      0.9838548946818131,
      0.9997089281335029,
      0.0565039945598822,
      0.06056636915827862,
      0.4624466633420292,
      0.9963364750438936,
      0.9964457112917453,
      0.9949223737890274,
      0.9992045825745115,
      0.9967144585000726,
      0.9907470214902225
    ]
  }
}