{
  "config": {
    "dataset": "mnm2",
    "backbone": "sam",
    "model_name": "sam_vit_large",
    "eval_mode": "logreg",
    "pooling": "gap",
    "embed_dim": 1024,
    "best_hyperparam": 0.3162277638912201,
    "hyperparam_name": "C",
    "num_classes": 6,
    "class_names": [
      "NOR",
      "HCM",
      "ARR",
      "CIA",
      "FALL",
      "LV"
    ]
  },
  "sweep_results": [
    {
      "param_value": 9.999999974752427e-07,
      "mean_cv_acc": 0.17857142857142858,
      "std_cv_acc": 0.0
    },
    {
      "param_value": 1.7782793975129607e-06,
      "mean_cv_acc": 0.17857142857142858,
      "std_cv_acc": 0.0
    },
    {
      "param_value": 3.1622776077711023e-06,
      "mean_cv_acc": 0.17857142857142858,
      "std_cv_acc": 0.0
    },
    {
      "param_value": 5.6234130170196295e-06,
      "mean_cv_acc": 0.21428571428571427,
      "std_cv_acc": 0.0
    },
    {
      "param_value": 9.999999747378752e-06,
      "mean_cv_acc": 0.25,
      "std_cv_acc": 0.0
    },
    {
      "param_value": 1.778279329300858e-05,
      "mean_cv_acc": 0.25,
      "std_cv_acc": 0.0
    },
    {
      "param_value": 3.162277789670043e-05,
      "mean_cv_acc": 0.2857142857142857,
      "std_cv_acc": 0.0
    },
    {
      "param_value": 5.62341338081751e-05,
      "mean_cv_acc": 0.32142857142857145,
      "std_cv_acc": 0.0
    },
    {
      "param_value": 9.999999747378752e-05,
      "mean_cv_acc": 0.39285714285714285,
      "std_cv_acc": 0.0
    },
    {
      "param_value": 0.00017782794020604342,
      "mean_cv_acc": 0.42857142857142855,
      "std_cv_acc": 0.0
    },
    {
      "param_value": 0.0003162277571391314,
      "mean_cv_acc": 0.4642857142857143,
      "std_cv_acc": 0.0
    },
    {
      "param_value": 0.000562341301701963,
      "mean_cv_acc": 0.42857142857142855,
      "std_cv_acc": 0.0
    },
    {
      "param_value": 0.0010000000474974513,
      "mean_cv_acc": 0.42857142857142855,
      "std_cv_acc": 0.0
    },
    {
      "param_value": 0.0017782794311642647,
      "mean_cv_acc": 0.42857142857142855,
      "std_cv_acc": 0.0
    },
    {
      "param_value": 0.003162277629598975,
      "mean_cv_acc": 0.5,
      "std_cv_acc": 0.0
    },
    {
      "param_value": 0.005623413249850273,
      "mean_cv_acc": 0.5,
      "std_cv_acc": 0.0
    },
    {
      "param_value": 0.009999999776482582,
      "mean_cv_acc": 0.4642857142857143,
      "std_cv_acc": 0.0
    },
    {
      "param_value": 0.017782794311642647,
      "mean_cv_acc": 0.4642857142857143,
      "std_cv_acc": 0.0
    },
    {
      "param_value": 0.03162277489900589,
      "mean_cv_acc": 0.4642857142857143,
      "std_cv_acc": 0.0
    },
    {
      "param_value": 0.05623413249850273,
      "mean_cv_acc": 0.4642857142857143,
      "std_cv_acc": 0.0
    },
    {
      "param_value": 0.10000000149011612,
      "mean_cv_acc": 0.4642857142857143,
      "std_cv_acc": 0.0
    },
    {
      "param_value": 0.17782793939113617,
      "mean_cv_acc": 0.5,
      "std_cv_acc": 0.0
    },
    {
      "param_value": 0.3162277638912201,
      "mean_cv_acc": 0.5357142857142857,
      "std_cv_acc": 0.0
    },
    {
      "param_value": 0.5623413324356079,
      "mean_cv_acc": 0.5357142857142857,
      "std_cv_acc": 0.0
    },
    {
      "param_value": 1.0,
      "mean_cv_acc": 0.5357142857142857,
      "std_cv_acc": 0.0
    },
    {
      "param_value": 1.778279423713684,
      "mean_cv_acc": 0.5357142857142857,
      "std_cv_acc": 0.0
    },
    {
      "param_value": 3.1622776985168457,
      "mean_cv_acc": 0.5357142857142857,
      "std_cv_acc": 0.0
    },
    {
      "param_value": 5.6234130859375,
      "mean_cv_acc": 0.5357142857142857,
      "std_cv_acc": 0.0
    },
    {
      "param_value": 10.0,
      "mean_cv_acc": 0.5357142857142857,
      "std_cv_acc": 0.0
    },
    {
      "param_value": 17.782794952392578,
      "mean_cv_acc": 0.5357142857142857,
      "std_cv_acc": 0.0
    },
    {
      "param_value": 31.62277603149414,
      "mean_cv_acc": 0.5357142857142857,
      "std_cv_acc": 0.0
    },
    {
      "param_value": 56.234130859375,
      "mean_cv_acc": 0.5357142857142857,
      "std_cv_acc": 0.0
    },
    {
      "param_value": 100.0,
      "mean_cv_acc": 0.5357142857142857,
      "std_cv_acc": 0.0
    },
    {
      "param_value": 177.82794189453125,
      "mean_cv_acc": 0.5357142857142857,
      "std_cv_acc": 0.0
    },
    {
      "param_value": 316.2277526855469,
      "mean_cv_acc": 0.5357142857142857,
      "std_cv_acc": 0.0
    },
    {
      "param_value": 562.34130859375,
      "mean_cv_acc": 0.5357142857142857,
      "std_cv_acc": 0.0
    },
    {
      "param_value": 1000.0,
      "mean_cv_acc": 0.5357142857142857,
      "std_cv_acc": 0.0
    },
    {
      "param_value": 1778.2794189453125,
      "mean_cv_acc": 0.5357142857142857,
      "std_cv_acc": 0.0
    },
    {
      "param_value": 3162.277587890625,
      "mean_cv_acc": 0.5357142857142857,
      "std_cv_acc": 0.0
    },
    {
      "param_value": 5623.4130859375,
      "mean_cv_acc": 0.5357142857142857,
      "std_cv_acc": 0.0
    },
    {
      "param_value": 10000.0,
      "mean_cv_acc": 0.5357142857142857,
      "std_cv_acc": 0.0
    },
    {
      "param_value": 17782.794921875,
      "mean_cv_acc": 0.5357142857142857,
      "std_cv_acc": 0.0
    },
    {
      "param_value": 31622.77734375,
      "mean_cv_acc": 0.5,
      "std_cv_acc": 0.0
    },
    {
      "param_value": 56234.1328125,
      "mean_cv_acc": 0.5,
      "std_cv_acc": 0.0
    },
    {
      "param_value": 100000.0,
      "mean_cv_acc": 0.5,
      "std_cv_acc": 0.0
    }
  ],
  "five_way": {
    "accuracy": 0.4351851851851852,
    "macro_f1": 0.42254062362758016,
    "macro_sensitivity": 0.4385507246376812,
    "macro_specificity": 0.8844817877722605,
    "per_class_sensitivity": {
      "NOR": 0.3,
      "HCM": 0.391304347826087,
      "ARR": 0.2,
      "CIA": 0.3,
      "FALL": 0.8,
      "LV": 0.64
    },
    "per_class_specificity": {
      "NOR": 0.9102564102564102,
      "HCM": 0.9529411764705882,
      "ARR": 0.8979591836734694,
      "CIA": 0.8877551020408163,
      "FALL": 0.9591836734693877,
      "LV": 0.6987951807228916
    },
    "confusion_matrix": [
      [
        9,
        0,
        2,
        6,
        0,
        13
      ],
      [
        6,
        9,
        4,
        0,
        1,
        3
      ],
      [
        0,
        2,
        2,
        1,
        0,
        5
      ],
      [
        1,
        0,
        0,
        3,
        2,
        4
      ],
      [
        0,
        0,
        0,
        2,
        8,
        0
      ],
      [
        0,
        2,
        4,
        2,
        1,
        16
      ]
    ],
    "classification_report": {
      "NOR": {
        "precision": 0.5625,
        "recall": 0.3,
        "f1-score": 0.391304347826087,
        "support": 30.0
      },
      "HCM": {
        "precision": 0.6923076923076923,
        "recall": 0.391304347826087,
        "f1-score": 0.5,
        "support": 23.0
      },
      "ARR": {
        "precision": 0.16666666666666666,
        "recall": 0.2,
        "f1-score": 0.18181818181818182,
        "support": 10.0
      },
      "CIA": {
        "precision": 0.21428571428571427,
        "recall": 0.3,
        "f1-score": 0.25,
        "support": 10.0
      },
      "FALL": {
        "precision": 0.6666666666666666,
        "recall": 0.8,
        "f1-score": 0.7272727272727273,
        "support": 10.0
      },
      "LV": {
        "precision": 0.3902439024390244,
        "recall": 0.64,
        "f1-score": 0.48484848484848486,
        "support": 25.0
      },
      "accuracy": 0.4351851851851852,
      "macro avg": {
        "precision": 0.44877844039429404,
        "recall": 0.4385507246376812,
        "f1-score": 0.42254062362758016,
        "support": 108.0
      },
      "weighted avg": {
        "precision": 0.4910218977800278,
        "recall": 0.4351851851851852,
        "f1-score": 0.4347338115454058,
        "support": 108.0
      }
    },
    "probabilities": [
      [
        0.0003083794889525897,
        0.11911698850655204,
        0.028679530792182942,
        0.6552086314686929,
        0.0006604636635136429,
        0.19602600608010595
      ],
      [
        0.0018569697860731885,
        0.0024312370301283453,
        0.029997711847197638,
        0.00034819750618321596,
        0.045505942716835605,
        0.919859941113582
      ],
      [
        0.9998211826265869,
        0.00016576126821482196,
        8.383331848155908e-06,
        1.3880239175131734e-06,
        9.100586308719332e-10,
        3.2838393739314015e-06
      ],
      [
        0.8906921354739374,
        0.07252099792038166,
        0.0010139677131798613,
        0.03371287957569367,
        0.0004869141532075699,
        0.0015731051635999513
      ],
      [
        0.9957913330362183,
        3.7849426761036957e-06,
        7.691058936402582e-06,
        0.004019038098133151,
        8.069975248456227e-05,
        9.745311155180358e-05
      ],
      [
        0.8777760388748747,
        0.0010610650935890518,
        0.03722740620673717,
        0.014945266909741906,
        6.072588135846239e-05,
        0.06892949703369873
      ],
      [
        0.0007211728358674917,
        0.00011732577277470587,
        0.9991239917763433,
        2.8316431097192335e-05,
        7.274197590495865e-07,
        8.465764158499305e-06
      ],
      [
        0.9866431261006231,
        0.0011353859183975434,
        0.005125125936997721,
        0.0065101964952808036,
        4.982872077620282e-05,
        0.0005363368279246664
      ],
      [
        0.5169940829462863,
        0.00031758848274204837,
        0.006064494467291253,
        0.32519853728972287,
        1.5041548637201276e-05,
        0.15141025526532023
      ],
      [
        0.9228619480235061,
        0.0008856018702704866,
        0.0753980651342267,
        0.0008515255513326575,
        5.048635334915121e-07,
        2.3545571305435144e-06
      ],
      [
        0.0001453354360054733,
        0.0008063491539564423,
        0.0006275279149990846,
        0.00014897004308930226,
        0.15097945828928472,
        0.847292359162665
      ],
      [
        0.10495448222239288,
        0.0011958546194093024,
        0.8472518358394233,
        0.010257991859183236,
        0.005927500943156841,
        0.030412334516434627
      ],
      [
        0.000887250402545744,
        0.0005185407690454562,
        0.0003150315351520723,
        0.542962469241053,
        6.589117261700136e-06,
        0.4553101189349421
      ],
      [
        0.022034516084838973,
        0.00359776128971813,
        6.505241493091136e-06,
        0.00022478515617761286,
        0.0031618191561009084,
        0.9709746130716713
      ],
      [
        0.0005557137117913798,
        0.024582845513023997,
        0.00035489055351953117,
        0.7183758007623964,
        0.0004999953633788857,
        0.25563075409588976
      ],
      [
        9.695439541567027e-06,
        0.00025690004346840776,
        2.8445769575637238e-05,
        0.0003866346333297609,
        0.0017522522581553683,
        0.9975660718559293
      ],
      [
        0.4110256142483707,
        0.0016683890841121764,
        0.00027051886613068754,
        0.1397901826707759,
        0.0125969849046397,
        0.4346483102259707
      ],
      [
        0.00041544867284328983,
        0.10381595237980716,
        0.20700779349743803,
        0.6141561770470892,
        2.0673273591100753e-05,
        0.07458395512923127
      ],
      [
        0.0003116587104958129,
        1.780381841048315e-05,
        1.630158052180203e-05,
        0.01935751819786967,
        2.9657045416561737e-06,
        0.9802937519881607
      ],
      [
        1.4941489573735928e-05,
        2.691419654434437e-06,
        1.576643489221949e-05,
        0.0445618665896375,
        5.3027477101946857e-05,
        0.9553517065891401
      ],
      [
        0.0013436845403039367,
        0.003915092833579117,
        0.00204176135286979,
        0.04136146038714974,
        0.0025915845162351463,
        0.9487464163698622
      ],
      [
        0.01142133979124342,
        0.00011123972527694198,
        3.014052170373643e-07,
        0.34764126082227365,
        0.00015463777419645052,
        0.6406712204817925
      ],
      [
        6.76303415044501e-05,
        0.004177846325587586,
        0.009661560271816536,
        0.0002246616615880946,
        0.0009070962766558266,
        0.9849612051228475
      ],
      [
        6.0152299572793095e-05,
        0.0019348609327758865,
        2.9744085355868097e-05,
        0.00932843918335589,
        1.5757223955305148e-06,
        0.988645227776544
      ],
      [
        0.00042851234207455123,
        0.0003199264577761363,
        9.164560409129528e-07,
        9.244465574036821e-05,
        0.00018595549422338272,
        0.9989722445941446
      ],
      [
        0.004427950604657813,
        0.08261014134043598,
        0.18920058857399108,
        0.6874496129992663,
        3.9048132604468004e-05,
        0.03627265834904428
      ],
      [
        0.5969964922458211,
        0.0022302349876851435,
        0.0006451462179265549,
        0.34876852037965494,
        0.004210172161576586,
        0.047149434007335775
      ],
      [
        0.002472629936984254,
        0.0067505075625699275,
        1.6552043020587374e-05,
        0.029132529495810917,
        7.087353475437195e-05,
        0.96155690742686
      ],
      [
        0.0002774330548511759,
        0.0019066805040433782,
        0.0005696377939189405,
        0.9920351053756226,
        2.2816153473674554e-05,
        0.0051883271180903235
      ],
      [
        0.5726018550412095,
        0.0020798121262396723,
        0.0007137483679374949,
        0.3862563920767763,
        0.0006881469073142067,
        0.03766004548052276
      ],
      [
        2.1151569867137282e-05,
        0.02037446965615845,
        6.0205493472856684e-05,
        0.6506237417159818,
        0.0012591392164604596,
        0.32766129234805924
      ],
      [
        0.043128277325059715,
        0.4673069741283854,
        0.10919237506349468,
        0.0023415655087028137,
        0.05523632926628446,
        0.32279447870807293
      ],
      [
        0.0015701821842642194,
        0.2565940246046841,
        0.5526793441540345,
        9.25326326330351e-05,
        0.0008304792640812921,
        0.18823343716030277
      ],
      [
        5.094638198652395e-05,
        0.001533010550798409,
        0.15027091950416913,
        0.0037606258570842092,
        0.041369519865004756,
        0.803014977840957
      ],
      [
        2.713658332500851e-05,
        0.007480181353666083,
        0.8303963636993698,
        0.15615771658455038,
        0.00048236816963634566,
        0.005456233609452271
      ],
      [
        4.125184261699683e-07,
        3.700943037524715e-05,
        7.936410603969364e-06,
        0.001275842582465102,
        2.587398501806505e-05,
        0.9986529250731115
      ],
      [
        0.0007357335118132664,
        0.3176009648659168,
        0.4532571122037637,
        0.005625897596585121,
        2.217144687582391e-05,
        0.22275812037504533
      ],
      [
        7.231450497122747e-07,
        5.701504715380331e-05,
        0.00012163446473785109,
        7.106123820084493e-05,
        0.009980376412900826,
        0.989769189691957
      ],
      [
        4.401295961096634e-08,
        0.007672559548654779,
        3.466903466196774e-07,
        0.00014709393941433576,
        6.269305756125037e-07,
        0.9921793288780492
      ],
      [
        7.117756867744223e-05,
        0.9761246554270133,
        0.01136784417929666,
        0.011337822466546944,
        3.1615943578353616e-05,
        0.0010668844148872332
      ],
      [
        0.004171485108843281,
        0.022240787128142432,
        0.020510061430701783,
        0.0009122261186778251,
        0.008879509504061585,
        0.9432859307095731
      ],
      [
        3.0450730801162443e-06,
        0.00039998578211175877,
        0.002012203259494932,
        0.0023215225450594667,
        0.002822912059942459,
        0.9924403312803112
      ],
      [
        0.05545009879612394,
        0.36445631601875395,
        0.18390166835165636,
        0.0031677299659233398,
        0.006134106886408197,
        0.38689007998113417
      ],
      [
        1.674976841752348e-07,
        0.0031365490528511477,
        0.0002948901359775367,
        0.00039319470299213,
        0.00015704560155669616,
        0.9960181530089383
      ],
      [
        1.563378076484936e-07,
        5.396987542578939e-06,
        1.971102557494343e-06,
        9.76422838155572e-05,
        0.009969184040009496,
        0.9899256492482673
      ],
      [
        6.131681103481906e-05,
        0.0049587327191183,
        5.239003671306793e-05,
        0.03108660792511487,
        0.0010646581648765595,
        0.9627762943431424
      ],
      [
        6.959494955133246e-05,
        2.838996907378048e-07,
        0.0002261736248631343,
        0.013201574418384548,
        0.9865022117509947,
        1.6135651560843628e-07
      ],
      [
        0.0006413737572664458,
        0.06325806289194774,
        0.7622054810918903,
        0.00183598153195121,
        1.8655131159695274e-05,
        0.17204044559578457
      ],
      [
        2.1121714211730783e-06,
        0.022612361075446143,
        0.003910086863876762,
        0.00025187510578643764,
        0.00039206978674554885,
        0.9728314949967239
      ],
      [
        0.012661743067276136,
        0.025843905954327954,
        0.023984663292065576,
        0.0005061055626706718,
        0.016907234374168058,
        0.9200963477494916
      ],
      [
        0.00041723118123019546,
        0.00625802694851585,
        0.05872384702462566,
        0.000794311803041995,
        0.001629159046162887,
        0.9321774239964236
      ],
      [
        0.09615440703012203,
        1.3858058100581258e-05,
        0.0024745066326549367,
        0.4703923728990503,
        0.4241551866858607,
        0.0068096686942115525
      ],
      [
        1.4724364491036623e-06,
        5.041659708528492e-05,
        1.6329198161742477e-05,
        1.0276360299122054e-06,
        0.0021045324703295233,
        0.9978262216619445
      ],
      [
        0.00036802125268064963,
        0.009411221853450103,
        0.000990779371977675,
        0.0196576747795199,
        0.00953412957488684,
        0.9600381731674849
      ],
      [
        8.835717606210212e-07,
        6.993824501935435e-05,
        1.8002017621311492e-05,
        8.938045370222986e-06,
        0.002367275026800175,
        0.9975349630934283
      ],
      [
        0.5965697077559343,
        0.006702501616515608,
        0.37130762808759044,
        0.01668866133682205,
        0.00537642308095259,
        0.0033550781221849584
      ],
      [
        0.016996308434033804,
        0.001377228980055546,
        0.005813950213811836,
        0.07171392561673477,
        0.8806910118743352,
        0.02340757488102892
      ],
      [
        0.16917466452839522,
        0.4149696880161554,
        0.09183082010331178,
        0.3016956222252332,
        0.008823242037568145,
        0.013505963089336331
      ],
      [
        0.00028897770699105554,
        0.5801418357053523,
        0.015103465028770233,
        0.14001278596489064,
        2.6977917713941016e-05,
        0.2644259576762821
      ],
      [
        0.43028100287940974,
        0.13177354512065878,
        0.4358866186467935,
        0.0019796931059998493,
        4.472548838497659e-05,
        3.44147587530283e-05
      ],
      [
        0.9789293653005134,
        0.018171823631280774,
        1.1314110273636008e-05,
        0.0028722673658135994,
        7.5244805960552215e-06,
        7.705111522774827e-06
      ],
      [
        8.368225344849665e-05,
        0.3828016160409739,
        0.00018513114219252398,
        0.0025129479791333245,
        0.001188370008411188,
        0.6132282525758406
      ],
      [
        0.5758818128735226,
        0.09103347098579558,
        0.30957563855262293,
        0.020099090165180956,
        0.0033417548902493935,
        6.823253262840273e-05
      ],
      [
        0.9440889596119251,
        0.05481397198129629,
        0.0003074849532913287,
        2.8192822693465128e-05,
        0.0007613580670917546,
        3.256370176107049e-08
      ],
      [
        2.0531322895227227e-06,
        0.977677230308769,
        1.3838463795164892e-05,
        0.021442929081929966,
        5.36005862278204e-06,
        0.0008585889545937533
      ],
      [
        0.0006350193815753952,
        0.36499589716872555,
        0.0005675801154097092,
        0.009009036923576502,
        4.242517431032733e-05,
        0.6247500412364024
      ],
      [
        0.09393955018870014,
        0.033567756216424466,
        0.8658710142625017,
        0.003939151202989385,
        0.0009459967570305942,
        0.0017365313723538064
      ],
      [
        0.8436389774535105,
        0.004513559416542451,
        0.09849348955603274,
        0.007991420331200734,
        0.04442205299777423,
        0.0009405002449396052
      ],
      [
        8.39110096541081e-06,
        0.11965846648507164,
        2.5137255055959117e-05,
        0.0003921238838171853,
        0.004991678869174242,
        0.8749242024059155
      ],
      [
        0.029772625382193718,
        0.970115955735242,
        8.337220367803037e-05,
        2.57182341767778e-05,
        2.321600555407688e-06,
        6.8441541871438335e-09
      ],
      [
        0.19705192934188823,
        0.07349774447233617,
        0.71790906918255,
        0.011372601976843711,
        0.00014116015559627445,
        2.74948707854282e-05
      ],
      [
        0.4678258991416511,
        0.036020165039459894,
        0.4938609932514161,
        0.0012701509421097405,
        0.0010178272567953862,
        4.964368567910644e-06
      ],
      [
        0.0716619616803105,
        0.9208288466493222,
        0.00719322473655936,
        0.00016731245213202653,
        0.0001367257251793387,
        1.1928756496585164e-05
      ],
      [
        0.0012691640110612532,
        0.9851160306151965,
        0.007934510304500165,
        0.0034989644786307286,
        1.3275544987490086e-05,
        0.0021680550456241003
      ],
      [
        0.8888941356895494,
        0.09723699565891042,
        0.011638609426248092,
        4.938769552318738e-05,
        0.002177953761426373,
        2.91776834242502e-06
      ],
      [
        0.004966347286414611,
        0.9769697601023575,
        0.007244866795629592,
        0.004462986100983796,
        0.0009662132201842765,
        0.005389826494430161
      ],
      [
        0.0021163832854085734,
        0.9891855207219546,
        0.008302246559148643,
        3.492051420555277e-05,
        0.0002805250827203779,
        8.040383656200913e-05
      ],
      [
        0.21021437349678113,
        0.7046581156779735,
        0.07178322913237403,
        0.005125291629921474,
        0.008141250730433897,
        7.773933251592102e-05
      ],
      [
        6.0690204694792085e-05,
        0.002483172051785794,
        0.00020900963681120215,
        0.8060148593856434,
        0.010769096620943896,
        0.18046317210012097
      ],
      [
        0.008698635124836956,
        0.003774216222820894,
        0.8413482903269752,
        0.08422543317660597,
        0.06142484888818428,
        0.0005285762605766311
      ],
      [
        2.2288021813731022e-05,
        0.9821174178476474,
        0.002685671971000319,
        0.002254037267145454,
        1.719341891428786e-05,
        0.012903391473478767
      ],
      [
        0.003434028098400242,
        0.8091814687676445,
        0.00040458763089215507,
        0.08126616866657417,
        6.274900723139069e-07,
        0.10571311934641654
      ],
      [
        0.00019037021265436087,
        0.02996523570291008,
        0.043278577492834425,
        0.2635400498839282,
        8.818786597840654e-05,
        0.6629375788416945
      ],
      [
        5.5530857226821215e-06,
        7.928306937308836e-05,
        1.2741288826560269e-08,
        0.12368164279527205,
        0.00046789691711264335,
        0.8757656113912307
      ],
      [
        0.16308577927140291,
        0.12013019921138837,
        0.0015313239770446737,
        0.20558286178944873,
        0.0007337539565569255,
        0.5089360817941584
      ],
      [
        6.902939039945989e-06,
        0.00022351602815815817,
        2.3048430338959805e-06,
        0.00012623530493895512,
        0.0007298375441212554,
        0.9989112033407078
      ],
      [
        0.004072304723045046,
        0.0929603405721407,
        0.8917176586529392,
        0.009626117025965228,
        0.0016214854171095624,
        2.093608800340819e-06
      ],
      [
        0.00038192912230655565,
        0.12831010599850984,
        1.1345057204309864e-05,
        7.011397766462291e-05,
        3.0362340957423053e-05,
        0.8711961435033574
      ],
      [
        0.0014648219772830612,
        1.6096522272938248e-06,
        7.907509831105248e-07,
        0.009940935497728643,
        0.988570734610974,
        2.1107510804048812e-05
      ],
      [
        0.4487424119468074,
        5.26511783482909e-06,
        3.703000360411177e-05,
        0.02525644498370024,
        0.5256580031057635,
        0.0003008448422898656
      ],
      [
        0.0062704828989603644,
        3.903609285014581e-06,
        9.168358047340958e-05,
        0.030160651946004136,
        0.9611537333085531,
        0.0023195446567237286
      ],
      [
        0.005117679676686409,
        0.00020640685401748663,
        3.7217231067903538e-06,
        0.9915439458397151,
        0.002982641054876144,
        0.00014560485159790208
      ],
      [
        0.11595290250093257,
        0.09150831554484354,
        0.02485519325440506,
        0.00346629451121129,
        0.7213295557365362,
        0.042887738452071236
      ],
      [
        0.0006812608768115416,
        8.767118292566932e-05,
        0.04073355099489392,
        0.025667262021517208,
        0.9320798553087464,
        0.000750399615105281
      ],
      [
        0.0005810680937005221,
        4.522903726367921e-06,
        0.00015467052036762912,
        0.04036283859023238,
        0.9579535349361082,
        0.0009433649558647552
      ],
      [
        0.010446891571154344,
        0.0018300103277028494,
        0.0008233772607218585,
        0.012622523668454455,
        0.971294155182176,
        0.002983041989790512
      ],
      [
        0.0017205653091791348,
        0.0009429383840523395,
        0.015963530269291256,
        0.19038099917635024,
        0.7889812087357116,
        0.0020107581254153804
      ],
      [
        0.11659813802247575,
        0.0010857321998532208,
        0.01001789625192522,
        0.8141943013898673,
        0.017381100972504226,
        0.040722831163374315
      ],
      [
        2.7000580394102724e-06,
        0.023066506461483838,
        0.10112612715793512,
        0.25718331099072633,
        0.0003836395179177817,
        0.6182377158138974
      ],
      [
        0.9998977073601892,
        8.435896763084361e-05,
        8.179384641814968e-06,
        8.94453213122817e-06,
        5.698839995043412e-07,
        2.398714074734471e-07
      ],
      [
        0.32310654807890166,
        0.00048502768532751654,
        6.463034320582593e-09,
        0.6744961645216689,
        2.620376675594124e-08,
        0.0019122270473008861
      ],
      [
        0.4632434181287401,
        2.2252031396815035e-05,
        0.00014062334942240826,
        0.5351250281284008,
        0.0014686026596478358,
        7.570239219582088e-08
      ],
      [
        0.0001171894691703302,
        0.004276498479526186,
        0.0006976431394208784,
        0.46669516158587493,
        0.0005865691879927805,
        0.5276269381380149
      ],
      [
        1.0251733346462199e-05,
        3.9574425922885683e-07,
        0.011632020689320632,
        0.9380646632890735,
        0.01077843293674599,
        0.03951423560725415
      ],
      [
        9.804583031318638e-06,
        3.462561718762457e-05,
        8.368570903498216e-06,
        0.011834500733762252,
        8.901576887411254e-06,
        0.9881037989182279
      ],
      [
        2.0995500719556365e-05,
        3.1535934329868176e-05,
        9.221293021550175e-06,
        0.2436866644405436,
        0.002302487802165547,
        0.7539490950292199
      ],
      [
        0.002722931991398778,
        3.2150065308470197e-07,
        0.001627536796986825,
        0.06131370488473802,
        0.9289714367422092,
        0.005364068084014146
      ],
      [
        0.01990106013348927,
        1.4752129501479568e-06,
        2.406577702289432e-06,
        0.38867525195332286,
        0.5907640331927844,
        0.0006557729297512102
      ]
    ],
    "predictions": [
      3,
      5,
      0,
      0,
      0,
      0,
      2,
      0,
      0,
      0,
      5,
      2,
      3,
      5,
      3,
      5,
      5,
      3,
      5,
      5,
      5,
      5,
      5,
      5,
      5,
      3,
      0,
      5,
      3,
      0,
      3,
      1,
      2,
      5,
      2,
      5,
      2,
      5,
      5,
      1,
      5,
      5,
      5,
      5,
      5,
      5,
      4,
      2,
      5,
      5,
      5,
      3,
      5,
      5,
      5,
      0,
      4,
      1,
      1,
      2,
      0,
      5,
      0,
      0,
      1,
      5,
      2,
      0,
      5,
      1,
      2,
      2,
      1,
      1,
      0,
      1,
      1,
      1,
      3,
      2,
      1,
      1,
      5,
      5,
      5,
      5,
      2,
      5,
      4,
      4,
      4,
      3,
      4,
      4,
      4,
      4,
      4,
      3,
      5,
      0,
      3,
      3,
      5,
      3,
      5,
      5,
      4,
      4
    ],
    "true_labels": [
      0,
      0,
      0,
      0,
      0,
      0,
      0,
      0,
      0,
      0,
      0,
      0,
      0,
      0,
      0,
      0,
      0,
      0,
      0,
      0,
      0,
      0,
      0,
      0,
      0,
      0,
      0,
      0,
      0,
      0,
      5,
      5,
      5,
      5,
      5,
      5,
      5,
      5,
      5,
      5,
      5,
      5,
      5,
      5,
      5,
      5,
      5,
      5,
      5,
      5,
      5,
      5,
      5,
      5,
      5,
      1,
      1,
      1,
      1,
      1,
      1,
      1,
      1,
      1,
      1,
      1,
      1,
      1,
      1,
      1,
      1,
      1,
      1,
      1,
      1,
      1,
      1,
      1,
      2,
      2,
      2,
      2,
      2,
      2,
      2,
      2,
      2,
      2,
      4,
      4,
      4,
      4,
      4,
      4,
      4,
      4,
      4,
      4,
      3,
      3,
      3,
      3,
      3,
      3,
      3,
      3,
      3,
      3
    ],
    "patient_ids": [
      "201",
      "202",
      "203",
      "204",
      "205",
      "206",
      "207",
      "208",
      "209",
      "210",
      "211",
      "212",
      "213",
      "214",
      "215",
      "216",
      "217",
      "218",
      "219",
      "220",
      "221",
      "222",
      "223",
      "224",
      "225",
      "226",
      "227",
      "228",
      "229",
      "230",
      "231",
      "232",
      "233",
      "234",
      "235",
      "236",
      "237",
      "238",
      "239",
      "240",
      "241",
      "242",
      "243",
      "244",
      "245",
      "246",
      "247",
      "248",
      "249",
      "250",
      "251",
      "252",
      "253",
      "254",
      "255",
      "256",
      "257",
      "258",
      "259",
      "260",
      "261",
      "262",
      "264",
      "265",
      "266",
      "267",
      "269",
      "270",
      "271",
      "272",
      "273",
      "274",
      "275",
      "276",
      "277",
      "278",
      "279",
      "280",
      "281",
      "282",
      "283",
      "284",
      "285",
      "286",
      "287",
      "288",
      "289",
      "290",
      "291",
      "292",
      "293",
      "294",
      "295",
      "296",
      "297",
      "298",
      "299",
      "300",
      "301",
      "302",
      "303",
      "304",
      "305",
      "306",
      "307",
      "308",
      "309",
      "310"
    ]
  },
  "roc_auc": {
    "macro_auc": 0.7378302706468053,
    "per_class_auc": {
      "NOR": 0.6085470085470085,
      "HCM": 0.8726342710997442,
      "ARR": 0.47551020408163264,
      "CIA": 0.757142857142857,
      "FALL": 0.9459183673469388,
      "LV": 0.7672289156626506
    }
  },
  "binary": {
    "accuracy": 0.7407407407407407,
    "f1": 0.8352941176470589,
    "sensitivity": 0.9102564102564102,
    "specificity": 0.3,
    "roc_auc": 0.6085470085470085,
    "binary_labels": [
      0,
      0,
      0,
      0,
      0,
      0,
      0,
      0,
      0,
      0,
      0,
      0,
      0,
      0,
      0,
      0,
      0,
      0,
      0,
      0,
      0,
      0,
      0,
      0,
      0,
      0,
      0,
      0,
      0,
      0,
      1,
      1,
      1,
      1,
      1,
      1,
      1,
      1,
      1,
      1,
      1,
      1,
      1,
      1,
      1,
      1,
      1,
      1,
      1,
      1,
      1,
      1,
      1,
      1,
      1,
      1,
      1,
      1,
      1,
      1,
      1,
      1,
      1,
      1,
      1,
      1,
      1,
      1,
      1,
      1,
      1,
      1,
      1,
      1,
      1,
      1,
      1,
      1,
      1,
      1,
      1,
      1,
      1,
      1,
      1,
      1,
      1,
      1,
      1,
      1,
      1,
      1,
      1,
      1,
      1,
      1,
      1,
      1,
      1,
      1,
      1,
      1,
      1,
      1,
      1,
      1,
      1,
      1
    ],
    "binary_probs": [
      0.9996916205110474,
      0.9981430302139268,
      0.00017881737341307602,
      0.10930786452606256,
      0.004208666963781749,
      0.12222396112512535,
      0.9992788271641325,
      0.013356873899376898,
      0.48300591705371365,
      0.07713805197649393,
      0.9998546645639945,
      0.8950455177776071,
      0.9991127495974542,
      0.977965483915161,
      0.9994442862882086,
      0.9999903045604585,
      0.5889743857516293,
      0.9995845513271567,
      0.9996883412895042,
      0.9999850585104263,
      0.998656315459696,
      0.9885786602087566,
      0.9999323696584955,
      0.9999398477004272,
      0.9995714876579255,
      0.9955720493953422,
      0.4030035077541789,
      0.9975273700630157,
      0.9997225669451488,
      0.42739814495879047,
      0.9999788484301328,
      0.9568717226749403,
      0.9984298178157358,
      0.9999490536180135,
      0.999972863416675,
      0.9999995874815738,
      0.9992642664881868,
      0.9999992768549503,
      0.9999999559870404,
      0.9999288224313225,
      0.9958285148911568,
      0.9999969549269199,
      0.944549901203876,
      0.9999998325023158,
      0.9999998436621923,
      0.9999386831889652,
      0.9999304050504487,
      0.9993586262427335,
      0.9999978878285788,
      0.9873382569327238,
      0.9995827688187698,
      0.903845592969878,
      0.9999985275635509,
      0.9996319787473193,
      0.9999991164282394,
      0.4034302922440657,
      0.9830036915659662,
      0.8308253354716048,
      0.9997110222930089,
      0.5697189971205903,
      0.021070634699486557,
      0.9999163177465515,
      0.4241181871264774,
      0.05591104038807493,
      0.9999979468677105,
      0.9993649806184246,
      0.9060604498112999,
      0.15636102254648954,
      0.9999916088990346,
      0.9702273746178063,
      0.8029480706581118,
      0.5321741008583489,
      0.9283380383196895,
      0.9987308359889387,
      0.11110586431045055,
      0.9950336527135853,
      0.9978836167145915,
      0.7897856265032188,
      0.9999393097953052,
      0.9913013648751631,
      0.9999777119781863,
      0.9965659719015998,
      0.9998096297873457,
      0.9999944469142773,
      0.8369142207285971,
      0.9999930970609601,
      0.9959276952769549,
      0.9996180708776935,
      0.998535178022717,
      0.5512575880531926,
      0.9937295171010396,
      0.9948823203233136,
      0.8840470974990674,
      0.9993187391231885,
      0.9994189319062995,
      0.9895531084288457,
      0.9982794346908208,
      0.8834018619775242,
      0.9999972999419606,
      0.00010229263981076375,
      0.6768934519210983,
      0.5367565818712599,
      0.9998828105308297,
      0.9999897482666535,
      0.9999901954169687,
      0.9999790044992805,
      0.9972770680086013,
      0.9800989398665108
    ]
  }
}