{
  "config": {
    "dataset": "mnm2",
    "backbone": "sam",
    "model_name": "sam_vit_large",
    "eval_mode": "logreg",
    "freeze_backbone": true,
    "pooling": "gap",
    "embed_dim": 1024,
    "best_hyperparam": 0.3162277638912201,
    "hyperparam_name": "C",
    "num_classes": 6,
    "class_names": [
      "NOR",
      "HCM",
      "ARR",
      "CIA",
      "FALL",
      "LV"
    ]
  },
  "sweep_results": [
    {
      "param_value": 9.999999974752427e-07,
      "mean_cv_acc": 0.17857142857142858,
      "std_cv_acc": 0.0
    },
    {
      "param_value": 1.7782793975129607e-06,
      "mean_cv_acc": 0.17857142857142858,
      "std_cv_acc": 0.0
    },
    {
      "param_value": 3.1622776077711023e-06,
      "mean_cv_acc": 0.17857142857142858,
      "std_cv_acc": 0.0
    },
    {
      "param_value": 5.6234130170196295e-06,
      "mean_cv_acc": 0.21428571428571427,
      "std_cv_acc": 0.0
    },
    {
      "param_value": 9.999999747378752e-06,
      "mean_cv_acc": 0.25,
      "std_cv_acc": 0.0
    },
    {
      "param_value": 1.778279329300858e-05,
      "mean_cv_acc": 0.25,
      "std_cv_acc": 0.0
    },
    {
      "param_value": 3.162277789670043e-05,
      "mean_cv_acc": 0.2857142857142857,
      "std_cv_acc": 0.0
    },
    {
      "param_value": 5.62341338081751e-05,
      "mean_cv_acc": 0.32142857142857145,
      "std_cv_acc": 0.0
    },
    {
      "param_value": 9.999999747378752e-05,
      "mean_cv_acc": 0.39285714285714285,
      "std_cv_acc": 0.0
    },
    {
      "param_value": 0.00017782794020604342,
      "mean_cv_acc": 0.42857142857142855,
      "std_cv_acc": 0.0
    },
    {
      "param_value": 0.0003162277571391314,
      "mean_cv_acc": 0.4642857142857143,
      "std_cv_acc": 0.0
    },
    {
      "param_value": 0.000562341301701963,
      "mean_cv_acc": 0.42857142857142855,
      "std_cv_acc": 0.0
    },
    {
      "param_value": 0.0010000000474974513,
      "mean_cv_acc": 0.42857142857142855,
      "std_cv_acc": 0.0
    },
    {
      "param_value": 0.0017782794311642647,
      "mean_cv_acc": 0.42857142857142855,
      "std_cv_acc": 0.0
    },
    {
      "param_value": 0.003162277629598975,
      "mean_cv_acc": 0.5,
      "std_cv_acc": 0.0
    },
    {
      "param_value": 0.005623413249850273,
      "mean_cv_acc": 0.5,
      "std_cv_acc": 0.0
    },
    {
      "param_value": 0.009999999776482582,
      "mean_cv_acc": 0.4642857142857143,
      "std_cv_acc": 0.0
    },
    {
      "param_value": 0.017782794311642647,
      "mean_cv_acc": 0.4642857142857143,
      "std_cv_acc": 0.0
    },
    {
      "param_value": 0.03162277489900589,
      "mean_cv_acc": 0.4642857142857143,
      "std_cv_acc": 0.0
    },
    {
      "param_value": 0.05623413249850273,
      "mean_cv_acc": 0.4642857142857143,
      "std_cv_acc": 0.0
    },
    {
      "param_value": 0.10000000149011612,
      "mean_cv_acc": 0.4642857142857143,
      "std_cv_acc": 0.0
    },
    {
      "param_value": 0.17782793939113617,
      "mean_cv_acc": 0.5,
      "std_cv_acc": 0.0
    },
    {
      "param_value": 0.3162277638912201,
      "mean_cv_acc": 0.5357142857142857,
      "std_cv_acc": 0.0
    },
    {
      "param_value": 0.5623413324356079,
      "mean_cv_acc": 0.5357142857142857,
      "std_cv_acc": 0.0
    },
    {
      "param_value": 1.0,
      "mean_cv_acc": 0.5357142857142857,
      "std_cv_acc": 0.0
    },
    {
      "param_value": 1.778279423713684,
      "mean_cv_acc": 0.5357142857142857,
      "std_cv_acc": 0.0
    },
    {
      "param_value": 3.1622776985168457,
      "mean_cv_acc": 0.5357142857142857,
      "std_cv_acc": 0.0
    },
    {
      "param_value": 5.6234130859375,
      "mean_cv_acc": 0.5357142857142857,
      "std_cv_acc": 0.0
    },
    {
      "param_value": 10.0,
      "mean_cv_acc": 0.5357142857142857,
      "std_cv_acc": 0.0
    },
    {
      "param_value": 17.782794952392578,
      "mean_cv_acc": 0.5357142857142857,
      "std_cv_acc": 0.0
    },
    {
      "param_value": 31.62277603149414,
      "mean_cv_acc": 0.5357142857142857,
      "std_cv_acc": 0.0
    },
    {
      "param_value": 56.234130859375,
      "mean_cv_acc": 0.5357142857142857,
      "std_cv_acc": 0.0
    },
    {
      "param_value": 100.0,
      "mean_cv_acc": 0.5357142857142857,
      "std_cv_acc": 0.0
    },
    {
      "param_value": 177.82794189453125,
      "mean_cv_acc": 0.5357142857142857,
      "std_cv_acc": 0.0
    },
    {
      "param_value": 316.2277526855469,
      "mean_cv_acc": 0.5357142857142857,
      "std_cv_acc": 0.0
    },
    {
      "param_value": 562.34130859375,
      "mean_cv_acc": 0.5357142857142857,
      "std_cv_acc": 0.0
    },
    {
      "param_value": 1000.0,
      "mean_cv_acc": 0.5357142857142857,
      "std_cv_acc": 0.0
    },
    {
      "param_value": 1778.2794189453125,
      "mean_cv_acc": 0.5357142857142857,
      "std_cv_acc": 0.0
    },
    {
      "param_value": 3162.277587890625,
      "mean_cv_acc": 0.5357142857142857,
      "std_cv_acc": 0.0
    },
    {
      "param_value": 5623.4130859375,
      "mean_cv_acc": 0.5357142857142857,
      "std_cv_acc": 0.0
    },
    {
      "param_value": 10000.0,
      "mean_cv_acc": 0.5357142857142857,
      "std_cv_acc": 0.0
    },
    {
      "param_value": 17782.794921875,
      "mean_cv_acc": 0.5357142857142857,
      "std_cv_acc": 0.0
    },
    {
      "param_value": 31622.77734375,
      "mean_cv_acc": 0.5357142857142857,
      "std_cv_acc": 0.0
    },
    {
      "param_value": 56234.1328125,
      "mean_cv_acc": 0.5,
      "std_cv_acc": 0.0
    },
    {
      "param_value": 100000.0,
      "mean_cv_acc": 0.5,
      "std_cv_acc": 0.0
    }
  ],
  "five_way": {
    "accuracy": 0.4351851851851852,
    "macro_f1": 0.42254062362758016,
    "macro_sensitivity": 0.4385507246376812,
    "macro_specificity": 0.8844817877722605,
    "per_class_sensitivity": {
      "NOR": 0.3,
      "HCM": 0.391304347826087,
      "ARR": 0.2,
      "CIA": 0.3,
      "FALL": 0.8,
      "LV": 0.64
    },
    "per_class_specificity": {
      "NOR": 0.9102564102564102,
      "HCM": 0.9529411764705882,
      "ARR": 0.8979591836734694,
      "CIA": 0.8877551020408163,
      "FALL": 0.9591836734693877,
      "LV": 0.6987951807228916
    },
    "confusion_matrix": [
      [
        9,
        0,
        2,
        6,
        0,
        13
      ],
      [
        6,
        9,
        4,
        0,
        1,
        3
      ],
      [
        0,
        2,
        2,
        1,
        0,
        5
      ],
      [
        1,
        0,
        0,
        3,
        2,
        4
      ],
      [
        0,
        0,
        0,
        2,
        8,
        0
      ],
      [
        0,
        2,
        4,
        2,
        1,
        16
      ]
    ],
    "classification_report": {
      "NOR": {
        "precision": 0.5625,
        "recall": 0.3,
        "f1-score": 0.391304347826087,
        "support": 30.0
      },
      "HCM": {
        "precision": 0.6923076923076923,
        "recall": 0.391304347826087,
        "f1-score": 0.5,
        "support": 23.0
      },
      "ARR": {
        "precision": 0.16666666666666666,
        "recall": 0.2,
        "f1-score": 0.18181818181818182,
        "support": 10.0
      },
      "CIA": {
        "precision": 0.21428571428571427,
        "recall": 0.3,
        "f1-score": 0.25,
        "support": 10.0
      },
      "FALL": {
        "precision": 0.6666666666666666,
        "recall": 0.8,
        "f1-score": 0.7272727272727273,
        "support": 10.0
      },
      "LV": {
        "precision": 0.3902439024390244,
        "recall": 0.64,
        "f1-score": 0.48484848484848486,
        "support": 25.0
      },
      "accuracy": 0.4351851851851852,
      "macro avg": {
        "precision": 0.44877844039429404,
        "recall": 0.4385507246376812,
        "f1-score": 0.42254062362758016,
        "support": 108.0
      },
      "weighted avg": {
        "precision": 0.4910218977800278,
        "recall": 0.4351851851851852,
        "f1-score": 0.4347338115454058,
        "support": 108.0
      }
    },
    "probabilities": [
      [
        0.00031530207606463397,
        0.12197037237002796,
        0.02861793954386799,
        0.651838236259081,
        0.0006653896382231459,
        0.1965927601127354
      ],
      [
        0.0018745911783124437,
        0.0024469140237981086,
        0.029706778008526703,
        0.00033899321187104344,
        0.04457635577143729,
        0.9210563678060545
      ],
      [
        0.9998221656217653,
        0.00016505042054378445,
        8.270744727930934e-06,
        1.325565584512497e-06,
        8.768650885554251e-10,
        3.1867705132684127e-06
      ],
      [
        0.8909183955400111,
        0.07242460988244172,
        0.001005192923495896,
        0.03361200245744226,
        0.00047300862750736884,
        0.0015667905691017234
      ],
      [
        0.9958556475535562,
        3.8145828748526134e-06,
        7.653011309484344e-06,
        0.003958202639759838,
        7.838596204298666e-05,
        9.629625045664985e-05
      ],
      [
        0.878922625937292,
        0.0010566988615547618,
        0.03773364629172817,
        0.01444306267748916,
        6.0259276803920375e-05,
        0.06778370695513215
      ],
      [
        0.0007285495115158238,
        0.00011816012901474792,
        0.9991161909678641,
        2.7932063082049458e-05,
        7.317025383362507e-07,
        8.435625984855158e-06
      ],
      [
        0.9866204542028562,
        0.0011516027804569144,
        0.005142013616301983,
        0.006506452811111504,
        5.058092602110134e-05,
        0.0005288956632525466
      ],
      [
        0.5262211226511798,
        0.0003267025811209215,
        0.006194645868144159,
        0.3205538781909675,
        1.548383160014471e-05,
        0.1466881668769876
      ],
      [
        0.9233111725664676,
        0.0008693460863916414,
        0.07496452527868626,
        0.0008521441334214183,
        5.132775060853828e-07,
        2.2986575270418967e-06
      ],
      [
        0.00014251251985492448,
        0.0007879078751122187,
        0.00061495580667453,
        0.00014988566281519758,
        0.14909660211400882,
        0.8492081360215343
      ],
      [
        0.10605016295595039,
        0.0012020562494034093,
        0.8456613756861342,
        0.010328573035503151,
        0.00597649537882892,
        0.03078133669417969
      ],
      [
        0.0008701882184312278,
        0.0005041862636656203,
        0.0003123022364732997,
        0.5469842349195218,
        6.610666799796525e-06,
        0.45132247769510825
      ],
      [
        0.021935056739140427,
        0.0036443563673951057,
        6.568528403299741e-06,
        0.0002276633046719471,
        0.0032095014450352565,
        0.970976853615354
      ],
      [
        0.0005422091106120843,
        0.02326010460484526,
        0.00034939161870654726,
        0.7253064135721,
        0.0004899750451402263,
        0.25005190604859595
      ],
      [
        9.431824932579535e-06,
        0.00025027938764355696,
        2.8484380793570592e-05,
        0.00039445961821124733,
        0.0017753816798306101,
        0.9975419631085884
      ],
      [
        0.4082452922552429,
        0.0016719791895701802,
        0.00026711828015038965,
        0.14073018775269244,
        0.012987771910049782,
        0.4360976506122943
      ],
      [
        0.00042271574569608175,
        0.10659838031710869,
        0.20898872001606258,
        0.6087901519501532,
        2.0996038405438088e-05,
        0.07517903593257398
      ],
      [
        0.00032186787156730166,
        1.7756270130837452e-05,
        1.6131591622195694e-05,
        0.01972583748795381,
        2.9989760448760954e-06,
        0.9799154078026809
      ],
      [
        1.516598495560716e-05,
        2.6648453344095733e-06,
        1.5740098251328235e-05,
        0.04501593427652174,
        5.3728353559967305e-05,
        0.9548967664413769
      ],
      [
        0.0013445120155623474,
        0.0039029286227428082,
        0.002024619914973125,
        0.04157689681462461,
        0.0026042900183610375,
        0.948546752613736
      ],
      [
        0.012015929463441176,
        0.00011566385130838934,
        3.0642788478364494e-07,
        0.35094045711480654,
        0.00016102405587679859,
        0.6367666190866823
      ],
      [
        6.780993106770986e-05,
        0.004298716497238976,
        0.009668904311494579,
        0.00022509229418651316,
        0.0009122796030604635,
        0.9848271973629518
      ],
      [
        6.112966881750274e-05,
        0.0019596223630866166,
        2.9671023251806518e-05,
        0.009634977915178963,
        1.6065363571713542e-06,
        0.9883129924933081
      ],
      [
        0.0004267173529578367,
        0.00031890196050209346,
        9.293942611464437e-07,
        9.259926411603979e-05,
        0.00018661865409322806,
        0.9989742333740697
      ],
      [
        0.004262221050345436,
        0.07648147347170951,
        0.18123575753002946,
        0.7029948071639606,
        3.942553192025932e-05,
        0.03498631525203468
      ],
      [
        0.5973315938679712,
        0.0022853398175548463,
        0.0006425552575792737,
        0.3485885400146811,
        0.004248024005014594,
        0.04690394703719905
      ],
      [
        0.0024768112115925627,
        0.006823863841414335,
        1.637449874145009e-05,
        0.029291317347031023,
        7.164704551748183e-05,
        0.9613199860557032
      ],
      [
        0.0002733388249107442,
        0.0019440791638428766,
        0.0005719344361256614,
        0.9918582587217692,
        2.2862655004249355e-05,
        0.0053295261983470395
      ],
      [
        0.5688019041690572,
        0.002120634452447324,
        0.000719037369625922,
        0.38967823779004673,
        0.0007015904689744944,
        0.037978595749848285
      ],
      [
        2.1135613857518622e-05,
        0.0202897821430326,
        6.122875884144182e-05,
        0.6477987448081323,
        0.001242378805868709,
        0.33058672987026755
      ],
      [
        0.043640053388177974,
        0.46606125288325495,
        0.10917457980142081,
        0.002340691449390113,
        0.05590196555301655,
        0.32288145692473946
      ],
      [
        0.0015644791138261147,
        0.25519905461297043,
        0.5544239978539438,
        9.260776645804409e-05,
        0.0008474898329580806,
        0.1878723708198435
      ],
      [
        4.925689525742389e-05,
        0.0015036826229716286,
        0.14834228538127942,
        0.0036798803088014596,
        0.040684548248155816,
        0.8057403465435342
      ],
      [
        2.7680740227829725e-05,
        0.007475681694155655,
        0.8277288436117535,
        0.15874999974628373,
        0.0004888712248787116,
        0.005528922982700781
      ],
      [
        4.0849368820161646e-07,
        3.772179779630889e-05,
        8.077162974631048e-06,
        0.001291014142412543,
        2.623229158121859e-05,
        0.9986365461115472
      ],
      [
        0.0007252368432430003,
        0.31786702020251995,
        0.45720233397969834,
        0.005578151932835622,
        2.2285661340191443e-05,
        0.21860497138036286
      ],
      [
        7.449862069764707e-07,
        5.66917794194998e-05,
        0.00012277740957679362,
        7.272741113853898e-05,
        0.01010001630310413,
        0.989647042110554
      ],
      [
        4.3307283057345884e-08,
        0.007421216241537729,
        3.3992438578192704e-07,
        0.0001516110439567736,
        6.330450159119134e-07,
        0.9924261564378207
      ],
      [
        7.213895462009655e-05,
        0.9756264821288834,
        0.011648583781027943,
        0.011526870237879796,
        3.193870087065659e-05,
        0.0010939861967180916
      ],
      [
        0.0041730086850733554,
        0.022462103148995886,
        0.020692178140535773,
        0.0009108022852825608,
        0.008920127503133783,
        0.9428417802369786
      ],
      [
        3.018604531478443e-06,
        0.00039841749589801116,
        0.001980765868062212,
        0.0023011864009958374,
        0.0027865923545643333,
        0.9925300192759482
      ],
      [
        0.054478524305057424,
        0.3680502184169115,
        0.18490524430114683,
        0.0031650762165805354,
        0.006193101299250765,
        0.383207835461053
      ],
      [
        1.650433987355668e-07,
        0.0031268544769835977,
        0.00029417231519802034,
        0.00039226666674681125,
        0.00015791651843789358,
        0.996028624979235
      ],
      [
        1.5681320924639146e-07,
        5.300638264039792e-06,
        1.9762448326156517e-06,
        9.633050220726108e-05,
        0.009722236701405857,
        0.9901739991000811
      ],
      [
        6.148353826359267e-05,
        0.00493024502064238,
        5.329912261928902e-05,
        0.03151814057749766,
        0.0010532410963990427,
        0.9623835906445781
      ],
      [
        6.9341025244122e-05,
        2.789997930367551e-07,
        0.00022201684322877086,
        0.012966604499807438,
        0.9867415997313924,
        1.5890053421106627e-07
      ],
      [
        0.0006398409397536742,
        0.06317271777311778,
        0.7654937944073027,
        0.0018109513602121137,
        1.8599485967149876e-05,
        0.16886409603364658
      ],
      [
        2.060851636648944e-06,
        0.02194362568326219,
        0.0039030187801289825,
        0.0002492172453299119,
        0.00038908455874418557,
        0.9735129928808981
      ],
      [
        0.012494187188052317,
        0.026068310432395474,
        0.02397158699254192,
        0.0005015032148847168,
        0.01716508539035854,
        0.919799326781767
      ],
      [
        0.00041185748677969827,
        0.006304064888311531,
        0.05959708710405116,
        0.0007804764033429756,
        0.0016229788371592841,
        0.9312835352803552
      ],
      [
        0.0971119983771469,
        1.3908734810293245e-05,
        0.00247486942497295,
        0.470635956169994,
        0.42295286722145153,
        0.006810400071624365
      ],
      [
        1.5098249433808915e-06,
        5.013358977514409e-05,
        1.6029122198141243e-05,
        1.0030533820983613e-06,
        0.002096724924978029,
        0.9978345994847232
      ],
      [
        0.0003608369872285962,
        0.009355919792623369,
        0.000987539902658075,
        0.019564465885901,
        0.009275149385417248,
        0.9604560880461717
      ],
      [
        8.57795247426209e-07,
        6.828049575125993e-05,
        1.7514437715559797e-05,
        8.82762748414834e-06,
        0.002321284766792063,
        0.9975832348770096
      ],
      [
        0.5973137244042122,
        0.006773714952340302,
        0.37055413256014036,
        0.016639321000315885,
        0.005360873815503526,
        0.00335823326748778
      ],
      [
        0.016909193532267653,
        0.001408799384171281,
        0.005875179032959651,
        0.07122083943135682,
        0.8811673901282931,
        0.02341859849095151
      ],
      [
        0.16789757884297535,
        0.4172945957690636,
        0.09113360872694411,
        0.30137953177100246,
        0.008704750722760415,
        0.013589934167254212
      ],
      [
        0.0002848073676039142,
        0.5780512140460058,
        0.015220712598444673,
        0.1402928906222851,
        2.6708021747709515e-05,
        0.26612366734391285
      ],
      [
        0.43049040803022554,
        0.1317890131392354,
        0.43569610238455064,
        0.0019457555654102628,
        4.446741370303129e-05,
        3.4253466875079164e-05
      ],
      [
        0.9786856464635291,
        0.0184448181966249,
        1.120606266227181e-05,
        0.0028433710746094253,
        7.391130649023708e-06,
        7.567071925417795e-06
      ],
      [
        8.284255333476094e-05,
        0.38449615983287944,
        0.00019290414456254578,
        0.002512084180503689,
        0.001189327536790516,
        0.611526681751929
      ],
      [
        0.5772988281050077,
        0.09195136107075508,
        0.30730085228233534,
        0.02007725189714843,
        0.0033031908696575345,
        6.851577509602579e-05
      ],
      [
        0.9444017689902213,
        0.054513652633009696,
        0.0003054777166694731,
        2.775021978039893e-05,
        0.0007513179144076618,
        3.2525911534306475e-08
      ],
      [
        2.081418794865652e-06,
        0.9770450793161708,
        1.4105433662755633e-05,
        0.022049001879621832,
        5.413918607776769e-06,
        0.0008843180331421915
      ],
      [
        0.0006472941584798939,
        0.36522229881735707,
        0.0005845240426359161,
        0.009056109991134832,
        4.1663436378000653e-05,
        0.6244481095540142
      ],
      [
        0.09360270500783623,
        0.033867823200498665,
        0.8659233727224052,
        0.003920615401991075,
        0.0009339117442647839,
        0.0017515719230042066
      ],
      [
        0.8454172748261872,
        0.004499514563748334,
        0.09765411404041392,
        0.007853110127161556,
        0.04363167780669127,
        0.0009443086357976514
      ],
      [
        8.261589814547112e-06,
        0.11931719236868825,
        2.5496560402098344e-05,
        0.0003814063688305208,
        0.0048779609812765355,
        0.875389682130988
      ],
      [
        0.02979995485427951,
        0.9700871878644621,
        8.43561832621175e-05,
        2.6158917217032082e-05,
        2.335168302260272e-06,
        7.012476895933696e-09
      ],
      [
        0.19641208202559127,
        0.07328489070561597,
        0.718853481159528,
        0.011279896629202745,
        0.00014168428076847682,
        2.7965199293602228e-05
      ],
      [
        0.4665046392379021,
        0.03611056462123941,
        0.4951135240252721,
        0.001265961884667013,
        0.001000313334548996,
        4.996896370378171e-06
      ],
      [
        0.07191615332340417,
        0.9205806525875677,
        0.007189439724280088,
        0.00016660383543887292,
        0.00013509030306766586,
        1.2060226241316413e-05
      ],
      [
        0.0012748356896825225,
        0.9850170614279719,
        0.00796965779369829,
        0.0035197029884430123,
        1.3161320044757018e-05,
        0.0022055807801598434
      ],
      [
        0.8880204683034052,
        0.09811699216506432,
        0.011630120427644483,
        4.956488586077919e-05,
        0.002179916666007942,
        2.937552017342663e-06
      ],
      [
        0.004945178678630511,
        0.9768345480580348,
        0.007456627290158853,
        0.004468216464980971,
        0.0009624318791700659,
        0.005332997629024861
      ],
      [
        0.0021401707855198127,
        0.9891501497064443,
        0.008309981997146058,
        3.522589743771003e-05,
        0.0002820664318994425,
        8.240518155280093e-05
      ],
      [
        0.20987635461599552,
        0.7055213732825139,
        0.07133396993694438,
        0.0051076834441671284,
        0.00808216319205091,
        7.845552832834908e-05
      ],
      [
        5.988997248544269e-05,
        0.0024064589052384755,
        0.00020828989996414372,
        0.8072974446418426,
        0.010782571739181958,
        0.1792453448412874
      ],
      [
        0.008833671474704109,
        0.0038317169303488403,
        0.8416245051144903,
        0.08346114611620271,
        0.06170947737463717,
        0.0005394829896169335
      ],
      [
        2.2403476463201452e-05,
        0.9818804669961617,
        0.0027128002296262286,
        0.0022763125033068215,
        1.7537832674201825e-05,
        0.013090478961767588
      ],
      [
        0.003380566432156459,
        0.8109717529736218,
        0.0004064219538302268,
        0.08243918688633727,
        6.229105421529676e-07,
        0.10280144884351207
      ],
      [
        0.00019070497236168348,
        0.02799740844340961,
        0.04222449720031541,
        0.2683117979555177,
        8.893752992887597e-05,
        0.6611866538984668
      ],
      [
        5.611303602031052e-06,
        7.727681142906016e-05,
        1.2905680315897416e-08,
        0.12597892762203536,
        0.00047853824478566865,
        0.8734596331124675
      ],
      [
        0.1624523108692296,
        0.11966740265109252,
        0.001540550346807784,
        0.20650719915154767,
        0.0007332613587685824,
        0.509099275622554
      ],
      [
        6.8595286257201145e-06,
        0.00022088228093339752,
        2.2647721710838163e-06,
        0.000124715707203578,
        0.0007205366123140189,
        0.9989247410987522
      ],
      [
        0.004129752741198974,
        0.09354198318105346,
        0.891130382160133,
        0.009571987642188506,
        0.0016237582786071537,
        2.135996818973592e-06
      ],
      [
        0.00038488813490633806,
        0.12928437809080046,
        1.1403320552033652e-05,
        6.990804352279571e-05,
        3.0473029278259248e-05,
        0.8702189493809402
      ],
      [
        0.0014662682882144876,
        1.609560005737491e-06,
        7.925609988596103e-07,
        0.009878499857483973,
        0.9886314748605254,
        2.135487277153583e-05
      ],
      [
        0.44577107968200325,
        5.297884151023519e-06,
        3.7132909891498175e-05,
        0.024930168228598608,
        0.5289565410950929,
        0.000299780200262663
      ],
      [
        0.006326550504925512,
        3.998434026312769e-06,
        9.21895065433062e-05,
        0.030069599238724713,
        0.9611505237090842,
        0.002357138606696012
      ],
      [
        0.0051739217925576165,
        0.0002073892957746647,
        3.7127323608257865e-06,
        0.9914460541490877,
        0.0030242227710714845,
        0.00014469925914764302
      ],
      [
        0.1171757163382518,
        0.09117649382936399,
        0.025151579233458992,
        0.003467149702474256,
        0.7195337708085306,
        0.0434952900879203
      ],
      [
        0.0006838495724074607,
        8.69269580306131e-05,
        0.040865369625166056,
        0.025861942368507182,
        0.9317348072910402,
        0.0007671041848483307
      ],
      [
        0.0005741657497676625,
        4.524938485496802e-06,
        0.0001526727590839827,
        0.040561475536855296,
        0.9577658496565505,
        0.0009413113592570192
      ],
      [
        0.010437798942307648,
        0.001819963468413151,
        0.0008214357323278669,
        0.012614737571491593,
        0.9712936595816067,
        0.0030124047038528603
      ],
      [
        0.001695948795393217,
        0.0009215402264085325,
        0.01565441133092991,
        0.1901813899501963,
        0.7895012517967042,
        0.0020454579003678563
      ],
      [
        0.11750247045439105,
        0.0010923350313140727,
        0.009921020156403204,
        0.8139002772994249,
        0.01717007672664602,
        0.04041382033182065
      ],
      [
        2.663142417675118e-06,
        0.023090583867490348,
        0.1022083824922867,
        0.2547962735405498,
        0.00037799577818324506,
        0.6195241011790722
      ],
      [
        0.9998991669452312,
        8.323745815241586e-05,
        8.074518270983615e-06,
        8.722781485666822e-06,
        5.577205318018583e-07,
        2.405763279830704e-07
      ],
      [
        0.3193590727337773,
        0.0004819577835576135,
        6.425317782436683e-09,
        0.6782956271927502,
        2.5404912704682165e-08,
        0.0018633104596845467
      ],
      [
        0.4662635995499603,
        2.2410672078277434e-05,
        0.00013997989295609363,
        0.5321078387962339,
        0.001466095768389026,
        7.532038237116105e-08
      ],
      [
        0.0001185660957833365,
        0.004342916900345772,
        0.0007105934036551936,
        0.45823768028126793,
        0.0005856174315045817,
        0.5360046258874431
      ],
      [
        1.0316723570354682e-05,
        3.9970197265637834e-07,
        0.011810508041788646,
        0.9371608794855095,
        0.010829340668920854,
        0.04018855537823796
      ],
      [
        9.54323427767352e-06,
        3.599157127470576e-05,
        8.489013766804783e-06,
        0.011582142584219982,
        8.914740891555763e-06,
        0.9883549188555693
      ],
      [
        2.09153503824386e-05,
        3.183464042068401e-05,
        9.285240810561345e-06,
        0.24413347498847335,
        0.002253933786257953,
        0.753550555993655
      ],
      [
        0.0027827542088233034,
        3.222513857294259e-07,
        0.0016471965778260596,
        0.061590037086160745,
        0.9284776411190323,
        0.00550204875677181
      ],
      [
        0.020712022407069063,
        1.5290134443262487e-06,
        2.392573858372643e-06,
        0.39045944029665874,
        0.5881522024162184,
        0.0006724132927512508
      ]
    ],
    "predictions": [
      3,
      5,
      0,
      0,
      0,
      0,
      2,
      0,
      0,
      0,
      5,
      2,
      3,
      5,
      3,
      5,
      5,
      3,
      5,
      5,
      5,
      5,
      5,
      5,
      5,
      3,
      0,
      5,
      3,
      0,
      3,
      1,
      2,
      5,
      2,
      5,
      2,
      5,
      5,
      1,
      5,
      5,
      5,
      5,
      5,
      5,
      4,
      2,
      5,
      5,
      5,
      3,
      5,
      5,
      5,
      0,
      4,
      1,
      1,
      2,
      0,
      5,
      0,
      0,
      1,
      5,
      2,
      0,
      5,
      1,
      2,
      2,
      1,
      1,
      0,
      1,
      1,
      1,
      3,
      2,
      1,
      1,
      5,
      5,
      5,
      5,
      2,
      5,
      4,
      4,
      4,
      3,
      4,
      4,
      4,
      4,
      4,
      3,
      5,
      0,
      3,
      3,
      5,
      3,
      5,
      5,
      4,
      4
    ],
    "true_labels": [
      0,
      0,
      0,
      0,
      0,
      0,
      0,
      0,
      0,
      0,
      0,
      0,
      0,
      0,
      0,
      0,
      0,
      0,
      0,
      0,
      0,
      0,
      0,
      0,
      0,
      0,
      0,
      0,
      0,
      0,
      5,
      5,
      5,
      5,
      5,
      5,
      5,
      5,
      5,
      5,
      5,
      5,
      5,
      5,
      5,
      5,
      5,
      5,
      5,
      5,
      5,
      5,
      5,
      5,
      5,
      1,
      1,
      1,
      1,
      1,
      1,
      1,
      1,
      1,
      1,
      1,
      1,
      1,
      1,
      1,
      1,
      1,
      1,
      1,
      1,
      1,
      1,
      1,
      2,
      2,
      2,
      2,
      2,
      2,
      2,
      2,
      2,
      2,
      4,
      4,
      4,
      4,
      4,
      4,
      4,
      4,
      4,
      4,
      3,
      3,
      3,
      3,
      3,
      3,
      3,
      3,
      3,
      3
    ],
    "patient_ids": [
      "201",
      "202",
      "203",
      "204",
      "205",
      "206",
      "207",
      "208",
      "209",
      "210",
      "211",
      "212",
      "213",
      "214",
      "215",
      "216",
      "217",
      "218",
      "219",
      "220",
      "221",
      "222",
      "223",
      "224",
      "225",
      "226",
      "227",
      "228",
      "229",
      "230",
      "231",
      "232",
      "233",
      "234",
      "235",
      "236",
      "237",
      "238",
      "239",
      "240",
      "241",
      "242",
      "243",
      "244",
      "245",
      "246",
      "247",
      "248",
      "249",
      "250",
      "251",
      "252",
      "253",
      "254",
      "255",
      "256",
      "257",
      "258",
      "259",
      "260",
      "261",
      "262",
      "264",
      "265",
      "266",
      "267",
      "269",
      "270",
      "271",
      "272",
      "273",
      "274",
      "275",
      "276",
      "277",
      "278",
      "279",
      "280",
      "281",
      "282",
      "283",
      "284",
      "285",
      "286",
      "287",
      "288",
      "289",
      "290",
      "291",
      "292",
      "293",
      "294",
      "295",
      "296",
      "297",
      "298",
      "299",
      "300",
      "301",
      "302",
      "303",
      "304",
      "305",
      "306",
      "307",
      "308",
      "309",
      "310"
    ]
  },
  "roc_auc": {
    "macro_auc": 0.7377886263413685,
    "per_class_auc": {
      "NOR": 0.6098290598290599,
      "HCM": 0.8721227621483376,
      "ARR": 0.47551020408163264,
      "CIA": 0.7561224489795919,
      "FALL": 0.9459183673469388,
      "LV": 0.7672289156626506
    }
  },
  "binary": {
    "accuracy": 0.7407407407407407,
    "f1": 0.8352941176470589,
    "sensitivity": 0.9102564102564102,
    "specificity": 0.3,
    "roc_auc": 0.6098290598290599,
    "binary_labels": [
      0,
      0,
      0,
      0,
      0,
      0,
      0,
      0,
      0,
      0,
      0,
      0,
      0,
      0,
      0,
      0,
      0,
      0,
      0,
      0,
      0,
      0,
      0,
      0,
      0,
      0,
      0,
      0,
      0,
      0,
      1,
      1,
      1,
      1,
      1,
      1,
      1,
      1,
      1,
      1,
      1,
      1,
      1,
      1,
      1,
      1,
      1,
      1,
      1,
      1,
      1,
      1,
      1,
      1,
      1,
      1,
      1,
      1,
      1,
      1,
      1,
      1,
      1,
      1,
      1,
      1,
      1,
      1,
      1,
      1,
      1,
      1,
      1,
      1,
      1,
      1,
      1,
      1,
      1,
      1,
      1,
      1,
      1,
      1,
      1,
      1,
      1,
      1,
      1,
      1,
      1,
      1,
      1,
      1,
      1,
      1,
      1,
      1,
      1,
      1,
      1,
      1,
      1,
      1,
      1,
      1,
      1,
      1
    ],
    "binary_probs": [
      0.9996846979239353,
      0.9981254088216875,
      0.00017783437823470916,
      0.10908160445998893,
      0.004144352446443844,
      0.12107737406270802,
      0.9992714504884842,
      0.013379545797143844,
      0.4737788773488202,
      0.07668882743353245,
      0.999857487480145,
      0.8939498370440496,
      0.9991298117815688,
      0.9780649432608596,
      0.9994577908893879,
      0.9999905681750674,
      0.5917547077447571,
      0.9995772842543039,
      0.9996781321284327,
      0.9999848340150443,
      0.9986554879844377,
      0.9879840705365588,
      0.9999321900689323,
      0.9999388703311825,
      0.9995732826470421,
      0.9957377789496545,
      0.4026684061320288,
      0.9975231887884074,
      0.9997266611750892,
      0.4311980958309428,
      0.9999788643861425,
      0.956359946611822,
      0.9984355208861739,
      0.9999507431047425,
      0.9999723192597721,
      0.9999995915063118,
      0.999274763156757,
      0.999999255013793,
      0.9999999566927169,
      0.9999278610453799,
      0.9958269913149267,
      0.9999969813954686,
      0.9455214756949426,
      0.9999998349566013,
      0.9999998431867908,
      0.9999385164617364,
      0.9999306589747559,
      0.9993601590602463,
      0.9999979391483633,
      0.9875058128119477,
      0.9995881425132203,
      0.9028880016228531,
      0.9999984901750566,
      0.9996391630127714,
      0.9999991422047526,
      0.40268627559578785,
      0.9830908064677324,
      0.8321024211570247,
      0.999715192632396,
      0.5695095919697745,
      0.02131435353647093,
      0.9999171574466652,
      0.42270117189499234,
      0.055598231009778676,
      0.9999979185812051,
      0.9993527058415201,
      0.9063972949921638,
      0.15458272517381277,
      0.9999917384101854,
      0.9702000451457204,
      0.8035879179744088,
      0.5334953607620979,
      0.9280838466765958,
      0.9987251643103174,
      0.1119795316965948,
      0.9950548213213695,
      0.9978598292144802,
      0.7901236453840045,
      0.9999401100275146,
      0.9911663285252958,
      0.9999775965235368,
      0.9966194335678435,
      0.9998092950276383,
      0.999994388696398,
      0.8375476891307704,
      0.9999931404713743,
      0.995870247258801,
      0.9996151118650937,
      0.9985337317117855,
      0.5542289203179968,
      0.9936734494950745,
      0.9948260782074424,
      0.8828242836617481,
      0.9993161504275926,
      0.9994258342502323,
      0.9895622010576923,
      0.9983040512046067,
      0.882497529545609,
      0.9999973368575823,
      0.00010083305476882298,
      0.6806409272662227,
      0.5337364004500398,
      0.9998814339042167,
      0.9999896832764297,
      0.9999904567657223,
      0.9999790846496176,
      0.9972172457911767,
      0.979287977592931
    ]
  }
}