{
  "config": {
    "dataset": "mnm2",
    "backbone": "sam",
    "model_name": "sam_vit_huge",
    "eval_mode": "logreg",
    "pooling": "gap",
    "embed_dim": 1280,
    "best_hyperparam": 0.017782794311642647,
    "hyperparam_name": "C",
    "num_classes": 6,
    "class_names": [
      "NOR",
      "HCM",
      "ARR",
      "CIA",
      "FALL",
      "LV"
    ]
  },
  "sweep_results": [
    {
      "param_value": 9.999999974752427e-07,
      "mean_cv_acc": 0.17857142857142858,
      "std_cv_acc": 0.0
    },
    {
      "param_value": 1.7782793975129607e-06,
      "mean_cv_acc": 0.17857142857142858,
      "std_cv_acc": 0.0
    },
    {
      "param_value": 3.1622776077711023e-06,
      "mean_cv_acc": 0.17857142857142858,
      "std_cv_acc": 0.0
    },
    {
      "param_value": 5.6234130170196295e-06,
      "mean_cv_acc": 0.25,
      "std_cv_acc": 0.0
    },
    {
      "param_value": 9.999999747378752e-06,
      "mean_cv_acc": 0.25,
      "std_cv_acc": 0.0
    },
    {
      "param_value": 1.778279329300858e-05,
      "mean_cv_acc": 0.25,
      "std_cv_acc": 0.0
    },
    {
      "param_value": 3.162277789670043e-05,
      "mean_cv_acc": 0.2857142857142857,
      "std_cv_acc": 0.0
    },
    {
      "param_value": 5.62341338081751e-05,
      "mean_cv_acc": 0.39285714285714285,
      "std_cv_acc": 0.0
    },
    {
      "param_value": 9.999999747378752e-05,
      "mean_cv_acc": 0.42857142857142855,
      "std_cv_acc": 0.0
    },
    {
      "param_value": 0.00017782794020604342,
      "mean_cv_acc": 0.4642857142857143,
      "std_cv_acc": 0.0
    },
    {
      "param_value": 0.0003162277571391314,
      "mean_cv_acc": 0.5357142857142857,
      "std_cv_acc": 0.0
    },
    {
      "param_value": 0.000562341301701963,
      "mean_cv_acc": 0.5357142857142857,
      "std_cv_acc": 0.0
    },
    {
      "param_value": 0.0010000000474974513,
      "mean_cv_acc": 0.5357142857142857,
      "std_cv_acc": 0.0
    },
    {
      "param_value": 0.0017782794311642647,
      "mean_cv_acc": 0.5,
      "std_cv_acc": 0.0
    },
    {
      "param_value": 0.003162277629598975,
      "mean_cv_acc": 0.5,
      "std_cv_acc": 0.0
    },
    {
      "param_value": 0.005623413249850273,
      "mean_cv_acc": 0.5,
      "std_cv_acc": 0.0
    },
    {
      "param_value": 0.009999999776482582,
      "mean_cv_acc": 0.5,
      "std_cv_acc": 0.0
    },
    {
      "param_value": 0.017782794311642647,
      "mean_cv_acc": 0.5714285714285714,
      "std_cv_acc": 0.0
    },
    {
      "param_value": 0.03162277489900589,
      "mean_cv_acc": 0.5714285714285714,
      "std_cv_acc": 0.0
    },
    {
      "param_value": 0.05623413249850273,
      "mean_cv_acc": 0.5714285714285714,
      "std_cv_acc": 0.0
    },
    {
      "param_value": 0.10000000149011612,
      "mean_cv_acc": 0.5714285714285714,
      "std_cv_acc": 0.0
    },
    {
      "param_value": 0.17782793939113617,
      "mean_cv_acc": 0.5357142857142857,
      "std_cv_acc": 0.0
    },
    {
      "param_value": 0.3162277638912201,
      "mean_cv_acc": 0.5357142857142857,
      "std_cv_acc": 0.0
    },
    {
      "param_value": 0.5623413324356079,
      "mean_cv_acc": 0.5357142857142857,
      "std_cv_acc": 0.0
    },
    {
      "param_value": 1.0,
      "mean_cv_acc": 0.5357142857142857,
      "std_cv_acc": 0.0
    },
    {
      "param_value": 1.778279423713684,
      "mean_cv_acc": 0.5357142857142857,
      "std_cv_acc": 0.0
    },
    {
      "param_value": 3.1622776985168457,
      "mean_cv_acc": 0.5357142857142857,
      "std_cv_acc": 0.0
    },
    {
      "param_value": 5.6234130859375,
      "mean_cv_acc": 0.5357142857142857,
      "std_cv_acc": 0.0
    },
    {
      "param_value": 10.0,
      "mean_cv_acc": 0.5357142857142857,
      "std_cv_acc": 0.0
    },
    {
      "param_value": 17.782794952392578,
      "mean_cv_acc": 0.5357142857142857,
      "std_cv_acc": 0.0
    },
    {
      "param_value": 31.62277603149414,
      "mean_cv_acc": 0.5357142857142857,
      "std_cv_acc": 0.0
    },
    {
      "param_value": 56.234130859375,
      "mean_cv_acc": 0.5357142857142857,
      "std_cv_acc": 0.0
    },
    {
      "param_value": 100.0,
      "mean_cv_acc": 0.5357142857142857,
      "std_cv_acc": 0.0
    },
    {
      "param_value": 177.82794189453125,
      "mean_cv_acc": 0.5714285714285714,
      "std_cv_acc": 0.0
    },
    {
      "param_value": 316.2277526855469,
      "mean_cv_acc": 0.5714285714285714,
      "std_cv_acc": 0.0
    },
    {
      "param_value": 562.34130859375,
      "mean_cv_acc": 0.5714285714285714,
      "std_cv_acc": 0.0
    },
    {
      "param_value": 1000.0,
      "mean_cv_acc": 0.5714285714285714,
      "std_cv_acc": 0.0
    },
    {
      "param_value": 1778.2794189453125,
      "mean_cv_acc": 0.5714285714285714,
      "std_cv_acc": 0.0
    },
    {
      "param_value": 3162.277587890625,
      "mean_cv_acc": 0.5714285714285714,
      "std_cv_acc": 0.0
    },
    {
      "param_value": 5623.4130859375,
      "mean_cv_acc": 0.5714285714285714,
      "std_cv_acc": 0.0
    },
    {
      "param_value": 10000.0,
      "mean_cv_acc": 0.5714285714285714,
      "std_cv_acc": 0.0
    },
    {
      "param_value": 17782.794921875,
      "mean_cv_acc": 0.5714285714285714,
      "std_cv_acc": 0.0
    },
    {
      "param_value": 31622.77734375,
      "mean_cv_acc": 0.5714285714285714,
      "std_cv_acc": 0.0
    },
    {
      "param_value": 56234.1328125,
      "mean_cv_acc": 0.5714285714285714,
      "std_cv_acc": 0.0
    },
    {
      "param_value": 100000.0,
      "mean_cv_acc": 0.5714285714285714,
      "std_cv_acc": 0.0
    }
  ],
  "five_way": {
    "accuracy": 0.37962962962962965,
    "macro_f1": 0.3622243396699918,
    "macro_sensitivity": 0.37961352657004827,
    "macro_specificity": 0.8716954993304088,
    "per_class_sensitivity": {
      "NOR": 0.23333333333333334,
      "HCM": 0.30434782608695654,
      "ARR": 0.1,
      "CIA": 0.3,
      "FALL": 0.7,
      "LV": 0.64
    },
    "per_class_specificity": {
      "NOR": 0.8461538461538461,
      "HCM": 0.9764705882352941,
      "ARR": 0.9081632653061225,
      "CIA": 0.8877551020408163,
      "FALL": 0.9489795918367347,
      "LV": 0.6626506024096386
    },
    "confusion_matrix": [
      [
        7,
        0,
        3,
        4,
        0,
        16
      ],
      [
        9,
        7,
        3,
        0,
        1,
        3
      ],
      [
        0,
        0,
        1,
        2,
        0,
        7
      ],
      [
        3,
        0,
        0,
        3,
        2,
        2
      ],
      [
        0,
        0,
        0,
        3,
        7,
        0
      ],
      [
        0,
        2,
        3,
        2,
        2,
        16
      ]
    ],
    "classification_report": {
      "NOR": {
        "precision": 0.3684210526315789,
        "recall": 0.23333333333333334,
        "f1-score": 0.2857142857142857,
        "support": 30.0
      },
      "HCM": {
        "precision": 0.7777777777777778,
        "recall": 0.30434782608695654,
        "f1-score": 0.4375,
        "support": 23.0
      },
      "ARR": {
        "precision": 0.1,
        "recall": 0.1,
        "f1-score": 0.1,
        "support": 10.0
      },
      "CIA": {
        "precision": 0.21428571428571427,
        "recall": 0.3,
        "f1-score": 0.25,
        "support": 10.0
      },
      "FALL": {
        "precision": 0.5833333333333334,
        "recall": 0.7,
        "f1-score": 0.6363636363636364,
        "support": 10.0
      },
      "LV": {
        "precision": 0.36363636363636365,
        "recall": 0.64,
        "f1-score": 0.463768115942029,
        "support": 25.0
      },
      "accuracy": 0.37962962962962965,
      "macro avg": {
        "precision": 0.4012423736107947,
        "recall": 0.37961352657004827,
        "f1-score": 0.3622243396699918,
        "support": 108.0
      },
      "weighted avg": {
        "precision": 0.4352650003234799,
        "recall": 0.37962962962962965,
        "f1-score": 0.3712200725334783,
        "support": 108.0
      }
    },
    "probabilities": [
      [
        0.0015356421619224184,
        0.033614023108655744,
        0.021204315380898908,
        0.23490673858286756,
        0.0038487932942843236,
        0.7048904874713711
      ],
      [
        0.03887908273263305,
        0.04094918946014146,
        0.20809400455578297,
        0.0055384711669777134,
        0.06056556557603644,
        0.6459736865084285
      ],
      [
        0.9876578454253213,
        0.009836990447167496,
        0.0015820910577807495,
        0.0008788627506334795,
        4.930043590450993e-06,
        3.9280275506549205e-05
      ],
      [
        0.7570593324559938,
        0.13202522605682537,
        0.04343287790318444,
        0.05547220646012248,
        0.008518279065055657,
        0.0034920780588184337
      ],
      [
        0.9888146033475007,
        0.0012441361830294036,
        5.744100386844825e-05,
        0.009179025690800358,
        0.0005414614453510362,
        0.00016333232945001553
      ],
      [
        0.9164842321200947,
        0.0028301066642735127,
        0.018117838701206274,
        0.026239413798063733,
        0.0008713796465267707,
        0.035457029069835194
      ],
      [
        0.20321619838856267,
        0.008683803598327254,
        0.7776200466702258,
        0.008581402979853677,
        0.0005036344749127561,
        0.0013949138881179024
      ],
      [
        0.9425302148961819,
        0.007255381334812846,
        0.040764966091637975,
        0.007777981063942316,
        0.00018271915362870332,
        0.0014887374597961675
      ],
      [
        0.8454992440103082,
        0.0009679356302919578,
        0.03524695605693562,
        0.1081196564678676,
        0.0021121501061322017,
        0.008054057728464611
      ],
      [
        0.6047399520034258,
        0.004518689185818497,
        0.3626684612937703,
        0.02756226529536582,
        0.0002228341951293838,
        0.0002877980264901927
      ],
      [
        0.0025981923179255882,
        0.00214352460904482,
        0.04396740397713981,
        0.005720125836970996,
        0.08329344980977199,
        0.8622773034491469
      ],
      [
        0.010354333881077087,
        0.007908162111658974,
        0.9026830820494435,
        0.009291710289980515,
        0.008205001214433539,
        0.061557710453406356
      ],
      [
        0.005278088100375674,
        0.03051775314874178,
        0.018342626620460396,
        0.2997543357066529,
        0.0003022375426405819,
        0.6458049588811287
      ],
      [
        0.046743999029532066,
        0.02870181368560987,
        0.029029821279569917,
        0.014574591581798756,
        0.02784232961127232,
        0.853107444812217
      ],
      [
        0.00223511064671449,
        0.045685092419702894,
        0.02197278423622816,
        0.3828839903387297,
        0.0023771828529444835,
        0.5448458395056802
      ],
      [
        0.0005037705802836554,
        0.0067407830955310095,
        0.027330925826409166,
        0.01284439561763577,
        0.024031064051394713,
        0.9285490608287457
      ],
      [
        0.0262493021244915,
        0.00485023808518508,
        0.03564512830179562,
        0.4202952627764226,
        0.06767708000344931,
        0.4452829887086559
      ],
      [
        0.0037946094528493093,
        0.10128571494890483,
        0.10256725683152335,
        0.33675753835125655,
        0.0011523413979274812,
        0.4544425390175385
      ],
      [
        0.005206381287074423,
        0.02921903503626283,
        0.05854783414487149,
        0.30507254318764204,
        0.0003654947792223759,
        0.601588711564927
      ],
      [
        0.0008892411082914401,
        0.00036310814503389495,
        0.0029167692247456093,
        0.11603853845171823,
        0.00020786754011632401,
        0.8795844755300946
      ],
      [
        0.023147895461549068,
        0.10820461796862191,
        0.08580374297982253,
        0.0836814040331944,
        0.04351251218103844,
        0.6556498273757736
      ],
      [
        0.0253355509223637,
        0.003437060754867705,
        0.0011759935974004908,
        0.765046117120529,
        0.015601489186139862,
        0.1894037884186994
      ],
      [
        0.0018312385469617543,
        0.014498288919692006,
        0.20850478459990862,
        0.010565909970029251,
        0.006776741681156842,
        0.7578230362822514
      ],
      [
        0.0015448605531761107,
        0.008551133412692832,
        0.006463592133889381,
        0.11896603459754133,
        0.00023743121098678132,
        0.8642369480917136
      ],
      [
        0.006660580728362381,
        0.006604909909624608,
        0.001196525683513667,
        0.004206087586348386,
        0.003413274120526105,
        0.9779186219716249
      ],
      [
        0.12245700121991836,
        0.11430248588672108,
        0.31103327474441894,
        0.20319398074606632,
        0.002378963249199312,
        0.24663429415367613
      ],
      [
        0.36038812303102724,
        0.02523020790937433,
        0.030827432875105292,
        0.38104178033411606,
        0.05699891967747108,
        0.1455135361729059
      ],
      [
        0.027700467593912564,
        0.03995393601211095,
        0.020012036310122022,
        0.2860454877156639,
        0.0018618061682920102,
        0.6244262661998985
      ],
      [
        0.007114438913449083,
        0.02055226619343383,
        0.022326239423245613,
        0.4806841421862194,
        0.0035755183356344098,
        0.46574739494801765
      ],
      [
        0.21026895921549185,
        0.029417655355900296,
        0.006462321832990336,
        0.44892534900562264,
        0.0027405432104722566,
        0.30218517137952255
      ],
      [
        0.0012554084502635378,
        0.2588490802627789,
        0.0014978869687692917,
        0.33289949282912396,
        0.009680329905165267,
        0.395817801583899
      ],
      [
        0.026531323637142442,
        0.13756503229511252,
        0.26510155681274716,
        0.007524063542165253,
        0.06836634667466539,
        0.49491167703816724
      ],
      [
        0.0038231648395251443,
        0.19065493852031357,
        0.28412855552267174,
        0.0034205760870673744,
        0.0034991669876266347,
        0.5144735980427955
      ],
      [
        0.0003001671238078831,
        0.006853605292921352,
        0.04548123987476964,
        0.011233701891018598,
        0.006158290768368468,
        0.9299729950491141
      ],
      [
        0.00802555436696004,
        0.011652027599145808,
        0.3105647818339903,
        0.4831805662710899,
        0.0015781052452346256,
        0.1849989646835794
      ],
      [
        0.00012022821917514213,
        0.002046873521212721,
        0.0015858690038820524,
        0.02142997085539173,
        0.0006852803549292159,
        0.9741317780454092
      ],
      [
        0.011385881111977397,
        0.39501208269752014,
        0.16275578867664317,
        0.043252663179140345,
        0.003128233044567804,
        0.38446535129015125
      ],
      [
        0.00046639249811871657,
        0.004433059919046616,
        0.01740715370523696,
        0.003374995882242185,
        0.09540182003435445,
        0.8789165779610011
      ],
      [
        0.001326720083825102,
        0.22320593450168866,
        0.0009266635156785674,
        0.00828185051340773,
        0.00026215981778997087,
        0.7659966715676101
      ],
      [
        0.0009761906446084057,
        0.46174319557287347,
        0.09409414175427805,
        0.29960762910448097,
        0.008179734254321336,
        0.13539910866943777
      ],
      [
        0.010950495117976189,
        0.1449914188381776,
        0.2431293056936347,
        0.017770992403610866,
        0.03103980825575904,
        0.5521179796908415
      ],
      [
        0.00016340931365378024,
        0.017073911096210797,
        0.03858579831406644,
        0.015836293158038934,
        0.05183003932772524,
        0.8765105487903049
      ],
      [
        0.013730043748672776,
        0.13143053799493845,
        0.569566797911464,
        0.06517222513871748,
        0.05427361093529344,
        0.1658267842709137
      ],
      [
        0.00042054094720217976,
        0.15962247379219843,
        0.04722997264891832,
        0.03570074104634995,
        0.007635161520141623,
        0.7493911100451895
      ],
      [
        6.857439998358112e-06,
        0.0003469396450198392,
        0.0011798479091360795,
        0.0012576182490346788,
        0.006493522610802035,
        0.990715214146009
      ],
      [
        0.004630417302135367,
        0.012999442328435487,
        0.0035023071308707657,
        0.4167103196039126,
        0.014005357895334082,
        0.5481521557393116
      ],
      [
        0.0004941973836087232,
        0.00033400376979687385,
        0.007617983536524823,
        0.02648009972708744,
        0.964797672955892,
        0.0002760426270902543
      ],
      [
        0.0023658306478829853,
        0.16426782045428143,
        0.6296527171180536,
        0.05915794649790851,
        0.005749770054550569,
        0.13880591522732286
      ],
      [
        0.00022035313126238094,
        0.0739539257525567,
        0.04332123290601294,
        0.002909801776941773,
        0.002407544393780344,
        0.8771871420394458
      ],
      [
        0.007499581235102567,
        0.03646761770002611,
        0.501320257746702,
        0.02600360759400851,
        0.047879418413048644,
        0.3808295173111122
      ],
      [
        0.006957739442493683,
        0.09576781283986095,
        0.39970102235755844,
        0.033982545022938286,
        0.02758673508333962,
        0.4360041452538091
      ],
      [
        0.07203816845127636,
        0.0002738436396205466,
        0.053376335782069295,
        0.16417320967328902,
        0.6705359120506502,
        0.03960253040309453
      ],
      [
        8.45721665327326e-05,
        0.0006657337271348773,
        0.005343920621530781,
        0.00017785844331288643,
        0.01970398874664429,
        0.9740239262948445
      ],
      [
        0.0055450614134809045,
        0.0806015464873904,
        0.02498615796816236,
        0.5970640762463624,
        0.026517686081338875,
        0.26528547180326506
      ],
      [
        0.00018301305162558842,
        0.0024159024654370853,
        0.004584089844629435,
        0.0006344681924783103,
        0.0077257660072161715,
        0.9844567604386135
      ],
      [
        0.813162474161257,
        0.02018097025936001,
        0.13988133845296638,
        0.012917020387778276,
        0.010872881904248963,
        0.002985314834389251
      ],
      [
        0.013908838212607223,
        0.13950448661375825,
        0.1575992958980982,
        0.11116267777739655,
        0.480598985551575,
        0.0972257159465647
      ],
      [
        0.7222503262320562,
        0.14174525746097225,
        0.06792632164766223,
        0.05514308166818023,
        0.0023302229892187536,
        0.010604790001910266
      ],
      [
        0.01207741028927448,
        0.7719308236494624,
        0.05248520038216598,
        0.07651655605556187,
        0.0018525821132539771,
        0.08513742751028126
      ],
      [
        0.33317153635706,
        0.07316860345334261,
        0.5532826115911774,
        0.03077836571745198,
        0.007061341318791395,
        0.0025375415621765106
      ],
      [
        0.9142395546903238,
        0.07322371499089103,
        0.0007475689105641953,
        0.010581003033970205,
        0.000987314315141274,
        0.00022084405910931617
      ],
      [
        0.006448813516244445,
        0.12954961066461188,
        0.011500025537294352,
        0.02150335763781411,
        0.0028346552288211653,
        0.8281635374152141
      ],
      [
        0.640642279275595,
        0.21225977925280357,
        0.12194420303559392,
        0.017293373855975805,
        0.00600038412538692,
        0.0018599804546447752
      ],
      [
        0.8217395891501916,
        0.1318833141510885,
        0.01439926945327332,
        0.004767752740180292,
        0.02719422171393709,
        1.5852791329146765e-05
      ],
      [
        0.0011977706251921477,
        0.6572679843437699,
        0.000916627530274938,
        0.16815394073966738,
        0.0004453004214671909,
        0.17201837633962871
      ],
      [
        0.00784611371540714,
        0.3696091875203432,
        0.005689568956487463,
        0.04713927391443704,
        0.00014333334132072807,
        0.5695725225520045
      ],
      [
        0.21590817752259775,
        0.10957729293033536,
        0.6139913238489635,
        0.03719169119875083,
        0.009335654959030314,
        0.013995859540322213
      ],
      [
        0.8927833774395949,
        0.01962918834657792,
        0.046291392894213974,
        0.016092628906914784,
        0.022699873077413998,
        0.002503539335284514
      ],
      [
        0.000635148323786564,
        0.3466183035027529,
        0.002897883742268787,
        0.0034261100308185305,
        0.02171946326599024,
        0.6247030911343829
      ],
      [
        0.039437697725427684,
        0.9479239284361485,
        0.010234079708672461,
        0.0019079065152145976,
        0.0004510476249155029,
        4.533998962111628e-05
      ],
      [
        0.13608335554778564,
        0.32338405947621623,
        0.5006118481234424,
        0.030966646945711423,
        0.0028215509469898454,
        0.006132538959854388
      ],
      [
        0.7298168060395678,
        0.06511821452241778,
        0.18788693167330475,
        0.010398817996802095,
        0.0064587671840070976,
        0.00032046258390057105
      ],
      [
        0.15583788148749317,
        0.8011735433738321,
        0.03506986410685482,
        0.006359296840023983,
        0.001364776900198749,
        0.0001946372915971832
      ],
      [
        0.019939831274197236,
        0.8628271179895735,
        0.07918038393240849,
        0.03217971495021981,
        0.0012826690151418944,
        0.004590282838459106
      ],
      [
        0.7252292279178737,
        0.1896772210121247,
        0.0664916394017691,
        0.0037492727928227533,
        0.014149265814601644,
        0.0007033730608080594
      ],
      [
        0.03358481540546157,
        0.795706363806303,
        0.07125164167959323,
        0.04723187067685137,
        0.01355873130072459,
        0.03866657713106619
      ],
      [
        0.12082833642480086,
        0.6407717861032816,
        0.229527416822909,
        0.006569405712278403,
        0.001336828448437443,
        0.0009662264882928735
      ],
      [
        0.40688440315526186,
        0.3384168674905372,
        0.22278515361005222,
        0.011647329763950139,
        0.01958038013862411,
        0.0006858658415744115
      ],
      [
        0.005353757192676209,
        0.004709000394904477,
        0.01321026980188283,
        0.3587796468124816,
        0.020667375820197134,
        0.5972799499778578
      ],
      [
        0.020482641271032144,
        0.006085461190549923,
        0.24432645974705042,
        0.40524086323172837,
        0.3131027361495854,
        0.01076183841005373
      ],
      [
        0.00456647342835404,
        0.33004356774773247,
        0.010234916978022595,
        0.3613257464076035,
        0.007195895641918298,
        0.28663339979636904
      ],
      [
        0.014424674044613672,
        0.10248356996762441,
        0.00786306628604028,
        0.36765771812106507,
        0.0011230020370091877,
        0.5064479695436473
      ],
      [
        0.001879561647669519,
        0.03818794091763429,
        0.03964581302996115,
        0.11500123781991413,
        0.001791872912768442,
        0.8034935736720524
      ],
      [
        5.164124001110243e-05,
        0.0022392569734554103,
        0.00015582055693113224,
        0.05222942225539496,
        0.0008801977477696961,
        0.9444436612264376
      ],
      [
        0.10308905565949611,
        0.2619620877572132,
        0.06188791138130611,
        0.2845583785026975,
        0.002826913247426183,
        0.28567565345186097
      ],
      [
        0.0001859800732578608,
        0.006597998607975862,
        0.002840025113886369,
        0.0028930704246862764,
        0.004272750385746768,
        0.983210175394447
      ],
      [
        0.009828167761258347,
        0.10693765733763136,
        0.8314061548467431,
        0.03032345357850045,
        0.02126200887780591,
        0.00024255759806080367
      ],
      [
        0.002814269656677795,
        0.42138621287578754,
        0.0052627352382608565,
        0.027186445830527355,
        0.0018788124259108319,
        0.5414715239728356
      ],
      [
        0.018452103162491452,
        0.0005049028631213072,
        0.00021815042235829823,
        0.02626785978280224,
        0.9535215901029008,
        0.0010353936663259438
      ],
      [
        0.0662319697573143,
        0.002453050710950019,
        0.0036428862858821948,
        0.02740029938742324,
        0.8897770497883741,
        0.01049474407005588
      ],
      [
        0.005968376398080238,
        0.0007685778498976285,
        0.005256981871753026,
        0.19624503053347547,
        0.7423418488575018,
        0.04941918448929173
      ],
      [
        0.027713074677067292,
        0.0012503407924634076,
        0.000188506129717422,
        0.9400540272159046,
        0.025589169139381935,
        0.005204882045465385
      ],
      [
        0.04710832380690431,
        0.10794591473246562,
        0.14913076501890815,
        0.042912252584263816,
        0.544815271435807,
        0.1080874724216511
      ],
      [
        0.0019082935588193104,
        0.0043008756033598005,
        0.1773799155419935,
        0.03860983961956195,
        0.7274503937473337,
        0.05035068192893185
      ],
      [
        0.0047722003140208925,
        0.0010100013995204583,
        0.004563696299870224,
        0.039431658823176,
        0.9159570546787594,
        0.034265388484652874
      ],
      [
        0.07729600455217706,
        0.07181421044870706,
        0.036272835907221766,
        0.12828962144181114,
        0.6502616317815819,
        0.036065695868501155
      ],
      [
        0.015915370224891694,
        0.08821555097683612,
        0.0839551998456993,
        0.4546448910896158,
        0.13259723734752504,
        0.22467175051543212
      ],
      [
        0.015853044353705433,
        0.005676681119940862,
        0.0020329615359069597,
        0.8999739761420892,
        0.02113316506446589,
        0.055330171783891775
      ],
      [
        0.00029081241182847935,
        0.2984733670485746,
        0.04038437479297154,
        0.37979700535184613,
        0.004903572496033255,
        0.27615086789874604
      ],
      [
        0.943292535757799,
        0.008730957093942057,
        0.0342792635605136,
        0.011647081994217622,
        0.0017359370538648357,
        0.000314224539662757
      ],
      [
        0.9396903591148644,
        0.0011584664960593374,
        0.00029340819656446863,
        0.051039687287716205,
        9.839333238725195e-05,
        0.007719685572408369
      ],
      [
        0.539717716861043,
        0.006675031851073702,
        0.0010840105639764812,
        0.41389325774827584,
        0.03855092014512881,
        7.90628305023364e-05
      ],
      [
        0.003622281363979513,
        0.024001564664216424,
        0.006872368895565282,
        0.5487910485978247,
        0.03622695191392312,
        0.380485784564491
      ],
      [
        0.0035824549050312046,
        0.001056087070304673,
        0.05126338102518091,
        0.498051590096839,
        0.12204038978144056,
        0.3240060971212037
      ],
      [
        0.005056386433268274,
        0.013940949669034227,
        0.008264953537757486,
        0.12044079171295004,
        0.004013795916973125,
        0.8482831227300168
      ],
      [
        0.0007957374556341491,
        0.007162453029657861,
        0.003073867109518563,
        0.4051001305146247,
        0.035188258182540864,
        0.5486795537080239
      ],
      [
        0.0032853105099792286,
        7.449044596722807e-05,
        0.027265059885108682,
        0.028915037028793843,
        0.9169604104591778,
        0.02349969167097328
      ],
      [
        0.008988355292197256,
        7.756252993205999e-05,
        0.0010539882630690456,
        0.34967510547821534,
        0.6318327097868763,
        0.008372278649709894
      ]
    ],
    "predictions": [
      5,
      5,
      0,
      0,
      0,
      0,
      2,
      0,
      0,
      0,
      5,
      2,
      5,
      5,
      5,
      5,
      5,
      5,
      5,
      5,
      5,
      3,
      5,
      5,
      5,
      2,
      3,
      5,
      3,
      3,
      5,
      5,
      5,
      5,
      3,
      5,
      1,
      5,
      5,
      1,
      5,
      5,
      2,
      5,
      5,
      5,
      4,
      2,
      5,
      2,
      5,
      4,
      5,
      3,
      5,
      0,
      4,
      0,
      1,
      2,
      0,
      5,
      0,
      0,
      1,
      5,
      2,
      0,
      5,
      1,
      2,
      0,
      1,
      1,
      0,
      1,
      1,
      0,
      5,
      3,
      3,
      5,
      5,
      5,
      5,
      5,
      2,
      5,
      4,
      4,
      4,
      3,
      4,
      4,
      4,
      4,
      3,
      3,
      3,
      0,
      0,
      0,
      3,
      3,
      5,
      5,
      4,
      4
    ],
    "true_labels": [
      0,
      0,
      0,
      0,
      0,
      0,
      0,
      0,
      0,
      0,
      0,
      0,
      0,
      0,
      0,
      0,
      0,
      0,
      0,
      0,
      0,
      0,
      0,
      0,
      0,
      0,
      0,
      0,
      0,
      0,
      5,
      5,
      5,
      5,
      5,
      5,
      5,
      5,
      5,
      5,
      5,
      5,
      5,
      5,
      5,
      5,
      5,
      5,
      5,
      5,
      5,
      5,
      5,
      5,
      5,
      1,
      1,
      1,
      1,
      1,
      1,
      1,
      1,
      1,
      1,
      1,
      1,
      1,
      1,
      1,
      1,
      1,
      1,
      1,
      1,
      1,
      1,
      1,
      2,
      2,
      2,
      2,
      2,
      2,
      2,
      2,
      2,
      2,
      4,
      4,
      4,
      4,
      4,
      4,
      4,
      4,
      4,
      4,
      3,
      3,
      3,
      3,
      3,
      3,
      3,
      3,
      3,
      3
    ],
    "patient_ids": [
      "201",
      "202",
      "203",
      "204",
      "205",
      "206",
      "207",
      "208",
      "209",
      "210",
      "211",
      "212",
      "213",
      "214",
      "215",
      "216",
      "217",
      "218",
      "219",
      "220",
      "221",
      "222",
      "223",
      "224",
      "225",
      "226",
      "227",
      "228",
      "229",
      "230",
      "231",
      "232",
      "233",
      "234",
      "235",
      "236",
      "237",
      "238",
      "239",
      "240",
      "241",
      "242",
      "243",
      "244",
      "245",
      "246",
      "247",
      "248",
      "249",
      "250",
      "251",
      "252",
      "253",
      "254",
      "255",
      "256",
      "257",
      "258",
      "259",
      "260",
      "261",
      "262",
      "264",
      "265",
      "266",
      "267",
      "269",
      "270",
      "271",
      "272",
      "273",
      "274",
      "275",
      "276",
      "277",
      "278",
      "279",
      "280",
      "281",
      "282",
      "283",
      "284",
      "285",
      "286",
      "287",
      "288",
      "289",
      "290",
      "291",
      "292",
      "293",
      "294",
      "295",
      "296",
      "297",
      "298",
      "299",
      "300",
      "301",
      "302",
      "303",
      "304",
      "305",
      "306",
      "307",
      "308",
      "309",
      "310"
    ]
  },
  "roc_auc": {
    "macro_auc": 0.7196843348605017,
    "per_class_auc": {
      "NOR": 0.6098290598290599,
      "HCM": 0.8705882352941177,
      "ARR": 0.4418367346938775,
      "CIA": 0.7418367346938776,
      "FALL": 0.9224489795918367,
      "LV": 0.7315662650602409
    }
  },
  "binary": {
    "accuracy": 0.6851851851851852,
    "f1": 0.7976190476190477,
    "sensitivity": 0.8589743589743589,
    "specificity": 0.23333333333333334,
    "roc_auc": 0.6098290598290598,
    "binary_labels": [
      0,
      0,
      0,
      0,
      0,
      0,
      0,
      0,
      0,
      0,
      0,
      0,
      0,
      0,
      0,
      0,
      0,
      0,
      0,
      0,
      0,
      0,
      0,
      0,
      0,
      0,
      0,
      0,
      0,
      0,
      1,
      1,
      1,
      1,
      1,
      1,
      1,
      1,
      1,
      1,
      1,
      1,
      1,
      1,
      1,
      1,
      1,
      1,
      1,
      1,
      1,
      1,
      1,
      1,
      1,
      1,
      1,
      1,
      1,
      1,
      1,
      1,
      1,
      1,
      1,
      1,
      1,
      1,
      1,
      1,
      1,
      1,
      1,
      1,
      1,
      1,
      1,
      1,
      1,
      1,
      1,
      1,
      1,
      1,
      1,
      1,
      1,
      1,
      1,
      1,
      1,
      1,
      1,
      1,
      1,
      1,
      1,
      1,
      1,
      1,
      1,
      1,
      1,
      1,
      1,
      1,
      1,
      1
    ],
    "binary_probs": [
      0.9984643578380776,
      0.9611209172673669,
      0.012342154574678688,
      0.24294066754400623,
      0.011185396652499291,
      0.08351576787990533,
      0.7967838016114374,
      0.05746978510381806,
      0.15450075598969182,
      0.3952600479965742,
      0.9974018076820744,
      0.9896456661189229,
      0.9947219118996243,
      0.9532560009704679,
      0.9977648893532856,
      0.9994962294197164,
      0.9737506978755085,
      0.9962053905471507,
      0.9947936187129256,
      0.9991107588917085,
      0.976852104538451,
      0.9746644490776363,
      0.9981687614530382,
      0.9984551394468238,
      0.9933394192716376,
      0.8775429987800817,
      0.6396118769689727,
      0.9722995324060875,
      0.9928855610865509,
      0.7897310407845082,
      0.9987445915497365,
      0.9734686763628576,
      0.9961768351604748,
      0.9996998328761921,
      0.9919744456330399,
      0.9998797717808249,
      0.9886141188880226,
      0.9995336075018812,
      0.9986732799161749,
      0.9990238093553916,
      0.9890495048820238,
      0.9998365906863462,
      0.9862699562513272,
      0.9995794590527978,
      0.9999931425600016,
      0.9953695826978647,
      0.9995058026163913,
      0.997634169352117,
      0.9997796468687377,
      0.9925004187648975,
      0.9930422605575063,
      0.9279618315487237,
      0.9999154278334673,
      0.9944549385865191,
      0.9998169869483744,
      0.18683752583874302,
      0.9860911617873928,
      0.2777496737679438,
      0.9879225897107256,
      0.66682846364294,
      0.08576044530967619,
      0.9935511864837555,
      0.35935772072440497,
      0.17826041084980837,
      0.9988022293748079,
      0.9921538862845929,
      0.7840918224774023,
      0.1072166225604051,
      0.9993648516762135,
      0.9605623022745723,
      0.8639166444522144,
      0.2701831939604322,
      0.8441621185125068,
      0.9800601687258028,
      0.2747707720821263,
      0.9664151845945385,
      0.8791716635751992,
      0.5931155968447381,
      0.9946462428073238,
      0.9795173587289678,
      0.995433526571646,
      0.9855753259553863,
      0.9981204383523304,
      0.9999483587599889,
      0.8969109443405039,
      0.9998140199267421,
      0.9901718322387416,
      0.9971857303433223,
      0.9815478968375085,
      0.9337680302426857,
      0.9940316236019198,
      0.9722869253229327,
      0.9528916761930957,
      0.9980917064411807,
      0.9952277996859791,
      0.9227039954478229,
      0.9840846297751084,
      0.9841469556462946,
      0.9997091875881715,
      0.05670746424220097,
      0.060309640885135574,
      0.460282283138957,
      0.9963777186360205,
      0.9964175450949688,
      0.9949436135667318,
      0.9992042625443659,
      0.9967146894900207,
      0.9910116447078028
    ]
  }
}