{
  "config": {
    "dataset": "mnm2",
    "backbone": "sam",
    "model_name": "sam_vit_base",
    "eval_mode": "logreg",
    "pooling": "gap",
    "embed_dim": 768,
    "best_hyperparam": 0.000562341301701963,
    "hyperparam_name": "C",
    "num_classes": 6,
    "class_names": [
      "NOR",
      "HCM",
      "ARR",
      "CIA",
      "FALL",
      "LV"
    ]
  },
  "sweep_results": [
    {
      "param_value": 9.999999974752427e-07,
      "mean_cv_acc": 0.17857142857142858,
      "std_cv_acc": 0.0
    },
    {
      "param_value": 1.7782793975129607e-06,
      "mean_cv_acc": 0.17857142857142858,
      "std_cv_acc": 0.0
    },
    {
      "param_value": 3.1622776077711023e-06,
      "mean_cv_acc": 0.17857142857142858,
      "std_cv_acc": 0.0
    },
    {
      "param_value": 5.6234130170196295e-06,
      "mean_cv_acc": 0.17857142857142858,
      "std_cv_acc": 0.0
    },
    {
      "param_value": 9.999999747378752e-06,
      "mean_cv_acc": 0.25,
      "std_cv_acc": 0.0
    },
    {
      "param_value": 1.778279329300858e-05,
      "mean_cv_acc": 0.25,
      "std_cv_acc": 0.0
    },
    {
      "param_value": 3.162277789670043e-05,
      "mean_cv_acc": 0.2857142857142857,
      "std_cv_acc": 0.0
    },
    {
      "param_value": 5.62341338081751e-05,
      "mean_cv_acc": 0.2857142857142857,
      "std_cv_acc": 0.0
    },
    {
      "param_value": 9.999999747378752e-05,
      "mean_cv_acc": 0.42857142857142855,
      "std_cv_acc": 0.0
    },
    {
      "param_value": 0.00017782794020604342,
      "mean_cv_acc": 0.42857142857142855,
      "std_cv_acc": 0.0
    },
    {
      "param_value": 0.0003162277571391314,
      "mean_cv_acc": 0.42857142857142855,
      "std_cv_acc": 0.0
    },
    {
      "param_value": 0.000562341301701963,
      "mean_cv_acc": 0.4642857142857143,
      "std_cv_acc": 0.0
    },
    {
      "param_value": 0.0010000000474974513,
      "mean_cv_acc": 0.4642857142857143,
      "std_cv_acc": 0.0
    },
    {
      "param_value": 0.0017782794311642647,
      "mean_cv_acc": 0.42857142857142855,
      "std_cv_acc": 0.0
    },
    {
      "param_value": 0.003162277629598975,
      "mean_cv_acc": 0.42857142857142855,
      "std_cv_acc": 0.0
    },
    {
      "param_value": 0.005623413249850273,
      "mean_cv_acc": 0.39285714285714285,
      "std_cv_acc": 0.0
    },
    {
      "param_value": 0.009999999776482582,
      "mean_cv_acc": 0.39285714285714285,
      "std_cv_acc": 0.0
    },
    {
      "param_value": 0.017782794311642647,
      "mean_cv_acc": 0.39285714285714285,
      "std_cv_acc": 0.0
    },
    {
      "param_value": 0.03162277489900589,
      "mean_cv_acc": 0.42857142857142855,
      "std_cv_acc": 0.0
    },
    {
      "param_value": 0.05623413249850273,
      "mean_cv_acc": 0.42857142857142855,
      "std_cv_acc": 0.0
    },
    {
      "param_value": 0.10000000149011612,
      "mean_cv_acc": 0.42857142857142855,
      "std_cv_acc": 0.0
    },
    {
      "param_value": 0.17782793939113617,
      "mean_cv_acc": 0.42857142857142855,
      "std_cv_acc": 0.0
    },
    {
      "param_value": 0.3162277638912201,
      "mean_cv_acc": 0.42857142857142855,
      "std_cv_acc": 0.0
    },
    {
      "param_value": 0.5623413324356079,
      "mean_cv_acc": 0.42857142857142855,
      "std_cv_acc": 0.0
    },
    {
      "param_value": 1.0,
      "mean_cv_acc": 0.42857142857142855,
      "std_cv_acc": 0.0
    },
    {
      "param_value": 1.778279423713684,
      "mean_cv_acc": 0.42857142857142855,
      "std_cv_acc": 0.0
    },
    {
      "param_value": 3.1622776985168457,
      "mean_cv_acc": 0.39285714285714285,
      "std_cv_acc": 0.0
    },
    {
      "param_value": 5.6234130859375,
      "mean_cv_acc": 0.39285714285714285,
      "std_cv_acc": 0.0
    },
    {
      "param_value": 10.0,
      "mean_cv_acc": 0.39285714285714285,
      "std_cv_acc": 0.0
    },
    {
      "param_value": 17.782794952392578,
      "mean_cv_acc": 0.39285714285714285,
      "std_cv_acc": 0.0
    },
    {
      "param_value": 31.62277603149414,
      "mean_cv_acc": 0.39285714285714285,
      "std_cv_acc": 0.0
    },
    {
      "param_value": 56.234130859375,
      "mean_cv_acc": 0.39285714285714285,
      "std_cv_acc": 0.0
    },
    {
      "param_value": 100.0,
      "mean_cv_acc": 0.39285714285714285,
      "std_cv_acc": 0.0
    },
    {
      "param_value": 177.82794189453125,
      "mean_cv_acc": 0.39285714285714285,
      "std_cv_acc": 0.0
    },
    {
      "param_value": 316.2277526855469,
      "mean_cv_acc": 0.39285714285714285,
      "std_cv_acc": 0.0
    },
    {
      "param_value": 562.34130859375,
      "mean_cv_acc": 0.39285714285714285,
      "std_cv_acc": 0.0
    },
    {
      "param_value": 1000.0,
      "mean_cv_acc": 0.39285714285714285,
      "std_cv_acc": 0.0
    },
    {
      "param_value": 1778.2794189453125,
      "mean_cv_acc": 0.39285714285714285,
      "std_cv_acc": 0.0
    },
    {
      "param_value": 3162.277587890625,
      "mean_cv_acc": 0.39285714285714285,
      "std_cv_acc": 0.0
    },
    {
      "param_value": 5623.4130859375,
      "mean_cv_acc": 0.39285714285714285,
      "std_cv_acc": 0.0
    },
    {
      "param_value": 10000.0,
      "mean_cv_acc": 0.39285714285714285,
      "std_cv_acc": 0.0
    },
    {
      "param_value": 17782.794921875,
      "mean_cv_acc": 0.39285714285714285,
      "std_cv_acc": 0.0
    },
    {
      "param_value": 31622.77734375,
      "mean_cv_acc": 0.39285714285714285,
      "std_cv_acc": 0.0
    },
    {
      "param_value": 56234.1328125,
      "mean_cv_acc": 0.39285714285714285,
      "std_cv_acc": 0.0
    },
    {
      "param_value": 100000.0,
      "mean_cv_acc": 0.39285714285714285,
      "std_cv_acc": 0.0
    }
  ],
  "five_way": {
    "accuracy": 0.39814814814814814,
    "macro_f1": 0.3261183261183261,
    "macro_sensitivity": 0.36183574879227054,
    "macro_specificity": 0.8709909172195291,
    "per_class_sensitivity": {
      "NOR": 0.26666666666666666,
      "HCM": 0.30434782608695654,
      "ARR": 0.0,
      "CIA": 0.0,
      "FALL": 0.8,
      "LV": 0.8
    },
    "per_class_specificity": {
      "NOR": 0.7692307692307693,
      "HCM": 0.9647058823529412,
      "ARR": 0.9897959183673469,
      "CIA": 0.9285714285714286,
      "FALL": 0.9591836734693877,
      "LV": 0.6144578313253012
    },
    "confusion_matrix": [
      [
        8,
        0,
        0,
        3,
        0,
        19
      ],
      [
        12,
        7,
        0,
        0,
        0,
        4
      ],
      [
        2,
        2,
        0,
        1,
        0,
        5
      ],
      [
        3,
        0,
        0,
        0,
        3,
        4
      ],
      [
        0,
        0,
        0,
        2,
        8,
        0
      ],
      [
        1,
        1,
        1,
        1,
        1,
        20
      ]
    ],
    "classification_report": {
      "NOR": {
        "precision": 0.3076923076923077,
        "recall": 0.26666666666666666,
        "f1-score": 0.2857142857142857,
        "support": 30.0
      },
      "HCM": {
        "precision": 0.7,
        "recall": 0.30434782608695654,
        "f1-score": 0.42424242424242425,
        "support": 23.0
      },
      "ARR": {
        "precision": 0.0,
        "recall": 0.0,
        "f1-score": 0.0,
        "support": 10.0
      },
      "CIA": {
        "precision": 0.0,
        "recall": 0.0,
        "f1-score": 0.0,
        "support": 10.0
      },
      "FALL": {
        "precision": 0.6666666666666666,
        "recall": 0.8,
        "f1-score": 0.7272727272727273,
        "support": 10.0
      },
      "LV": {
        "precision": 0.38461538461538464,
        "recall": 0.8,
        "f1-score": 0.5194805194805194,
        "support": 25.0
      },
      "accuracy": 0.39814814814814814,
      "macro avg": {
        "precision": 0.3431623931623931,
        "recall": 0.36183574879227054,
        "f1-score": 0.3261183261183261,
        "support": 108.0
      },
      "weighted avg": {
        "precision": 0.3853038936372269,
        "recall": 0.39814814814814814,
        "f1-score": 0.357303190636524,
        "support": 108.0
      }
    },
    "probabilities": [
      [
        0.13586181339052616,
        0.14636177495148192,
        0.10973948742634129,
        0.255024079857039,
        0.05742833077423764,
        0.29558451360037413
      ],
      [
        0.08967651522439583,
        0.15110763620953763,
        0.12762848333155508,
        0.04795224738729734,
        0.1120411990572807,
        0.4715939187899336
      ],
      [
        0.681522098328466,
        0.141220855825541,
        0.08051920235354983,
        0.06145701706571626,
        0.008724596567945933,
        0.026556229858780988
      ],
      [
        0.5355534931604604,
        0.22792392318870092,
        0.08645790048177239,
        0.09353375966071319,
        0.023294059472414887,
        0.03323686403593819
      ],
      [
        0.5931462149056034,
        0.08488209678451221,
        0.06048505089086244,
        0.14877149984017904,
        0.08869157591419773,
        0.024023561664645258
      ],
      [
        0.4655829537420124,
        0.09378562479927331,
        0.07568818462145199,
        0.16046513272956583,
        0.03334045272253207,
        0.17113765138516443
      ],
      [
        0.48218278855626245,
        0.1243668017997527,
        0.19631389790514012,
        0.10225009779481242,
        0.023658369857891492,
        0.07122804408614097
      ],
      [
        0.36333588360360547,
        0.18885237554446432,
        0.18665494900899346,
        0.09262091761245866,
        0.028468812572052964,
        0.140067061658425
      ],
      [
        0.5942224807554168,
        0.05987614674856587,
        0.07113107183495739,
        0.19756659614269453,
        0.032605511871611786,
        0.04459819264675359
      ],
      [
        0.4210386923312331,
        0.18068428051718877,
        0.22233734851260148,
        0.0966125299306776,
        0.020953156074155755,
        0.0583739926341432
      ],
      [
        0.045128650276110675,
        0.07088038441679174,
        0.07497009200074321,
        0.052044753092586216,
        0.11280172365451721,
        0.6441743965592509
      ],
      [
        0.13985488022941536,
        0.16694196979511805,
        0.22143013983772375,
        0.08447357304669308,
        0.09476146077460375,
        0.292537976316446
      ],
      [
        0.1108234128556243,
        0.1287527693610879,
        0.10256363498125112,
        0.2104387568211238,
        0.04352423206552592,
        0.40389719391538703
      ],
      [
        0.06556865545400466,
        0.08557047648894754,
        0.07150226944013807,
        0.07339761439247902,
        0.08334364786793347,
        0.6206173363564972
      ],
      [
        0.06295779764148218,
        0.08563189252148219,
        0.07286065848540453,
        0.14704577143417608,
        0.031347550422801025,
        0.6001563294946539
      ],
      [
        0.040263133355434896,
        0.06783376842150471,
        0.05473623202196009,
        0.05968124521392758,
        0.08057408338742449,
        0.6969115375997482
      ],
      [
        0.1451957127932236,
        0.10848857561100307,
        0.09230006053587907,
        0.2018244390012459,
        0.15821641067119424,
        0.2939748013874542
      ],
      [
        0.16163383173693638,
        0.16193643427075607,
        0.11584077651645872,
        0.20570693124037764,
        0.03009700575179013,
        0.324785020483681
      ],
      [
        0.10142095525892081,
        0.07384706896532894,
        0.09786204716361453,
        0.1269792702607413,
        0.028585866861711166,
        0.5713047914896832
      ],
      [
        0.07785524478811467,
        0.03397356063454636,
        0.039733173099798264,
        0.14830899030486844,
        0.03218184470799603,
        0.6679471864646762
      ],
      [
        0.1103110268464911,
        0.09577349574709335,
        0.08317149992569908,
        0.10621743715274955,
        0.11196540681006806,
        0.4925611335178989
      ],
      [
        0.1973229622144462,
        0.0663358356025484,
        0.04625620325230372,
        0.2760023513833294,
        0.12834230000867905,
        0.2857403475386931
      ],
      [
        0.03763048984998837,
        0.08182804205144778,
        0.10298657523040154,
        0.04797002467708139,
        0.08628145812958109,
        0.6433034100614999
      ],
      [
        0.07096070117139888,
        0.045551192362973454,
        0.04718714259437403,
        0.08737013325204471,
        0.01832221368134403,
        0.7306086169378648
      ],
      [
        0.0751320499200084,
        0.08676335568643873,
        0.08064404662383969,
        0.06161304458162998,
        0.059937642892839274,
        0.635909860295244
      ],
      [
        0.12539118693870097,
        0.132341472987624,
        0.08596144183159787,
        0.24286846393714748,
        0.04631760235199325,
        0.36711983195293646
      ],
      [
        0.23694079993833653,
        0.11818331821063026,
        0.05893950720674778,
        0.324658315888065,
        0.09857536739108926,
        0.16270269136513105
      ],
      [
        0.09832340669947377,
        0.08281912445261234,
        0.09263975112584387,
        0.1273225852323578,
        0.03004340750005165,
        0.5688517249896604
      ],
      [
        0.1946218801687431,
        0.17250160214484433,
        0.10300251270626623,
        0.2628498339654794,
        0.03501953394529205,
        0.23200463706937485
      ],
      [
        0.15695433496834532,
        0.1989553311735083,
        0.11003450141909113,
        0.23257590481607246,
        0.1036633665059315,
        0.19781656111705134
      ],
      [
        0.06691509448832424,
        0.18226108910540464,
        0.0653679168061156,
        0.25786076430748694,
        0.08707971437465174,
        0.3405154209180168
      ],
      [
        0.049885564845703105,
        0.11697031234976782,
        0.09023291304205319,
        0.04867831343762982,
        0.07422893106438659,
        0.6200039652604594
      ],
      [
        0.05510776477894387,
        0.11354571232674583,
        0.08411137089330249,
        0.07139549604126981,
        0.059537973572906196,
        0.6163016823868319
      ],
      [
        0.028900017990631553,
        0.05421863249909679,
        0.0489435309401333,
        0.06662129815995525,
        0.10739318765295526,
        0.6939233327572278
      ],
      [
        0.19104480806000604,
        0.0670091920100629,
        0.09595484874366052,
        0.1846615522228154,
        0.07448701666142336,
        0.3868425823020317
      ],
      [
        0.024346185572938692,
        0.05601007925532322,
        0.050010103950805365,
        0.07545533409348279,
        0.07220212335715649,
        0.7219761737702934
      ],
      [
        0.08092098526980906,
        0.1645491020372684,
        0.11615103962732456,
        0.10007059183488733,
        0.05851144360890282,
        0.4797968376218079
      ],
      [
        0.018180603132829248,
        0.05035041449316285,
        0.03435702801785297,
        0.04640970565929455,
        0.15443293456673796,
        0.6962693141301225
      ],
      [
        0.0211597837919551,
        0.06189006194404591,
        0.024744259428019943,
        0.07335209679733394,
        0.028765722332099897,
        0.7900880757065452
      ],
      [
        0.07993423806459068,
        0.3825032484490934,
        0.13627904246369546,
        0.21559226527589406,
        0.05421258111052795,
        0.13147862463619847
      ],
      [
        0.04239265824186572,
        0.09176823883129039,
        0.07975014834595434,
        0.059776606352817174,
        0.07541861538892748,
        0.6508937328391448
      ],
      [
        0.018289653280892028,
        0.08374355713557452,
        0.06231422784010145,
        0.08546542682131668,
        0.12230630645782022,
        0.6278808284642952
      ],
      [
        0.11476745041563222,
        0.1400196807043849,
        0.10237728924455498,
        0.11810956659598622,
        0.10533579112574794,
        0.4193902219136937
      ],
      [
        0.022956756978509518,
        0.07006810906770085,
        0.0963279928942611,
        0.07269978286192101,
        0.06566342641834937,
        0.6722839317792582
      ],
      [
        0.005164963499444503,
        0.02635921827662461,
        0.012346804956047982,
        0.041423424996701416,
        0.050031686785331354,
        0.8646739014858501
      ],
      [
        0.07654872662414133,
        0.14676565045292017,
        0.16441650206703565,
        0.2526032038655292,
        0.20875717674062352,
        0.1509087402497501
      ],
      [
        0.05509753383258107,
        0.032112588279899906,
        0.051424388878597516,
        0.1669119566450181,
        0.6616969745078535,
        0.03275655785605003
      ],
      [
        0.09101820658540027,
        0.09236442717444673,
        0.09987271706427919,
        0.0982713374464214,
        0.052077111214268466,
        0.566396200515184
      ],
      [
        0.010909057103638107,
        0.042814892972047595,
        0.031551052428457495,
        0.02354241295369824,
        0.0406690040821037,
        0.8505135804600549
      ],
      [
        0.06872908198962314,
        0.06919778961028385,
        0.08024672479908564,
        0.06930593347262805,
        0.08947969766143321,
        0.6230407724669461
      ],
      [
        0.08667987156483074,
        0.1173564105591516,
        0.0868240500498089,
        0.07566211032984828,
        0.09521013422884732,
        0.5382674232675131
      ],
      [
        0.26781986178414335,
        0.08477001143103266,
        0.08299192289897506,
        0.22761489944125365,
        0.2501004865419836,
        0.0867028179026117
      ],
      [
        0.007033966000937313,
        0.021201697511775818,
        0.012551673808489577,
        0.02634120883422431,
        0.06977415746536336,
        0.8630972963792096
      ],
      [
        0.10798377584611506,
        0.17312009109156146,
        0.22190984194612065,
        0.2044455653445181,
        0.1814517829115291,
        0.11108894286015562
      ],
      [
        0.019992172042360198,
        0.03696290845653175,
        0.03165808503540356,
        0.02516929367669163,
        0.12230575190355926,
        0.7639117888854535
      ],
      [
        0.5632841029564428,
        0.16167793438308647,
        0.12504785702602347,
        0.07167546141848963,
        0.04708090918700755,
        0.031233735028949994
      ],
      [
        0.11521624842171037,
        0.1532240339255047,
        0.11551875842003412,
        0.1180870468916161,
        0.24460803296724923,
        0.2533458793738854
      ],
      [
        0.3531019805598965,
        0.26368791269923525,
        0.18642008354837386,
        0.09607973197993532,
        0.060567741148563115,
        0.04014255006399585
      ],
      [
        0.14785641997769086,
        0.44220618835135916,
        0.13338862825443457,
        0.12578000483828888,
        0.04829029891195037,
        0.10247845966627606
      ],
      [
        0.5099195170066633,
        0.24118128742673678,
        0.14753954303500766,
        0.054338148244808086,
        0.023763709837373755,
        0.023257794449410524
      ],
      [
        0.5859857452106281,
        0.18282622989078806,
        0.07475726626421891,
        0.1027122311583186,
        0.03514901177215859,
        0.018569515703887783
      ],
      [
        0.048557087873232645,
        0.1308981133644287,
        0.05723685669138336,
        0.09112304488121854,
        0.04491520541002986,
        0.6272696917797069
      ],
      [
        0.34550302540120115,
        0.2969449167899018,
        0.2000876178854109,
        0.07000510519328264,
        0.056868109202885035,
        0.03059122552731849
      ],
      [
        0.4631978927964197,
        0.2649460139251394,
        0.0921540728310202,
        0.08328552684541778,
        0.08303755308730221,
        0.013378940514700781
      ],
      [
        0.0604080324227493,
        0.3398624863798754,
        0.1272274163472389,
        0.25102757520320057,
        0.051316694003851936,
        0.170157795643084
      ],
      [
        0.09065301936664844,
        0.26726064317538156,
        0.10542790088968997,
        0.10601536415162723,
        0.03209759516411572,
        0.39854547725253725
      ],
      [
        0.29607429036140503,
        0.28336951008468436,
        0.262117401427721,
        0.06587416340196865,
        0.05881964705706624,
        0.03374498766715474
      ],
      [
        0.4386877345460035,
        0.16350822676223406,
        0.15528002454713705,
        0.1045988359923691,
        0.09320664212006162,
        0.04471853603219457
      ],
      [
        0.03422162081083311,
        0.20222167864688,
        0.04169809465584244,
        0.07870921888839115,
        0.08789295921532825,
        0.555256427782725
      ],
      [
        0.34694651851509867,
        0.37224818020858536,
        0.15165378262380658,
        0.07980333183921329,
        0.03602365005575879,
        0.013324536757537217
      ],
      [
        0.21300242240678355,
        0.39441882014384716,
        0.21488584759061063,
        0.08008721406507524,
        0.0625515555090641,
        0.03505414028461911
      ],
      [
        0.48139708413157967,
        0.25311309463760623,
        0.1325874472080298,
        0.0680153001236715,
        0.046308711470361905,
        0.018578362428751067
      ],
      [
        0.43701063626832976,
        0.3196412431235672,
        0.12512684987014952,
        0.06401291615243249,
        0.033505689147494244,
        0.02070266543802676
      ],
      [
        0.2413281860037903,
        0.3033951028533174,
        0.1975946016976897,
        0.12605315666773184,
        0.06817114644617095,
        0.06345780633129984
      ],
      [
        0.44955605226283674,
        0.3155307772795534,
        0.1294730681143172,
        0.04801197099901827,
        0.039268330023983194,
        0.01815980132029098
      ],
      [
        0.16582919301985402,
        0.24735904798202368,
        0.10752174856639202,
        0.17974810061270802,
        0.07485410366496244,
        0.2246878061540599
      ],
      [
        0.3248031089301311,
        0.36429934035164846,
        0.20299759412053725,
        0.052845414597047204,
        0.027948519386502876,
        0.027106022614133203
      ],
      [
        0.4165809997530375,
        0.26339476739023826,
        0.15295096077577072,
        0.07938184157531208,
        0.06471894000161073,
        0.02297249050403073
      ],
      [
        0.0765075333626102,
        0.055462381339998715,
        0.06793871767694955,
        0.15500260797093068,
        0.0677909111664692,
        0.5772978484830417
      ],
      [
        0.28519879374005236,
        0.09846388814946372,
        0.18584853426299952,
        0.23648785868621977,
        0.12317163437861078,
        0.07082929078265375
      ],
      [
        0.0727178823789657,
        0.2806787816683809,
        0.0802263495307913,
        0.2600822803637176,
        0.03317424060028115,
        0.2731204654578634
      ],
      [
        0.16685195644523723,
        0.0799056572267449,
        0.03604922071127693,
        0.3864215526568108,
        0.053392202616826985,
        0.2773794103431032
      ],
      [
        0.08700866231900674,
        0.09472509246248043,
        0.05651756040612497,
        0.17276211851904935,
        0.04012876116074869,
        0.5488578051325897
      ],
      [
        0.02368128455385412,
        0.026981983329269967,
        0.018743552072664746,
        0.11207870695907513,
        0.041299893321576395,
        0.7772145797635597
      ],
      [
        0.16978726852977388,
        0.2800135181762925,
        0.14460937417231606,
        0.168835177244934,
        0.03353749178312504,
        0.20321717009355852
      ],
      [
        0.007202461311185512,
        0.027408568928248566,
        0.02101480811563757,
        0.027713086901817507,
        0.0532597149408483,
        0.8634013598022625
      ],
      [
        0.3541987566170259,
        0.18493712683388439,
        0.20163694910231722,
        0.14074926405075283,
        0.08877239142533452,
        0.02970551197068531
      ],
      [
        0.0319819853521238,
        0.11073756796942864,
        0.06450103372023726,
        0.08147948610125468,
        0.048748821136944016,
        0.6625511057200115
      ],
      [
        0.0857500007586274,
        0.04300576665877835,
        0.04176604776668601,
        0.16698590407201344,
        0.6312075186509875,
        0.03128476209290729
      ],
      [
        0.21599697070595913,
        0.11673013790980588,
        0.09211564080772382,
        0.151508847910788,
        0.3833262504135112,
        0.04032215225221194
      ],
      [
        0.09000361314594488,
        0.05173756731037873,
        0.06936765802433445,
        0.16658944871874376,
        0.5568039160166202,
        0.06549779678397805
      ],
      [
        0.12248888470941437,
        0.049308628811733764,
        0.0333084821314003,
        0.3911554648310421,
        0.2897098543124068,
        0.11402868520400279
      ],
      [
        0.13109240074478531,
        0.19515070924772557,
        0.21327547196754582,
        0.14422018868911807,
        0.22010839305875737,
        0.09615283629206775
      ],
      [
        0.07074387966085156,
        0.12146719477496101,
        0.16725032302688403,
        0.12038067136556366,
        0.44214656189848783,
        0.07801136927325182
      ],
      [
        0.09851439428411116,
        0.08442782732134803,
        0.11272257918930419,
        0.17744694643682113,
        0.44789678755431694,
        0.07899146521409875
      ],
      [
        0.1883102835640477,
        0.16800483493297308,
        0.15033379890404602,
        0.14940290323486988,
        0.2871872377600724,
        0.05676094160399105
      ],
      [
        0.11332940105543382,
        0.20958471846427498,
        0.16181906695534579,
        0.18556155179080586,
        0.277379850009253,
        0.05232541172488649
      ],
      [
        0.09852045254491386,
        0.09683688068538902,
        0.0716897586465864,
        0.33584140997711626,
        0.28790348217149675,
        0.10920801597449781
      ],
      [
        0.03447879662600454,
        0.18116027214597616,
        0.09638223779549956,
        0.17385583203648436,
        0.08884901589671734,
        0.425273845499318
      ],
      [
        0.6259857757381141,
        0.14171334685076506,
        0.09212963242856693,
        0.08413205642039477,
        0.02758683797620109,
        0.028452350585957884
      ],
      [
        0.6451169219160436,
        0.03522657979606309,
        0.01654893911322663,
        0.1823903029519439,
        0.024341441752856314,
        0.0963758144698665
      ],
      [
        0.37724805943841955,
        0.12580803599398435,
        0.060345864785276884,
        0.2331907453506492,
        0.18148506816561527,
        0.02192222626605478
      ],
      [
        0.0896907807917452,
        0.07138664008172542,
        0.05195133343601799,
        0.18102962770673292,
        0.13208840077271888,
        0.4738532172110597
      ],
      [
        0.10865571298538101,
        0.09547023544479752,
        0.1394796890560207,
        0.203562200076019,
        0.353308341859978,
        0.09952382057780373
      ],
      [
        0.09732817112976912,
        0.08844017759962448,
        0.08982794754622717,
        0.150707614423973,
        0.11867040849709488,
        0.45502568080331146
      ],
      [
        0.06621428290295776,
        0.061397046449267294,
        0.07052999633983945,
        0.20097513625464095,
        0.19770985236162367,
        0.40317368569167084
      ],
      [
        0.13875407142070628,
        0.09663284238270402,
        0.1450459948898809,
        0.1674223960355837,
        0.36649695498668905,
        0.08564774028443611
      ],
      [
        0.1388569821608494,
        0.03019087866476593,
        0.03314340169017784,
        0.22717198344758646,
        0.48788375142903095,
        0.08275300260758937
      ]
    ],
    "predictions": [
      5,
      5,
      0,
      0,
      0,
      0,
      0,
      0,
      0,
      0,
      5,
      5,
      5,
      5,
      5,
      5,
      5,
      5,
      5,
      5,
      5,
      5,
      5,
      5,
      5,
      5,
      3,
      5,
      3,
      3,
      5,
      5,
      5,
      5,
      5,
      5,
      5,
      5,
      5,
      1,
      5,
      5,
      5,
      5,
      5,
      3,
      4,
      5,
      5,
      5,
      5,
      0,
      5,
      2,
      5,
      0,
      5,
      0,
      1,
      0,
      0,
      5,
      0,
      0,
      1,
      5,
      0,
      0,
      5,
      1,
      1,
      0,
      0,
      1,
      0,
      1,
      1,
      0,
      5,
      0,
      1,
      3,
      5,
      5,
      1,
      5,
      0,
      5,
      4,
      4,
      4,
      3,
      4,
      4,
      4,
      4,
      4,
      3,
      5,
      0,
      0,
      0,
      5,
      4,
      5,
      5,
      4,
      4
    ],
    "true_labels": [
      0,
      0,
      0,
      0,
      0,
      0,
      0,
      0,
      0,
      0,
      0,
      0,
      0,
      0,
      0,
      0,
      0,
      0,
      0,
      0,
      0,
      0,
      0,
      0,
      0,
      0,
      0,
      0,
      0,
      0,
      5,
      5,
      5,
      5,
      5,
      5,
      5,
      5,
      5,
      5,
      5,
      5,
      5,
      5,
      5,
      5,
      5,
      5,
      5,
      5,
      5,
      5,
      5,
      5,
      5,
      1,
      1,
      1,
      1,
      1,
      1,
      1,
      1,
      1,
      1,
      1,
      1,
      1,
      1,
      1,
      1,
      1,
      1,
      1,
      1,
      1,
      1,
      1,
      2,
      2,
      2,
      2,
      2,
      2,
      2,
      2,
      2,
      2,
      4,
      4,
      4,
      4,
      4,
      4,
      4,
      4,
      4,
      4,
      3,
      3,
      3,
      3,
      3,
      3,
      3,
      3,
      3,
      3
    ],
    "patient_ids": [
      "201",
      "202",
      "203",
      "204",
      "205",
      "206",
      "207",
      "208",
      "209",
      "210",
      "211",
      "212",
      "213",
      "214",
      "215",
      "216",
      "217",
      "218",
      "219",
      "220",
      "221",
      "222",
      "223",
      "224",
      "225",
      "226",
      "227",
      "228",
      "229",
      "230",
      "231",
      "232",
      "233",
      "234",
      "235",
      "236",
      "237",
      "238",
      "239",
      "240",
      "241",
      "242",
      "243",
      "244",
      "245",
      "246",
      "247",
      "248",
      "249",
      "250",
      "251",
      "252",
      "253",
      "254",
      "255",
      "256",
      "257",
      "258",
      "259",
      "260",
      "261",
      "262",
      "264",
      "265",
      "266",
      "267",
      "269",
      "270",
      "271",
      "272",
      "273",
      "274",
      "275",
      "276",
      "277",
      "278",
      "279",
      "280",
      "281",
      "282",
      "283",
      "284",
      "285",
      "286",
      "287",
      "288",
      "289",
      "290",
      "291",
      "292",
      "293",
      "294",
      "295",
      "296",
      "297",
      "298",
      "299",
      "300",
      "301",
      "302",
      "303",
      "304",
      "305",
      "306",
      "307",
      "308",
      "309",
      "310"
    ]
  },
  "roc_auc": {
    "macro_auc": 0.7356874366962582,
    "per_class_auc": {
      "NOR": 0.5995726495726497,
      "HCM": 0.9381074168797954,
      "ARR": 0.3795918367346939,
      "CIA": 0.7346938775510203,
      "FALL": 0.9693877551020409,
      "LV": 0.7927710843373494
    }
  },
  "binary": {
    "accuracy": 0.7129629629629629,
    "f1": 0.8248587570621468,
    "sensitivity": 0.9358974358974359,
    "specificity": 0.13333333333333333,
    "roc_auc": 0.5995726495726496,
    "binary_labels": [
      0,
      0,
      0,
      0,
      0,
      0,
      0,
      0,
      0,
      0,
      0,
      0,
      0,
      0,
      0,
      0,
      0,
      0,
      0,
      0,
      0,
      0,
      0,
      0,
      0,
      0,
      0,
      0,
      0,
      0,
      1,
      1,
      1,
      1,
      1,
      1,
      1,
      1,
      1,
      1,
      1,
      1,
      1,
      1,
      1,
      1,
      1,
      1,
      1,
      1,
      1,
      1,
      1,
      1,
      1,
      1,
      1,
      1,
      1,
      1,
      1,
      1,
      1,
      1,
      1,
      1,
      1,
      1,
      1,
      1,
      1,
      1,
      1,
      1,
      1,
      1,
      1,
      1,
      1,
      1,
      1,
      1,
      1,
      1,
      1,
      1,
      1,
      1,
      1,
      1,
      1,
      1,
      1,
      1,
      1,
      1,
      1,
      1,
      1,
      1,
      1,
      1,
      1,
      1,
      1,
      1,
      1,
      1
    ],
    "binary_probs": [
      0.8641381866094738,
      0.9103234847756042,
      0.318477901671534,
      0.4644465068395396,
      0.4068537850943966,
      0.5344170462579876,
      0.5178172114437376,
      0.6366641163963945,
      0.40577751924458316,
      0.578961307668767,
      0.9548713497238893,
      0.8601451197705846,
      0.8891765871443758,
      0.9344313445459953,
      0.9370422023585179,
      0.9597368666445651,
      0.8548042872067764,
      0.8383661682630636,
      0.8985790447410792,
      0.9221447552118853,
      0.8896889731535089,
      0.8026770377855538,
      0.9623695101500116,
      0.9290392988286011,
      0.9248679500799916,
      0.874608813061299,
      0.7630592000616635,
      0.9016765933005262,
      0.8053781198312568,
      0.8430456650316547,
      0.9330849055116758,
      0.9501144351542969,
      0.9448922352210561,
      0.9710999820093684,
      0.808955191939994,
      0.9756538144270613,
      0.9190790147301909,
      0.9818193968671708,
      0.978840216208045,
      0.9200657619354093,
      0.9576073417581343,
      0.981710346719108,
      0.8852325495843678,
      0.9770432430214905,
      0.9948350365005555,
      0.9234512733758586,
      0.9449024661674189,
      0.9089817934145997,
      0.9890909428963619,
      0.9312709180103769,
      0.9133201284351693,
      0.7321801382158566,
      0.9929660339990627,
      0.8920162241538849,
      0.9800078279576399,
      0.4367158970435572,
      0.8847837515782896,
      0.6468980194401035,
      0.8521435800223092,
      0.49008048299333673,
      0.4140142547893719,
      0.9514429121267673,
      0.6544969745987989,
      0.5368021072035802,
      0.9395919675772507,
      0.9093469806333516,
      0.7039257096385949,
      0.5613122654539965,
      0.9657783791891669,
      0.6530534814849014,
      0.7869975775932164,
      0.5186029158684203,
      0.5629893637316703,
      0.7586718139962096,
      0.5504439477371632,
      0.834170806980146,
      0.6751968910698689,
      0.5834190002469626,
      0.9234924666373898,
      0.7148012062599476,
      0.9272821176210343,
      0.8331480435547628,
      0.9129913376809933,
      0.9763187154461459,
      0.8302127314702261,
      0.9927975386888145,
      0.6458012433829741,
      0.9680180146478762,
      0.9142499992413726,
      0.7840030292940409,
      0.9099963868540552,
      0.8775111152905857,
      0.8689075992552147,
      0.9292561203391484,
      0.9014856057158889,
      0.8116897164359523,
      0.8866705989445662,
      0.9014795474550862,
      0.9655212033739955,
      0.3740142242618859,
      0.35488307808395636,
      0.6227519405615805,
      0.9103092192082548,
      0.891344287014619,
      0.9026718288702309,
      0.9337857170970423,
      0.8612459285792937,
      0.8611430178391506
    ]
  }
}