{
  "config": {
    "dataset": "acdc",
    "backbone": "dinov3",
    "model_name": "dinov3_vits16",
    "eval_mode": "logreg",
    "pooling": "gap",
    "embed_dim": 384,
    "best_hyperparam": 1.778279423713684,
    "hyperparam_name": "C",
    "num_classes": 5,
    "class_names": [
      "NOR",
      "DCM",
      "HCM",
      "MINF",
      "RV"
    ]
  },
  "sweep_results": [
    {
      "param_value": 9.999999974752427e-07,
      "mean_cv_acc": 0.39,
      "std_cv_acc": 0.08306623862918075
    },
    {
      "param_value": 1.7782793975129607e-06,
      "mean_cv_acc": 0.39,
      "std_cv_acc": 0.08306623862918075
    },
    {
      "param_value": 3.1622776077711023e-06,
      "mean_cv_acc": 0.39,
      "std_cv_acc": 0.08306623862918075
    },
    {
      "param_value": 5.6234130170196295e-06,
      "mean_cv_acc": 0.39,
      "std_cv_acc": 0.08306623862918075
    },
    {
      "param_value": 9.999999747378752e-06,
      "mean_cv_acc": 0.39,
      "std_cv_acc": 0.08306623862918075
    },
    {
      "param_value": 1.778279329300858e-05,
      "mean_cv_acc": 0.37999999999999995,
      "std_cv_acc": 0.08717797887081347
    },
    {
      "param_value": 3.162277789670043e-05,
      "mean_cv_acc": 0.37,
      "std_cv_acc": 0.09
    },
    {
      "param_value": 5.62341338081751e-05,
      "mean_cv_acc": 0.37,
      "std_cv_acc": 0.09
    },
    {
      "param_value": 9.999999747378752e-05,
      "mean_cv_acc": 0.38999999999999996,
      "std_cv_acc": 0.08306623862918075
    },
    {
      "param_value": 0.00017782794020604342,
      "mean_cv_acc": 0.41,
      "std_cv_acc": 0.10440306508910549
    },
    {
      "param_value": 0.0003162277571391314,
      "mean_cv_acc": 0.42000000000000004,
      "std_cv_acc": 0.13999999999999999
    },
    {
      "param_value": 0.000562341301701963,
      "mean_cv_acc": 0.47000000000000003,
      "std_cv_acc": 0.1268857754044952
    },
    {
      "param_value": 0.0010000000474974513,
      "mean_cv_acc": 0.51,
      "std_cv_acc": 0.10440306508910549
    },
    {
      "param_value": 0.0017782794311642647,
      "mean_cv_acc": 0.52,
      "std_cv_acc": 0.11661903789690602
    },
    {
      "param_value": 0.003162277629598975,
      "mean_cv_acc": 0.52,
      "std_cv_acc": 0.16
    },
    {
      "param_value": 0.005623413249850273,
      "mean_cv_acc": 0.49000000000000005,
      "std_cv_acc": 0.14456832294800961
    },
    {
      "param_value": 0.009999999776482582,
      "mean_cv_acc": 0.5,
      "std_cv_acc": 0.14832396974191325
    },
    {
      "param_value": 0.017782794311642647,
      "mean_cv_acc": 0.53,
      "std_cv_acc": 0.14866068747318506
    },
    {
      "param_value": 0.03162277489900589,
      "mean_cv_acc": 0.51,
      "std_cv_acc": 0.157797338380595
    },
    {
      "param_value": 0.05623413249850273,
      "mean_cv_acc": 0.51,
      "std_cv_acc": 0.16401219466856726
    },
    {
      "param_value": 0.10000000149011612,
      "mean_cv_acc": 0.51,
      "std_cv_acc": 0.16401219466856726
    },
    {
      "param_value": 0.17782793939113617,
      "mean_cv_acc": 0.51,
      "std_cv_acc": 0.16401219466856726
    },
    {
      "param_value": 0.3162277638912201,
      "mean_cv_acc": 0.51,
      "std_cv_acc": 0.16401219466856726
    },
    {
      "param_value": 0.5623413324356079,
      "mean_cv_acc": 0.53,
      "std_cv_acc": 0.16155494421403513
    },
    {
      "param_value": 1.0,
      "mean_cv_acc": 0.53,
      "std_cv_acc": 0.16155494421403513
    },
    {
      "param_value": 1.778279423713684,
      "mean_cv_acc": 0.55,
      "std_cv_acc": 0.18574175621006708
    },
    {
      "param_value": 3.1622776985168457,
      "mean_cv_acc": 0.55,
      "std_cv_acc": 0.18574175621006708
    },
    {
      "param_value": 5.6234130859375,
      "mean_cv_acc": 0.54,
      "std_cv_acc": 0.1907878402833891
    },
    {
      "param_value": 10.0,
      "mean_cv_acc": 0.54,
      "std_cv_acc": 0.1907878402833891
    },
    {
      "param_value": 17.782794952392578,
      "mean_cv_acc": 0.54,
      "std_cv_acc": 0.1907878402833891
    },
    {
      "param_value": 31.62277603149414,
      "mean_cv_acc": 0.54,
      "std_cv_acc": 0.1907878402833891
    },
    {
      "param_value": 56.234130859375,
      "mean_cv_acc": 0.54,
      "std_cv_acc": 0.1907878402833891
    },
    {
      "param_value": 100.0,
      "mean_cv_acc": 0.54,
      "std_cv_acc": 0.1907878402833891
    },
    {
      "param_value": 177.82794189453125,
      "mean_cv_acc": 0.54,
      "std_cv_acc": 0.1907878402833891
    },
    {
      "param_value": 316.2277526855469,
      "mean_cv_acc": 0.55,
      "std_cv_acc": 0.20124611797498107
    },
    {
      "param_value": 562.34130859375,
      "mean_cv_acc": 0.55,
      "std_cv_acc": 0.20124611797498107
    },
    {
      "param_value": 1000.0,
      "mean_cv_acc": 0.55,
      "std_cv_acc": 0.20124611797498107
    },
    {
      "param_value": 1778.2794189453125,
      "mean_cv_acc": 0.54,
      "std_cv_acc": 0.1854723699099141
    },
    {
      "param_value": 3162.277587890625,
      "mean_cv_acc": 0.54,
      "std_cv_acc": 0.1854723699099141
    },
    {
      "param_value": 5623.4130859375,
      "mean_cv_acc": 0.54,
      "std_cv_acc": 0.1854723699099141
    },
    {
      "param_value": 10000.0,
      "mean_cv_acc": 0.54,
      "std_cv_acc": 0.1854723699099141
    },
    {
      "param_value": 17782.794921875,
      "mean_cv_acc": 0.54,
      "std_cv_acc": 0.1854723699099141
    },
    {
      "param_value": 31622.77734375,
      "mean_cv_acc": 0.53,
      "std_cv_acc": 0.1734935157289747
    },
    {
      "param_value": 56234.1328125,
      "mean_cv_acc": 0.53,
      "std_cv_acc": 0.1734935157289747
    },
    {
      "param_value": 100000.0,
      "mean_cv_acc": 0.53,
      "std_cv_acc": 0.1734935157289747
    }
  ],
  "five_way": {
    "accuracy": 0.48,
    "macro_f1": 0.476,
    "macro_sensitivity": 0.48,
    "macro_specificity": 0.8699999999999999,
    "per_class_sensitivity": {
      "NOR": 0.4,
      "DCM": 0.5,
      "HCM": 0.3,
      "MINF": 0.6,
      "RV": 0.6
    },
    "per_class_specificity": {
      "NOR": 0.85,
      "DCM": 0.875,
      "HCM": 0.95,
      "MINF": 0.775,
      "RV": 0.9
    },
    "confusion_matrix": [
      [
        4,
        1,
        1,
        2,
        2
      ],
      [
        0,
        5,
        0,
        4,
        1
      ],
      [
        3,
        1,
        3,
        3,
        0
      ],
      [
        0,
        2,
        1,
        6,
        1
      ],
      [
        3,
        1,
        0,
        0,
        6
      ]
    ],
    "classification_report": {
      "NOR": {
        "precision": 0.4,
        "recall": 0.4,
        "f1-score": 0.4,
        "support": 10.0
      },
      "DCM": {
        "precision": 0.5,
        "recall": 0.5,
        "f1-score": 0.5,
        "support": 10.0
      },
      "HCM": {
        "precision": 0.6,
        "recall": 0.3,
        "f1-score": 0.4,
        "support": 10.0
      },
      "MINF": {
        "precision": 0.4,
        "recall": 0.6,
        "f1-score": 0.48,
        "support": 10.0
      },
      "RV": {
        "precision": 0.6,
        "recall": 0.6,
        "f1-score": 0.6,
        "support": 10.0
      },
      "accuracy": 0.48,
      "macro avg": {
        "precision": 0.5,
        "recall": 0.48,
        "f1-score": 0.476,
        "support": 50.0
      },
      "weighted avg": {
        "precision": 0.5,
        "recall": 0.48,
        "f1-score": 0.47600000000000003,
        "support": 50.0
      }
    },
    "probabilities": [
      [
        0.028746045077608355,
        0.12818851620601723,
        0.0017951340610719013,
        0.8408084879401928,
        0.0004618167151095876
      ],
      [
        0.028064018403231583,
        0.06517562325402901,
        0.7562712835843689,
        0.0025064790252822965,
        0.14798259573308825
      ],
      [
        0.006197007835714522,
        0.034196132431913606,
        0.011228640352232802,
        0.9482821719016693,
        9.604747846979582e-05
      ],
      [
        0.3730481211852061,
        0.01768431048954326,
        0.49410928808706883,
        0.018280986743367852,
        0.0968772934948139
      ],
      [
        0.2303000724098119,
        0.06242482563455776,
        0.6860662880890653,
        0.005262866176576325,
        0.015945947689988742
      ],
      [
        0.03303395361067298,
        0.0869434562449482,
        0.0005024583125510725,
        0.009991846959192552,
        0.8695282848726352
      ],
      [
        0.04471638839505966,
        0.00189325938279022,
        0.0007253648377098526,
        0.8623802726915973,
        0.09028471469284292
      ],
      [
        0.04319165187768485,
        0.1989199852236181,
        0.17621709686944229,
        0.5622161872640855,
        0.01945507876516922
      ],
      [
        0.9998315920981165,
        8.035763136248274e-05,
        1.5063146755472713e-05,
        6.460360702475313e-05,
        8.383516740846909e-06
      ],
      [
        0.7548905516620278,
        0.004214570874988223,
        0.0001032095199992276,
        0.021740084153653163,
        0.21905158378933148
      ],
      [
        0.9667325345891089,
        0.0006303405035122499,
        0.0011395226890618035,
        0.03148940048381292,
        8.201734504177215e-06
      ],
      [
        0.015233971447731191,
        0.011434810870654384,
        0.00017508062407279326,
        0.9695624142222791,
        0.0035937228352627246
      ],
      [
        0.0021176609990176147,
        0.21740133798383973,
        0.00024007749558693572,
        0.7794566162747926,
        0.0007843072467631259
      ],
      [
        0.06296942669644143,
        0.05236115968178831,
        0.07286134390746309,
        0.7651605556929723,
        0.04664751402133498
      ],
      [
        0.07042283187334773,
        0.1444102783905918,
        0.003893511609962558,
        0.23525125896972784,
        0.54602211915637
      ],
      [
        0.0024063331962207767,
        0.0393328182480322,
        0.645779156811981,
        0.2888724300525663,
        0.02360926169119981
      ],
      [
        0.00013113088920975563,
        0.0019793622116805825,
        1.0360928772155712e-07,
        0.9978479720473529,
        4.143124246922177e-05
      ],
      [
        0.0004450344286492897,
        0.002462062721247804,
        0.0011992496422254277,
        0.995235640398472,
        0.0006580128094053565
      ],
      [
        0.0001946151347689214,
        0.008737158004173415,
        0.0007947759634176912,
        6.05784062143201e-06,
        0.9902673930570185
      ],
      [
        0.24082501828384764,
        0.0006725501271766267,
        0.27749620759178306,
        0.3246196632307257,
        0.156386560766467
      ],
      [
        0.835186847955745,
        6.398966577075275e-05,
        0.0001262526552094756,
        0.12481637506608971,
        0.03980653465718514
      ],
      [
        4.74946348739469e-05,
        0.96796681109012,
        0.0004116874815968901,
        0.02730807691901313,
        0.004265929874396198
      ],
      [
        0.3552731499662884,
        9.85313783160097e-05,
        0.0013534261836137885,
        0.6412197938946168,
        0.0020550985771649968
      ],
      [
        0.6075522707308237,
        0.0004799654367818456,
        0.021978320511320405,
        0.082581937883967,
        0.2874075054371069
      ],
      [
        0.2728103993340459,
        0.0017747921664481082,
        0.017689042037648563,
        0.10991439498809943,
        0.5978113714737581
      ],
      [
        7.2506144492099065e-06,
        0.00044366507674409734,
        0.0002879739040907818,
        0.017718121868357438,
        0.9815429885363585
      ],
      [
        0.0007063905365944996,
        0.01120165545980056,
        0.01116441168619662,
        0.0004567741508640897,
        0.9764707681665442
      ],
      [
        0.9419711674338465,
        0.0014709118189530296,
        0.02663341096602429,
        0.007627253505200386,
        0.022297256275975928
      ],
      [
        5.043097276872798e-07,
        7.5042558507642135e-06,
        2.9250040993656668e-06,
        5.089624532502226e-06,
        0.9999839768057897
      ],
      [
        0.6767081680173335,
        0.005282688796041934,
        0.00019628144751844946,
        0.17993765943944134,
        0.13787520229966488
      ],
      [
        0.02916927547461867,
        0.9302844815956619,
        7.632879525239623e-05,
        0.017525743623951838,
        0.02294417051051514
      ],
      [
        0.33844339154596265,
        0.4396593442703819,
        0.05044346062904336,
        0.1601449678386775,
        0.011308835715934697
      ],
      [
        0.12394701233901567,
        0.8367960411129536,
        1.5398413242103487e-05,
        0.03466814629312178,
        0.004573401841666978
      ],
      [
        0.7785702209336118,
        0.016251470943554728,
        0.1951066309154234,
        0.0018433171104532981,
        0.008228360096956771
      ],
      [
        0.0024004021299900173,
        0.30299813246883617,
        0.0002340291097842098,
        0.6866922747175991,
        0.0076751615737906875
      ],
      [
        0.0068174960213418625,
        0.3601894998058851,
        0.001033867153936724,
        0.6305007546575274,
        0.0014583823613089212
      ],
      [
        0.016302610940339392,
        0.5240630638922583,
        0.007271139912012776,
        0.1750785029147602,
        0.27728468234062925
      ],
      [
        0.019074569926766878,
        0.0010934963206083435,
        0.141539774499532,
        0.8382636736806077,
        2.848557248504888e-05
      ],
      [
        0.06848441870291873,
        0.5051783894334938,
        0.032151268267007205,
        0.03281086153189541,
        0.3613750620646849
      ],
      [
        9.050183396535873e-06,
        0.07623257763048792,
        0.0001857049083174519,
        0.00016809213492333523,
        0.9234045751428747
      ],
      [
        2.7479613185662713e-05,
        0.5407431058123631,
        9.306871119118858e-05,
        0.0011539613365444533,
        0.4579823845267157
      ],
      [
        0.8930589209499138,
        0.0033855617945191597,
        0.0965122730019791,
        0.006523326847766632,
        0.0005199174058213209
      ],
      [
        0.00014056980507502433,
        8.563582716198213e-05,
        4.166943617320455e-05,
        0.9986985948541237,
        0.001033530077466133
      ],
      [
        0.9825749014638838,
        0.006928063892878396,
        0.010103977128135638,
        5.610713474530785e-05,
        0.00033695038035670276
      ],
      [
        0.009643169484773088,
        0.006218845226177528,
        0.5412631837948594,
        0.20635448899051861,
        0.23652031250367134
      ],
      [
        0.00039073476894591687,
        0.9425159806735096,
        0.00832412688500434,
        0.01895336179767972,
        0.02981579587486049
      ],
      [
        0.00492752922576329,
        0.24076930005641775,
        1.7851327554476638e-05,
        0.012414691870459751,
        0.7418706275198048
      ],
      [
        0.007077156138680047,
        0.6884693177545149,
        0.03623077968479286,
        0.24389828080463513,
        0.024324465617377024
      ],
      [
        0.013496171041936612,
        0.9755084794502547,
        0.00047801011180916887,
        0.005306383301035448,
        0.00521095609496396
      ],
      [
        5.307147405742015e-05,
        7.545793903653703e-05,
        0.010986949887028275,
        5.458867280381461e-06,
        0.9888790618325974
      ]
    ],
    "predictions": [
      3,
      2,
      3,
      2,
      2,
      4,
      3,
      3,
      0,
      0,
      0,
      3,
      3,
      3,
      4,
      2,
      3,
      3,
      4,
      3,
      0,
      1,
      3,
      0,
      4,
      4,
      4,
      0,
      4,
      0,
      1,
      1,
      1,
      0,
      3,
      3,
      1,
      3,
      1,
      4,
      1,
      0,
      3,
      0,
      2,
      1,
      4,
      1,
      1,
      4
    ],
    "true_labels": [
      1,
      0,
      3,
      2,
      2,
      1,
      0,
      2,
      4,
      0,
      2,
      3,
      1,
      2,
      3,
      2,
      1,
      3,
      4,
      3,
      4,
      1,
      0,
      4,
      0,
      4,
      4,
      0,
      4,
      0,
      1,
      1,
      1,
      2,
      3,
      1,
      3,
      2,
      0,
      4,
      4,
      2,
      3,
      0,
      3,
      2,
      4,
      3,
      1,
      0
    ],
    "patient_ids": [
      "patient101",
      "patient102",
      "patient103",
      "patient104",
      "patient105",
      "patient106",
      "patient107",
      "patient108",
      "patient109",
      "patient110",
      "patient111",
      "patient112",
      "patient113",
      "patient114",
      "patient115",
      "patient116",
      "patient117",
      "patient118",
      "patient119",
      "patient120",
      "patient121",
      "patient122",
      "patient123",
      "patient124",
      "patient125",
      "patient126",
      "patient127",
      "patient128",
      "patient129",
      "patient130",
      "patient131",
      "patient132",
      "patient133",
      "patient134",
      "patient135",
      "patient136",
      "patient137",
      "patient138",
      "patient139",
      "patient140",
      "patient141",
      "patient142",
      "patient143",
      "patient144",
      "patient145",
      "patient146",
      "patient147",
      "patient148",
      "patient149",
      "patient150"
    ]
  },
  "roc_auc": {
    "macro_auc": 0.8280000000000001,
    "per_class_auc": {
      "NOR": 0.7375,
      "DCM": 0.8425,
      "HCM": 0.875,
      "MINF": 0.8525,
      "RV": 0.8325
    }
  },
  "binary": {
    "accuracy": 0.76,
    "f1": 0.85,
    "sensitivity": 0.85,
    "specificity": 0.4,
    "roc_auc": 0.7375,
    "binary_labels": [
      1,
      0,
      1,
      1,
      1,
      1,
      0,
      1,
      1,
      0,
      1,
      1,
      1,
      1,
      1,
      1,
      1,
      1,
      1,
      1,
      1,
      1,
      0,
      1,
      0,
      1,
      1,
      0,
      1,
      0,
      1,
      1,
      1,
      1,
      1,
      1,
      1,
      1,
      0,
      1,
      1,
      1,
      1,
      0,
      1,
      1,
      1,
      1,
      1,
      0
    ],
    "binary_probs": [
      0.9712539549223916,
      0.9719359815967684,
      0.9938029921642855,
      0.6269518788147939,
      0.7696999275901881,
      0.966966046389327,
      0.9552836116049404,
      0.9568083481223152,
      0.00016840790188354937,
      0.2451094483379722,
      0.033267465410891095,
      0.9847660285522688,
      0.9978823390009823,
      0.9370305733035585,
      0.9295771681266523,
      0.9975936668037793,
      0.9998688691107902,
      0.9995549655713507,
      0.9998053848652311,
      0.7591749817161524,
      0.16481315204425495,
      0.999952505365126,
      0.6447268500337116,
      0.39244772926917626,
      0.7271896006659542,
      0.9999927493855508,
      0.9992936094634055,
      0.05802883256615354,
      0.9999994956902724,
      0.32329183198266653,
      0.9708307245253813,
      0.6615566084540374,
      0.8760529876609844,
      0.22142977906638817,
      0.99759959787001,
      0.9931825039786581,
      0.9836973890596606,
      0.9809254300732331,
      0.9315155812970812,
      0.9999909498166034,
      0.9999725203868144,
      0.10694107905008621,
      0.999859430194925,
      0.01742509853611618,
      0.9903568305152269,
      0.9996092652310541,
      0.9950724707742367,
      0.9929228438613199,
      0.9865038289580634,
      0.9999469285259426
    ]
  }
}