{
  "config": {
    "dataset": "mnm",
    "backbone": "cinema",
    "model_name": "cinema_pretrained",
    "eval_mode": "logreg",
    "pooling": "cls",
    "embed_dim": 768,
    "best_hyperparam": 9.999999747378752e-05,
    "hyperparam_name": "C",
    "num_classes": 5,
    "class_names": [
      "NOR",
      "DCM",
      "HCM",
      "ARV",
      "HHD"
    ]
  },
  "sweep_results": [
    {
      "param_value": 9.999999974752427e-07,
      "mean_cv_acc": 0.25806451612903225,
      "std_cv_acc": 0.0
    },
    {
      "param_value": 1.7782793975129607e-06,
      "mean_cv_acc": 0.25806451612903225,
      "std_cv_acc": 0.0
    },
    {
      "param_value": 3.1622776077711023e-06,
      "mean_cv_acc": 0.25806451612903225,
      "std_cv_acc": 0.0
    },
    {
      "param_value": 5.6234130170196295e-06,
      "mean_cv_acc": 0.25806451612903225,
      "std_cv_acc": 0.0
    },
    {
      "param_value": 9.999999747378752e-06,
      "mean_cv_acc": 0.3548387096774194,
      "std_cv_acc": 0.0
    },
    {
      "param_value": 1.778279329300858e-05,
      "mean_cv_acc": 0.41935483870967744,
      "std_cv_acc": 0.0
    },
    {
      "param_value": 3.162277789670043e-05,
      "mean_cv_acc": 0.41935483870967744,
      "std_cv_acc": 0.0
    },
    {
      "param_value": 5.62341338081751e-05,
      "mean_cv_acc": 0.41935483870967744,
      "std_cv_acc": 0.0
    },
    {
      "param_value": 9.999999747378752e-05,
      "mean_cv_acc": 0.4838709677419355,
      "std_cv_acc": 0.0
    },
    {
      "param_value": 0.00017782794020604342,
      "mean_cv_acc": 0.45161290322580644,
      "std_cv_acc": 0.0
    },
    {
      "param_value": 0.0003162277571391314,
      "mean_cv_acc": 0.45161290322580644,
      "std_cv_acc": 0.0
    },
    {
      "param_value": 0.000562341301701963,
      "mean_cv_acc": 0.4838709677419355,
      "std_cv_acc": 0.0
    },
    {
      "param_value": 0.0010000000474974513,
      "mean_cv_acc": 0.45161290322580644,
      "std_cv_acc": 0.0
    },
    {
      "param_value": 0.0017782794311642647,
      "mean_cv_acc": 0.4838709677419355,
      "std_cv_acc": 0.0
    },
    {
      "param_value": 0.003162277629598975,
      "mean_cv_acc": 0.4838709677419355,
      "std_cv_acc": 0.0
    },
    {
      "param_value": 0.005623413249850273,
      "mean_cv_acc": 0.4838709677419355,
      "std_cv_acc": 0.0
    },
    {
      "param_value": 0.009999999776482582,
      "mean_cv_acc": 0.4838709677419355,
      "std_cv_acc": 0.0
    },
    {
      "param_value": 0.017782794311642647,
      "mean_cv_acc": 0.45161290322580644,
      "std_cv_acc": 0.0
    },
    {
      "param_value": 0.03162277489900589,
      "mean_cv_acc": 0.45161290322580644,
      "std_cv_acc": 0.0
    },
    {
      "param_value": 0.05623413249850273,
      "mean_cv_acc": 0.4838709677419355,
      "std_cv_acc": 0.0
    },
    {
      "param_value": 0.10000000149011612,
      "mean_cv_acc": 0.4838709677419355,
      "std_cv_acc": 0.0
    },
    {
      "param_value": 0.17782793939113617,
      "mean_cv_acc": 0.4838709677419355,
      "std_cv_acc": 0.0
    },
    {
      "param_value": 0.3162277638912201,
      "mean_cv_acc": 0.4838709677419355,
      "std_cv_acc": 0.0
    },
    {
      "param_value": 0.5623413324356079,
      "mean_cv_acc": 0.4838709677419355,
      "std_cv_acc": 0.0
    },
    {
      "param_value": 1.0,
      "mean_cv_acc": 0.45161290322580644,
      "std_cv_acc": 0.0
    },
    {
      "param_value": 1.778279423713684,
      "mean_cv_acc": 0.45161290322580644,
      "std_cv_acc": 0.0
    },
    {
      "param_value": 3.1622776985168457,
      "mean_cv_acc": 0.45161290322580644,
      "std_cv_acc": 0.0
    },
    {
      "param_value": 5.6234130859375,
      "mean_cv_acc": 0.45161290322580644,
      "std_cv_acc": 0.0
    },
    {
      "param_value": 10.0,
      "mean_cv_acc": 0.45161290322580644,
      "std_cv_acc": 0.0
    },
    {
      "param_value": 17.782794952392578,
      "mean_cv_acc": 0.45161290322580644,
      "std_cv_acc": 0.0
    },
    {
      "param_value": 31.62277603149414,
      "mean_cv_acc": 0.45161290322580644,
      "std_cv_acc": 0.0
    },
    {
      "param_value": 56.234130859375,
      "mean_cv_acc": 0.45161290322580644,
      "std_cv_acc": 0.0
    },
    {
      "param_value": 100.0,
      "mean_cv_acc": 0.45161290322580644,
      "std_cv_acc": 0.0
    },
    {
      "param_value": 177.82794189453125,
      "mean_cv_acc": 0.45161290322580644,
      "std_cv_acc": 0.0
    },
    {
      "param_value": 316.2277526855469,
      "mean_cv_acc": 0.45161290322580644,
      "std_cv_acc": 0.0
    },
    {
      "param_value": 562.34130859375,
      "mean_cv_acc": 0.45161290322580644,
      "std_cv_acc": 0.0
    },
    {
      "param_value": 1000.0,
      "mean_cv_acc": 0.45161290322580644,
      "std_cv_acc": 0.0
    },
    {
      "param_value": 1778.2794189453125,
      "mean_cv_acc": 0.45161290322580644,
      "std_cv_acc": 0.0
    },
    {
      "param_value": 3162.277587890625,
      "mean_cv_acc": 0.45161290322580644,
      "std_cv_acc": 0.0
    },
    {
      "param_value": 5623.4130859375,
      "mean_cv_acc": 0.45161290322580644,
      "std_cv_acc": 0.0
    },
    {
      "param_value": 10000.0,
      "mean_cv_acc": 0.45161290322580644,
      "std_cv_acc": 0.0
    },
    {
      "param_value": 17782.794921875,
      "mean_cv_acc": 0.45161290322580644,
      "std_cv_acc": 0.0
    },
    {
      "param_value": 31622.77734375,
      "mean_cv_acc": 0.45161290322580644,
      "std_cv_acc": 0.0
    },
    {
      "param_value": 56234.1328125,
      "mean_cv_acc": 0.45161290322580644,
      "std_cv_acc": 0.0
    },
    {
      "param_value": 100000.0,
      "mean_cv_acc": 0.45161290322580644,
      "std_cv_acc": 0.0
    }
  ],
  "five_way": {
    "accuracy": 0.38095238095238093,
    "macro_f1": 0.1915714285714286,
    "macro_sensitivity": 0.2613664596273292,
    "macro_specificity": 0.8211300499105377,
    "per_class_sensitivity": {
      "NOR": 0.0,
      "DCM": 0.8285714285714286,
      "HCM": 0.4782608695652174,
      "ARV": 0.0,
      "HHD": 0.0
    },
    "per_class_specificity": {
      "NOR": 0.9864864864864865,
      "DCM": 0.3142857142857143,
      "HCM": 0.8048780487804879,
      "ARV": 1.0,
      "HHD": 1.0
    },
    "confusion_matrix": [
      [
        0,
        25,
        6,
        0,
        0
      ],
      [
        1,
        29,
        5,
        0,
        0
      ],
      [
        0,
        12,
        11,
        0,
        0
      ],
      [
        0,
        4,
        2,
        0,
        0
      ],
      [
        0,
        7,
        3,
        0,
        0
      ]
    ],
    "classification_report": {
      "NOR": {
        "precision": 0.0,
        "recall": 0.0,
        "f1-score": 0.0,
        "support": 31.0
      },
      "DCM": {
        "precision": 0.37662337662337664,
        "recall": 0.8285714285714286,
        "f1-score": 0.5178571428571429,
        "support": 35.0
      },
      "HCM": {
        "precision": 0.4074074074074074,
        "recall": 0.4782608695652174,
        "f1-score": 0.44,
        "support": 23.0
      },
      "ARV": {
        "precision": 0.0,
        "recall": 0.0,
        "f1-score": 0.0,
        "support": 6.0
      },
      "HHD": {
        "precision": 0.0,
        "recall": 0.0,
        "f1-score": 0.0,
        "support": 10.0
      },
      "accuracy": 0.38095238095238093,
      "macro avg": {
        "precision": 0.1568061568061568,
        "recall": 0.2613664596273292,
        "f1-score": 0.1915714285714286,
        "support": 105.0
      },
      "weighted avg": {
        "precision": 0.21478274811608147,
        "recall": 0.38095238095238093,
        "f1-score": 0.26899999999999996,
        "support": 105.0
      }
    },
    "probabilities": [
      [
        0.15934782276007253,
        0.6711837976601766,
        0.11922264326158384,
        0.04516316582538099,
        0.0050825704927860765
      ],
      [
        0.26733318361850994,
        0.2742465984979486,
        0.40375320857760777,
        0.04759749488153206,
        0.007069514424401826
      ],
      [
        0.20741480658162165,
        0.378924512810619,
        0.3290101362219275,
        0.07756415056899282,
        0.007086393816839112
      ],
      [
        0.2027291860733543,
        0.5786320014940274,
        0.16540605263849378,
        0.047422875398477275,
        0.005809884395647254
      ],
      [
        0.20497625882649811,
        0.5705181373273193,
        0.1644347170742428,
        0.054208121121036665,
        0.005862765650903123
      ],
      [
        0.27317631435400774,
        0.3670692428396011,
        0.3071689588141756,
        0.04551449153992403,
        0.007070992452291588
      ],
      [
        0.21386192437172988,
        0.4592630594413854,
        0.25027129825091515,
        0.06973942082283166,
        0.006864297113137968
      ],
      [
        0.25905541259056875,
        0.2508642604339548,
        0.4405295892741101,
        0.04269715811128494,
        0.006853579590081438
      ],
      [
        0.2605707645448276,
        0.44365003047746326,
        0.25004011592641456,
        0.03924453511391477,
        0.006494553937379915
      ],
      [
        0.1932883801485717,
        0.4201386682637435,
        0.3133769837202848,
        0.06633945925523399,
        0.0068565086121659975
      ],
      [
        0.2407059352390928,
        0.39913170602796594,
        0.3033145309124181,
        0.0499901299142096,
        0.006857697906313536
      ],
      [
        0.23420152678159742,
        0.28430663924315897,
        0.42320576697659884,
        0.05130837894219432,
        0.006977688056450439
      ],
      [
        0.23829044144090272,
        0.28454394865171995,
        0.4143262670622837,
        0.05594737569701245,
        0.006891967148081126
      ],
      [
        0.2456699729212635,
        0.2394541610973993,
        0.4618055506429533,
        0.04633617043061218,
        0.006734144907771764
      ],
      [
        0.2572084745892208,
        0.30837732385826827,
        0.37102474885732967,
        0.056380721999006345,
        0.007008730696174967
      ],
      [
        0.19024315814292556,
        0.5474767674333342,
        0.19849020266669884,
        0.057587251194739536,
        0.006202620562301827
      ],
      [
        0.1881553903476447,
        0.5715142581842644,
        0.17466337074211888,
        0.059543222838543686,
        0.006123757887428453
      ],
      [
        0.2712683255756041,
        0.32287366414451935,
        0.35535210199037004,
        0.04347795376224918,
        0.007027954527257333
      ],
      [
        0.1711839881046394,
        0.6190515681498213,
        0.15492114516937822,
        0.049219650377313705,
        0.005623648198847302
      ],
      [
        0.2693764465205716,
        0.29958659565429113,
        0.3680507234041771,
        0.05589447223510214,
        0.007091762185858087
      ],
      [
        0.260779327481149,
        0.3430298013980121,
        0.3309365671070674,
        0.0585249026575622,
        0.0067294013562093705
      ],
      [
        0.2869146847097773,
        0.40900431513193414,
        0.25884084020624515,
        0.03886091998023789,
        0.006379239971805674
      ],
      [
        0.2877817689975456,
        0.4444732030966322,
        0.22239643747342114,
        0.038972572302985835,
        0.006376018129415359
      ],
      [
        0.28925654873468,
        0.302400950469712,
        0.3594923982863737,
        0.041895154752473726,
        0.006954947756760662
      ],
      [
        0.32996266496006027,
        0.34106359511004,
        0.26492323470601226,
        0.05716810106359887,
        0.006882404160288612
      ],
      [
        0.3767801646883115,
        0.2994882492289026,
        0.26747039479690543,
        0.04968579816765986,
        0.006575393118220692
      ],
      [
        0.28238679672969724,
        0.395764112022187,
        0.26736735163451597,
        0.047726040770421474,
        0.0067556988431784395
      ],
      [
        0.21983379040649514,
        0.44545003454303517,
        0.2647626892245613,
        0.06317175843549463,
        0.006781727390413702
      ],
      [
        0.2514441059289803,
        0.3480756512390319,
        0.3395872124860376,
        0.053875006054046604,
        0.007018024291903468
      ],
      [
        0.1839256897510555,
        0.5842695349293567,
        0.1695885925344478,
        0.056380458588606075,
        0.005835724196533872
      ],
      [
        0.25883043452501747,
        0.3636404565017456,
        0.3203374566780183,
        0.05018610347065732,
        0.007005548824561337
      ],
      [
        0.18869793941978447,
        0.5836065054429551,
        0.1729175591086853,
        0.048947719860211326,
        0.005830276168363652
      ],
      [
        0.20625988812081802,
        0.523317040627992,
        0.20396865194723404,
        0.06004320527169468,
        0.006411214032261398
      ],
      [
        0.2649044186987793,
        0.3841506135827841,
        0.30188230251034903,
        0.04212404935279765,
        0.006938615855289822
      ],
      [
        0.23862226593833474,
        0.29147828862951625,
        0.41643754082351553,
        0.04658191202753398,
        0.006879992581099496
      ],
      [
        0.22004189146968303,
        0.4714801512204773,
        0.24640218438217854,
        0.05563508928854393,
        0.006440683639117123
      ],
      [
        0.32275449545486445,
        0.33555966566923884,
        0.29482931420685315,
        0.04019481031143216,
        0.006661714357611406
      ],
      [
        0.3396609289023637,
        0.3422585421041354,
        0.2616720681670652,
        0.049679394368128064,
        0.006729066458307683
      ],
      [
        0.19623986648286718,
        0.2466663588428162,
        0.48483021214118743,
        0.06561696797653595,
        0.0066465945565931705
      ],
      [
        0.1503556025435617,
        0.6437389233741884,
        0.15477090033727936,
        0.04570608744382165,
        0.0054284863011490915
      ],
      [
        0.26557715198456644,
        0.3894435363647999,
        0.2974882956098239,
        0.04073083307600489,
        0.006760182964804984
      ],
      [
        0.2132822456016694,
        0.2582139267155922,
        0.4577343400585816,
        0.06413894513943846,
        0.006630542484718487
      ],
      [
        0.1782531060836617,
        0.6581032151185505,
        0.11702613413709634,
        0.04147063357810276,
        0.005146911082588738
      ],
      [
        0.2491751332588221,
        0.4137661427819685,
        0.28124836226180056,
        0.04906105394808226,
        0.00674930774932663
      ],
      [
        0.29548161794306704,
        0.2863530126459115,
        0.3550408897279556,
        0.056326548651141006,
        0.0067979310319248275
      ],
      [
        0.203496710206312,
        0.5401720439153748,
        0.19627952105840046,
        0.053898422422813036,
        0.006153302397099742
      ],
      [
        0.2885117507240679,
        0.2860531632768547,
        0.37566259215461595,
        0.0428858852409734,
        0.006886608603488027
      ],
      [
        0.20252369543824406,
        0.5131178227849712,
        0.22041329253694786,
        0.05768185951159716,
        0.006263329728239678
      ],
      [
        0.2736953491510425,
        0.22200309001312385,
        0.45362792534368696,
        0.04391965942667954,
        0.0067539760654671864
      ],
      [
        0.22550748775369547,
        0.46936240787247796,
        0.24387885909501653,
        0.054715614366627155,
        0.006535630912182706
      ],
      [
        0.24922756932925308,
        0.4102841261212034,
        0.2761864017020014,
        0.057503197513420125,
        0.006798705334121889
      ],
      [
        0.3160175882511554,
        0.46508747535239875,
        0.16268181745918084,
        0.04996844937115791,
        0.006244669566107108
      ],
      [
        0.23316307089942234,
        0.433100893175597,
        0.26448202622399813,
        0.06234859335688726,
        0.0069054163440952524
      ],
      [
        0.22213708305356764,
        0.47538915969439327,
        0.24531003657903,
        0.05071119031863351,
        0.006452530354375629
      ],
      [
        0.23385384080977628,
        0.43201365361029687,
        0.2854811126125018,
        0.04199485854762518,
        0.00665653441979989
      ],
      [
        0.3115366157013391,
        0.37669935605388966,
        0.25869463737218845,
        0.04637831120066632,
        0.006691079671916602
      ],
      [
        0.24229225389017428,
        0.3740316750100246,
        0.33488027622526667,
        0.04186073985993791,
        0.006935055014596734
      ],
      [
        0.1901568221796065,
        0.4871209050700144,
        0.2534550145525334,
        0.06266281949046652,
        0.006604438707379174
      ],
      [
        0.28057972652104224,
        0.26316544179215123,
        0.4081563639967744,
        0.04117670158455963,
        0.006921766105472602
      ],
      [
        0.251528429428553,
        0.3471703624490569,
        0.32392528018046957,
        0.07028686405198346,
        0.007089063889936993
      ],
      [
        0.2428701162387558,
        0.3500959244419826,
        0.3557743077435777,
        0.04441411440555527,
        0.006845537170128589
      ],
      [
        0.204757498555206,
        0.4127975480993409,
        0.2960487626130567,
        0.07954484068221272,
        0.006851350050183714
      ],
      [
        0.3102486001684579,
        0.3194459062192945,
        0.29558221376956273,
        0.06777704233399046,
        0.006946237508694464
      ],
      [
        0.29531786820063904,
        0.4737345500237804,
        0.17966303168169906,
        0.045173412068924126,
        0.006111138024957184
      ],
      [
        0.30114176277830895,
        0.3644153995660956,
        0.28471640545387494,
        0.04303686979167414,
        0.0066895624100462995
      ],
      [
        0.27791128494853096,
        0.4972286025829093,
        0.16874810241517585,
        0.0498932868270477,
        0.006218723226336182
      ],
      [
        0.19803495301388005,
        0.40834334118471405,
        0.3380994464195636,
        0.04886754861162622,
        0.006654710770216208
      ],
      [
        0.2083528796965148,
        0.5384145394878829,
        0.18222719526400205,
        0.06461791283227211,
        0.0063874727193281265
      ],
      [
        0.277865773756361,
        0.48970769249371104,
        0.1833707264981651,
        0.04305389532491671,
        0.006001911926846191
      ],
      [
        0.24435670387184857,
        0.24853515396599352,
        0.4381115929301258,
        0.06197902970054864,
        0.00701751953148347
      ],
      [
        0.26886428814644714,
        0.42927252607904237,
        0.2531692006267968,
        0.04205873800835384,
        0.00663524713935978
      ],
      [
        0.25609840631724723,
        0.24647071158151226,
        0.43754090435996906,
        0.052954904989533105,
        0.006935072751738296
      ],
      [
        0.1673265496036826,
        0.6261627309734222,
        0.15090838585522692,
        0.049983222758660004,
        0.005619110809008246
      ],
      [
        0.2630882538869841,
        0.5112580860077608,
        0.17852743832058435,
        0.0409347251142048,
        0.006191496670466015
      ],
      [
        0.256188086775476,
        0.4278912297141928,
        0.25735998559734174,
        0.05178772338296002,
        0.006772974530029474
      ],
      [
        0.2362534427853457,
        0.506162414820975,
        0.2107482130544088,
        0.04045479791903158,
        0.006381131420238849
      ],
      [
        0.25782548615708395,
        0.3707017788269557,
        0.3180326897434797,
        0.046518823405934044,
        0.006921221866546626
      ],
      [
        0.30920268934321515,
        0.26956585690649637,
        0.374051536120271,
        0.04040446607845952,
        0.006775451551558069
      ],
      [
        0.1858082728512481,
        0.5435020461594563,
        0.20827639336418505,
        0.056159460436108866,
        0.006253827189001765
      ],
      [
        0.20284644537064445,
        0.545038219566592,
        0.1964713529169847,
        0.0495962458917601,
        0.006047736254018829
      ],
      [
        0.18731155331230226,
        0.5714260827935107,
        0.18186900033156736,
        0.053413834320364034,
        0.005979529242255746
      ],
      [
        0.20135771527557625,
        0.5089895819259965,
        0.22571483821662183,
        0.05761020052567296,
        0.006327664056132458
      ],
      [
        0.2833368210836306,
        0.29581548750569386,
        0.36586224845610255,
        0.04797454096087487,
        0.007010901993698149
      ],
      [
        0.25009285951399957,
        0.27683581293097403,
        0.4147248999973403,
        0.05124610337703726,
        0.0071003241806488
      ],
      [
        0.19882090985921508,
        0.5457526672881691,
        0.19384424379205104,
        0.05546069029731743,
        0.0061214887632474535
      ],
      [
        0.31885891287333407,
        0.2943448169115911,
        0.3337963418155448,
        0.04628044481145753,
        0.006719483588072498
      ],
      [
        0.2622325248924027,
        0.4938083424407111,
        0.18556539128324448,
        0.05209367262283071,
        0.006300068760811036
      ],
      [
        0.27552407943828955,
        0.4161922106437262,
        0.2621613008671985,
        0.0394297867673436,
        0.006692622283442002
      ],
      [
        0.23020186589441305,
        0.3459712951677481,
        0.3644311623876772,
        0.05243587515806386,
        0.006959801392097806
      ],
      [
        0.30900019374815924,
        0.32763556169796115,
        0.2891914212484659,
        0.06700365386434946,
        0.0071691694410642125
      ],
      [
        0.31691550735939633,
        0.4260920609149105,
        0.20696779362273124,
        0.04362130405581647,
        0.006403334047145448
      ],
      [
        0.18528598179475872,
        0.4892299751138082,
        0.25431644515432306,
        0.06459311035111986,
        0.00657448758599021
      ],
      [
        0.2751501756753898,
        0.25648882200073114,
        0.41855294178503083,
        0.04293220780775285,
        0.0068758527310953865
      ],
      [
        0.29764403041860044,
        0.46798774500705714,
        0.1923487749458388,
        0.035909262959909594,
        0.006110186668593937
      ],
      [
        0.18260794683222203,
        0.540198154156213,
        0.20860640802716363,
        0.062313731765847154,
        0.00627375921855414
      ],
      [
        0.33187424974607116,
        0.3481222933708945,
        0.2697061209177972,
        0.043615599487071104,
        0.00668173647816594
      ],
      [
        0.26687630478258684,
        0.3602890107664203,
        0.323060080738797,
        0.04285267055878433,
        0.006921933153411492
      ],
      [
        0.32817429812011956,
        0.36267365935357065,
        0.2391458532154446,
        0.06325447536763451,
        0.006751713943230835
      ],
      [
        0.28361325462739734,
        0.2660598754548925,
        0.3983143542134313,
        0.044928206155546865,
        0.007084309548732144
      ],
      [
        0.18676614796119304,
        0.5673847436421183,
        0.18400246929372754,
        0.05575223312715441,
        0.006094405975806544
      ],
      [
        0.22660095901089186,
        0.454112316859721,
        0.25406086089503466,
        0.05857361396576435,
        0.006652249268588149
      ],
      [
        0.1977525830697898,
        0.5405710431701587,
        0.2023613266053162,
        0.053183903865216764,
        0.006131143289518558
      ],
      [
        0.32922477480214435,
        0.2745874860165929,
        0.3456202622456929,
        0.04382788979321634,
        0.00673958714235347
      ],
      [
        0.23353855489869346,
        0.43309670329663486,
        0.26318914455293124,
        0.06336139413250978,
        0.0068142031192307
      ],
      [
        0.25970248864628764,
        0.4524984441439124,
        0.2385582867557362,
        0.042595523787412444,
        0.006645256666651202
      ]
    ],
    "predictions": [
      1,
      2,
      1,
      1,
      1,
      1,
      1,
      2,
      1,
      1,
      1,
      2,
      2,
      2,
      2,
      1,
      1,
      2,
      1,
      2,
      1,
      1,
      1,
      2,
      1,
      0,
      1,
      1,
      1,
      1,
      1,
      1,
      1,
      1,
      2,
      1,
      1,
      1,
      2,
      1,
      1,
      2,
      1,
      1,
      2,
      1,
      2,
      1,
      2,
      1,
      1,
      1,
      1,
      1,
      1,
      1,
      1,
      1,
      2,
      1,
      2,
      1,
      1,
      1,
      1,
      1,
      1,
      1,
      1,
      2,
      1,
      2,
      1,
      1,
      1,
      1,
      1,
      2,
      1,
      1,
      1,
      1,
      2,
      2,
      1,
      2,
      1,
      1,
      2,
      1,
      1,
      1,
      2,
      1,
      1,
      1,
      1,
      1,
      2,
      1,
      1,
      1,
      2,
      1,
      1
    ],
    "true_labels": [
      1,
      4,
      1,
      4,
      4,
      1,
      2,
      2,
      4,
      2,
      0,
      2,
      2,
      2,
      1,
      1,
      2,
      2,
      0,
      0,
      1,
      0,
      1,
      0,
      0,
      1,
      1,
      2,
      1,
      3,
      2,
      0,
      1,
      2,
      2,
      4,
      1,
      0,
      3,
      1,
      0,
      3,
      2,
      1,
      1,
      0,
      0,
      0,
      2,
      0,
      2,
      3,
      1,
      4,
      0,
      0,
      1,
      2,
      4,
      1,
      1,
      1,
      0,
      0,
      1,
      1,
      2,
      0,
      0,
      0,
      3,
      4,
      1,
      4,
      0,
      1,
      1,
      0,
      1,
      0,
      0,
      1,
      2,
      1,
      0,
      2,
      2,
      1,
      2,
      0,
      1,
      0,
      2,
      0,
      3,
      1,
      1,
      0,
      1,
      0,
      4,
      1,
      0,
      2,
      1
    ],
    "patient_ids": [
      "A1K2P5",
      "A2H5K9",
      "A2L1N6",
      "A3H5R1",
      "A3P9V7",
      "A4A8V9",
      "A4K8R4",
      "A5D0G0",
      "A5H1Q2",
      "A5P5W0",
      "A5Q1W8",
      "A6A8H0",
      "A6B7Y4",
      "A6J0Y2",
      "A7E4J0",
      "A7F4G2",
      "B0L3Y2",
      "B1G9J3",
      "B2L0L2",
      "B3E2W8",
      "B3F0V9",
      "B3S2Z4",
      "B4E1K1",
      "B4S1Y2",
      "B5F8L9",
      "B5L5Y4",
      "B5T6V0",
      "B6I0T4",
      "B7F5P0",
      "B9H8N8",
      "C0L7V1",
      "C0N8P4",
      "C6U4W8",
      "C7L8Z8",
      "D1L6T4",
      "D3K5Q2",
      "D3Q0W9",
      "D6E9U8",
      "D9F5P1",
      "D9I8O7",
      "E0J2Z9",
      "E0J7L9",
      "E1L7M3",
      "E3L8U8",
      "E4I9O7",
      "E5J6L2",
      "E5S7W7",
      "E6H0V9",
      "E6J4N8",
      "E7L0N6",
      "E9V9Z2",
      "F0I6U8",
      "F0K4T6",
      "F5I1Z8",
      "G1J5K3",
      "G1K1V3",
      "G3M5S4",
      "G4I7V2",
      "G7N8R7",
      "G7S6V0",
      "G8K0M3",
      "G9N5V9",
      "H1N8S6",
      "H2M9S1",
      "H7K5U5",
      "H8K2K7",
      "I0I2J8",
      "I2J6Z6",
      "I4R8V6",
      "I5L3S2",
      "I6P4R0",
      "I6T4W8",
      "I8N8Y1",
      "I8Z0Z6",
      "J4J8Q3",
      "J9L4S2",
      "K6N4N7",
      "K7L2Y6",
      "K7N0R7",
      "L2V5Z0",
      "L5U7Y4",
      "L6T2T5",
      "L7Y7Z2",
      "L8N7Z0",
      "M2P5T8",
      "M4T4V6",
      "M6M9N1",
      "M6V2Y0",
      "N7P3T8",
      "N7W6Z8",
      "N9P5Z0",
      "N9Q4T8",
      "O4T6Y7",
      "O9V8W5",
      "P3P9S5",
      "P3R6Y5",
      "P8W4Z0",
      "Q1Q3T1",
      "Q3Q6R8",
      "Q4W5Z8",
      "Q5V8W3",
      "R3V5W7",
      "R6V5W3",
      "T2Z1Z9",
      "Y6Y9Z2"
    ]
  },
  "roc_auc": {
    "macro_auc": 0.5813824996466933,
    "per_class_auc": {
      "NOR": 0.5815170008718397,
      "DCM": 0.5277551020408163,
      "HCM": 0.6903499469777307,
      "ARV": 0.6851851851851852,
      "HHD": 0.42210526315789476
    }
  },
  "binary": {
    "accuracy": 0.7047619047619048,
    "f1": 0.8268156424581006,
    "sensitivity": 1.0,
    "specificity": 0.0,
    "roc_auc": 0.5815170008718397,
    "binary_labels": [
      1,
      1,
      1,
      1,
      1,
      1,
      1,
      1,
      1,
      1,
      0,
      1,
      1,
      1,
      1,
      1,
      1,
      1,
      0,
      0,
      1,
      0,
      1,
      0,
      0,
      1,
      1,
      1,
      1,
      1,
      1,
      0,
      1,
      1,
      1,
      1,
      1,
      0,
      1,
      1,
      0,
      1,
      1,
      1,
      1,
      0,
      0,
      0,
      1,
      0,
      1,
      1,
      1,
      1,
      0,
      0,
      1,
      1,
      1,
      1,
      1,
      1,
      0,
      0,
      1,
      1,
      1,
      0,
      0,
      0,
      1,
      1,
      1,
      1,
      0,
      1,
      1,
      0,
      1,
      0,
      0,
      1,
      1,
      1,
      0,
      1,
      1,
      1,
      1,
      0,
      1,
      0,
      1,
      0,
      1,
      1,
      1,
      0,
      1,
      0,
      1,
      1,
      0,
      1,
      1
    ],
    "binary_probs": [
      0.8406521772399275,
      0.73266681638149,
      0.7925851934183783,
      0.7972708139266457,
      0.7950237411735019,
      0.7268236856459922,
      0.7861380756282701,
      0.7409445874094313,
      0.7394292354551724,
      0.8067116198514284,
      0.7592940647609072,
      0.7657984732184026,
      0.7617095585590973,
      0.7543300270787365,
      0.7427915254107792,
      0.8097568418570744,
      0.8118446096523553,
      0.7287316744243959,
      0.8288160118953606,
      0.7306235534794284,
      0.739220672518851,
      0.7130853152902227,
      0.7122182310024544,
      0.71074345126532,
      0.6700373350399398,
      0.6232198353116885,
      0.7176132032703028,
      0.7801662095935049,
      0.7485558940710197,
      0.8160743102489445,
      0.7411695654749826,
      0.8113020605802155,
      0.793740111879182,
      0.7350955813012208,
      0.7613777340616652,
      0.779958108530317,
      0.6772455045451355,
      0.6603390710976362,
      0.8037601335171328,
      0.8496443974564383,
      0.7344228480154336,
      0.7867177543983306,
      0.8217468939163383,
      0.7508248667411779,
      0.704518382056933,
      0.796503289793688,
      0.7114882492759321,
      0.7974763045617559,
      0.7263046508489575,
      0.7744925122463046,
      0.750772430670747,
      0.6839824117488447,
      0.7668369291005777,
      0.7778629169464324,
      0.7661461591902237,
      0.6884633842986609,
      0.7577077461098257,
      0.8098431778203935,
      0.7194202734789578,
      0.748471570571447,
      0.7571298837612442,
      0.795242501444794,
      0.6897513998315421,
      0.704682131799361,
      0.698858237221691,
      0.722088715051469,
      0.8019650469861199,
      0.7916471203034852,
      0.722134226243639,
      0.7556432961281514,
      0.7311357118535529,
      0.7439015936827528,
      0.8326734503963173,
      0.7369117461130159,
      0.743811913224524,
      0.7637465572146542,
      0.7421745138429161,
      0.6907973106567848,
      0.8141917271487519,
      0.7971535546293556,
      0.8126884466876978,
      0.7986422847244238,
      0.7166631789163693,
      0.7499071404860005,
      0.8011790901407849,
      0.6811410871266659,
      0.7377674751075973,
      0.7244759205617104,
      0.769798134105587,
      0.6909998062518408,
      0.6830844926406037,
      0.8147140182052413,
      0.7248498243246102,
      0.7023559695813996,
      0.817392053167778,
      0.6681257502539288,
      0.7331236952174132,
      0.6718257018798804,
      0.7163867453726027,
      0.8132338520388069,
      0.7733990409891082,
      0.8022474169302102,
      0.6707752251978556,
      0.7664614451013065,
      0.7402975113537124
    ]
  }
}