{
  "config": {
    "dataset": "mnm",
    "backbone": "cinema",
    "model_name": "cinema_pretrained",
    "eval_mode": "logreg",
    "pooling": "gap",
    "embed_dim": 768,
    "best_hyperparam": 0.009999999776482582,
    "hyperparam_name": "C",
    "num_classes": 5,
    "class_names": [
      "NOR",
      "DCM",
      "HCM",
      "ARV",
      "HHD"
    ]
  },
  "sweep_results": [
    {
      "param_value": 9.999999974752427e-07,
      "mean_cv_acc": 0.25806451612903225,
      "std_cv_acc": 0.0
    },
    {
      "param_value": 1.7782793975129607e-06,
      "mean_cv_acc": 0.25806451612903225,
      "std_cv_acc": 0.0
    },
    {
      "param_value": 3.1622776077711023e-06,
      "mean_cv_acc": 0.25806451612903225,
      "std_cv_acc": 0.0
    },
    {
      "param_value": 5.6234130170196295e-06,
      "mean_cv_acc": 0.25806451612903225,
      "std_cv_acc": 0.0
    },
    {
      "param_value": 9.999999747378752e-06,
      "mean_cv_acc": 0.3225806451612903,
      "std_cv_acc": 0.0
    },
    {
      "param_value": 1.778279329300858e-05,
      "mean_cv_acc": 0.41935483870967744,
      "std_cv_acc": 0.0
    },
    {
      "param_value": 3.162277789670043e-05,
      "mean_cv_acc": 0.45161290322580644,
      "std_cv_acc": 0.0
    },
    {
      "param_value": 5.62341338081751e-05,
      "mean_cv_acc": 0.45161290322580644,
      "std_cv_acc": 0.0
    },
    {
      "param_value": 9.999999747378752e-05,
      "mean_cv_acc": 0.4838709677419355,
      "std_cv_acc": 0.0
    },
    {
      "param_value": 0.00017782794020604342,
      "mean_cv_acc": 0.4838709677419355,
      "std_cv_acc": 0.0
    },
    {
      "param_value": 0.0003162277571391314,
      "mean_cv_acc": 0.4838709677419355,
      "std_cv_acc": 0.0
    },
    {
      "param_value": 0.000562341301701963,
      "mean_cv_acc": 0.4838709677419355,
      "std_cv_acc": 0.0
    },
    {
      "param_value": 0.0010000000474974513,
      "mean_cv_acc": 0.4838709677419355,
      "std_cv_acc": 0.0
    },
    {
      "param_value": 0.0017782794311642647,
      "mean_cv_acc": 0.5161290322580645,
      "std_cv_acc": 0.0
    },
    {
      "param_value": 0.003162277629598975,
      "mean_cv_acc": 0.5161290322580645,
      "std_cv_acc": 0.0
    },
    {
      "param_value": 0.005623413249850273,
      "mean_cv_acc": 0.5161290322580645,
      "std_cv_acc": 0.0
    },
    {
      "param_value": 0.009999999776482582,
      "mean_cv_acc": 0.5483870967741935,
      "std_cv_acc": 0.0
    },
    {
      "param_value": 0.017782794311642647,
      "mean_cv_acc": 0.5483870967741935,
      "std_cv_acc": 0.0
    },
    {
      "param_value": 0.03162277489900589,
      "mean_cv_acc": 0.5483870967741935,
      "std_cv_acc": 0.0
    },
    {
      "param_value": 0.05623413249850273,
      "mean_cv_acc": 0.5161290322580645,
      "std_cv_acc": 0.0
    },
    {
      "param_value": 0.10000000149011612,
      "mean_cv_acc": 0.5161290322580645,
      "std_cv_acc": 0.0
    },
    {
      "param_value": 0.17782793939113617,
      "mean_cv_acc": 0.5161290322580645,
      "std_cv_acc": 0.0
    },
    {
      "param_value": 0.3162277638912201,
      "mean_cv_acc": 0.5161290322580645,
      "std_cv_acc": 0.0
    },
    {
      "param_value": 0.5623413324356079,
      "mean_cv_acc": 0.5161290322580645,
      "std_cv_acc": 0.0
    },
    {
      "param_value": 1.0,
      "mean_cv_acc": 0.5161290322580645,
      "std_cv_acc": 0.0
    },
    {
      "param_value": 1.778279423713684,
      "mean_cv_acc": 0.5161290322580645,
      "std_cv_acc": 0.0
    },
    {
      "param_value": 3.1622776985168457,
      "mean_cv_acc": 0.5161290322580645,
      "std_cv_acc": 0.0
    },
    {
      "param_value": 5.6234130859375,
      "mean_cv_acc": 0.5161290322580645,
      "std_cv_acc": 0.0
    },
    {
      "param_value": 10.0,
      "mean_cv_acc": 0.5161290322580645,
      "std_cv_acc": 0.0
    },
    {
      "param_value": 17.782794952392578,
      "mean_cv_acc": 0.5161290322580645,
      "std_cv_acc": 0.0
    },
    {
      "param_value": 31.62277603149414,
      "mean_cv_acc": 0.5161290322580645,
      "std_cv_acc": 0.0
    },
    {
      "param_value": 56.234130859375,
      "mean_cv_acc": 0.5161290322580645,
      "std_cv_acc": 0.0
    },
    {
      "param_value": 100.0,
      "mean_cv_acc": 0.5161290322580645,
      "std_cv_acc": 0.0
    },
    {
      "param_value": 177.82794189453125,
      "mean_cv_acc": 0.5161290322580645,
      "std_cv_acc": 0.0
    },
    {
      "param_value": 316.2277526855469,
      "mean_cv_acc": 0.5161290322580645,
      "std_cv_acc": 0.0
    },
    {
      "param_value": 562.34130859375,
      "mean_cv_acc": 0.5161290322580645,
      "std_cv_acc": 0.0
    },
    {
      "param_value": 1000.0,
      "mean_cv_acc": 0.5161290322580645,
      "std_cv_acc": 0.0
    },
    {
      "param_value": 1778.2794189453125,
      "mean_cv_acc": 0.5161290322580645,
      "std_cv_acc": 0.0
    },
    {
      "param_value": 3162.277587890625,
      "mean_cv_acc": 0.5161290322580645,
      "std_cv_acc": 0.0
    },
    {
      "param_value": 5623.4130859375,
      "mean_cv_acc": 0.5161290322580645,
      "std_cv_acc": 0.0
    },
    {
      "param_value": 10000.0,
      "mean_cv_acc": 0.5161290322580645,
      "std_cv_acc": 0.0
    },
    {
      "param_value": 17782.794921875,
      "mean_cv_acc": 0.5161290322580645,
      "std_cv_acc": 0.0
    },
    {
      "param_value": 31622.77734375,
      "mean_cv_acc": 0.5161290322580645,
      "std_cv_acc": 0.0
    },
    {
      "param_value": 56234.1328125,
      "mean_cv_acc": 0.5161290322580645,
      "std_cv_acc": 0.0
    },
    {
      "param_value": 100000.0,
      "mean_cv_acc": 0.5161290322580645,
      "std_cv_acc": 0.0
    }
  ],
  "five_way": {
    "accuracy": 0.5047619047619047,
    "macro_f1": 0.319856311160659,
    "macro_sensitivity": 0.35719495091164094,
    "macro_specificity": 0.8611378118695192,
    "per_class_sensitivity": {
      "NOR": 0.2903225806451613,
      "DCM": 0.8,
      "HCM": 0.6956521739130435,
      "ARV": 0.0,
      "HHD": 0.0
    },
    "per_class_specificity": {
      "NOR": 0.918918918918919,
      "DCM": 0.6,
      "HCM": 0.8170731707317073,
      "ARV": 0.9696969696969697,
      "HHD": 1.0
    },
    "confusion_matrix": [
      [
        9,
        15,
        7,
        0,
        0
      ],
      [
        3,
        28,
        3,
        1,
        0
      ],
      [
        3,
        2,
        16,
        2,
        0
      ],
      [
        0,
        4,
        2,
        0,
        0
      ],
      [
        0,
        7,
        3,
        0,
        0
      ]
    ],
    "classification_report": {
      "NOR": {
        "precision": 0.6,
        "recall": 0.2903225806451613,
        "f1-score": 0.391304347826087,
        "support": 31.0
      },
      "DCM": {
        "precision": 0.5,
        "recall": 0.8,
        "f1-score": 0.6153846153846154,
        "support": 35.0
      },
      "HCM": {
        "precision": 0.5161290322580645,
        "recall": 0.6956521739130435,
        "f1-score": 0.5925925925925926,
        "support": 23.0
      },
      "ARV": {
        "precision": 0.0,
        "recall": 0.0,
        "f1-score": 0.0,
        "support": 6.0
      },
      "HHD": {
        "precision": 0.0,
        "recall": 0.0,
        "f1-score": 0.0,
        "support": 10.0
      },
      "accuracy": 0.5047619047619047,
      "macro avg": {
        "precision": 0.3232258064516129,
        "recall": 0.35719495091164094,
        "f1-score": 0.319856311160659,
        "support": 105.0
      },
      "weighted avg": {
        "precision": 0.4568663594470046,
        "recall": 0.5047619047619047,
        "f1-score": 0.4504621519114273,
        "support": 105.0
      }
    },
    "probabilities": [
      [
        0.02669564948572323,
        0.9215207678267179,
        0.010419185191943195,
        0.04022187314315791,
        0.001142524352457702
      ],
      [
        0.15626311033325366,
        0.005553290049894049,
        0.8185446225524725,
        0.0017701893074486374,
        0.017868787756931136
      ],
      [
        0.04064853774312046,
        0.7230708542312428,
        0.052654806059401885,
        0.1823440062882265,
        0.001281795678008244
      ],
      [
        0.272330212146365,
        0.6462062781938178,
        0.024421867946002526,
        0.05498807619814475,
        0.0020535655156698855
      ],
      [
        0.03655047506041276,
        0.9192000547931128,
        0.014243933376468794,
        0.029525025749288333,
        0.00048051102071733733
      ],
      [
        0.10078144050961949,
        0.7634050450631965,
        0.1289005243310844,
        0.0021908384634871138,
        0.004722151632612415
      ],
      [
        0.025373636030841824,
        0.022678594804167406,
        0.6537536229107694,
        0.2911993214072398,
        0.00699482484698169
      ],
      [
        0.20677751063734565,
        0.028075947703971888,
        0.7370490534580794,
        0.00360688964373892,
        0.024490598556864043
      ],
      [
        0.26226811854522714,
        0.6900787844983978,
        0.03882690358842582,
        0.0012160678345521125,
        0.00761012553339697
      ],
      [
        0.01600836040837372,
        0.036517677059804826,
        0.8433518960735944,
        0.09903345449485604,
        0.0050886119633711145
      ],
      [
        0.30066940777376144,
        0.2194106997800565,
        0.44807887853662354,
        0.025448093784522334,
        0.006392920125036234
      ],
      [
        0.08115869649322113,
        0.041722108809396204,
        0.8513407029524671,
        0.020628075849751588,
        0.005150415895164125
      ],
      [
        0.11120157548933218,
        0.39881446068011683,
        0.45689287619960733,
        0.02683925291478845,
        0.006251834716155304
      ],
      [
        0.01746455641213247,
        0.011994652755031147,
        0.9626092760791539,
        0.0035886063879511897,
        0.004342908365731356
      ],
      [
        0.11929601176186755,
        0.48747084725045564,
        0.35078360018244537,
        0.031104432752903057,
        0.011345108052328474
      ],
      [
        0.06247543336640431,
        0.5794666199554559,
        0.10715960806808679,
        0.24463631083269066,
        0.0062620277773623645
      ],
      [
        0.04783618546958082,
        0.8717023319775049,
        0.014832502267030333,
        0.06445329968661243,
        0.0011756805992713976
      ],
      [
        0.2929613021314125,
        0.05979719068761178,
        0.6272608082469762,
        0.003763282164632623,
        0.016217416769366957
      ],
      [
        0.1322540142281352,
        0.7084197671106109,
        0.03387993976905575,
        0.12236727154605738,
        0.003079007346140723
      ],
      [
        0.11734780375217514,
        0.010530567769758086,
        0.8454508069126474,
        0.02152826105478772,
        0.005142560510631552
      ],
      [
        0.2526770770421589,
        0.3958613384285415,
        0.16595637842407263,
        0.1826720917926959,
        0.0028331143125310495
      ],
      [
        0.3648615336235829,
        0.44390798390832253,
        0.18759345665780575,
        0.0005492383552380127,
        0.0030877874550507126
      ],
      [
        0.05487409012583734,
        0.9306502409218709,
        0.012365091220149567,
        0.0003936740089507623,
        0.0017169037231912808
      ],
      [
        0.3858672893636053,
        0.03985721196147062,
        0.5544208671693803,
        0.0010263458832422846,
        0.018828285622301554
      ],
      [
        0.9273328848307618,
        0.026861236672108144,
        0.0414404846812422,
        0.0035297555956414627,
        0.0008356382202465603
      ],
      [
        0.8184180536794933,
        0.11358324327947361,
        0.06383963366866123,
        0.0019485619962681343,
        0.0022105073761037428
      ],
      [
        0.08172451496891077,
        0.7976112597118384,
        0.11642149930434186,
        0.002499487515325518,
        0.0017432384995834742
      ],
      [
        0.11217772640834422,
        0.17460360686551774,
        0.5889818776058622,
        0.1123110824518467,
        0.011925706668429117
      ],
      [
        0.0009532145580104954,
        0.9974087990776517,
        0.0012144993895841058,
        0.00033047278700755527,
        9.301418774633356e-05
      ],
      [
        0.4016944345098995,
        0.42277379979835894,
        0.005858785167951598,
        0.1691069301546982,
        0.000566050369091822
      ],
      [
        0.20853714392041273,
        0.08175349706490039,
        0.691817490710195,
        0.01125260123093002,
        0.006639267073561777
      ],
      [
        0.13345739901991796,
        0.8102256229495479,
        0.01801147390225741,
        0.035680218932223395,
        0.0026252851960535356
      ],
      [
        0.04501600649845393,
        0.947791188227486,
        0.004388888210467722,
        0.002502769466875077,
        0.00030114759671721284
      ],
      [
        0.29352068567830963,
        0.09221488102333329,
        0.5933224535430148,
        0.0021115979373109097,
        0.018830381818031365
      ],
      [
        0.09350938363627628,
        0.022086892561543604,
        0.8702954782942937,
        0.009260692338073563,
        0.00484755316981291
      ],
      [
        0.3388240282328897,
        0.5096439472496439,
        0.12213782503948135,
        0.026702512754249418,
        0.0026916867237354925
      ],
      [
        0.33858110875398595,
        0.6356760034018752,
        0.022777728295304677,
        0.0004597241371639893,
        0.0025054354116700746
      ],
      [
        0.792037966421358,
        0.1502503953405206,
        0.053438038639739796,
        0.001650170177749367,
        0.002623429420632116
      ],
      [
        0.1653680990633008,
        0.05282234780352655,
        0.4865716354623832,
        0.2922534463939488,
        0.0029844712768406245
      ],
      [
        0.06643758240504609,
        0.9124549544263278,
        0.011425819600560268,
        0.008194456608299865,
        0.0014871869597657828
      ],
      [
        0.07365997169925952,
        0.2987386811348365,
        0.6160273705728272,
        0.004272331757684864,
        0.007301644835392138
      ],
      [
        0.10179024780970967,
        0.01708726593074772,
        0.5353164520645319,
        0.34355287133373036,
        0.002253162861280415
      ],
      [
        0.1355922959143947,
        0.8011286868857889,
        0.022849951259141573,
        0.03543361474579244,
        0.004995451194882415
      ],
      [
        0.03998423514815694,
        0.9154609927704974,
        0.036857814495415406,
        0.0057342287225404425,
        0.0019627288633898925
      ],
      [
        0.03546813111846276,
        0.03691505718199559,
        0.9210947926526646,
        0.004025487444655176,
        0.002496531602221771
      ],
      [
        0.10354139841679119,
        0.3092857329024026,
        0.4570041879181887,
        0.12216778092768613,
        0.00800089983493155
      ],
      [
        0.5841937234942388,
        0.006232924902148632,
        0.3916049999841711,
        0.0015792586506579906,
        0.016389092968783416
      ],
      [
        0.11456757582070233,
        0.5286873464683447,
        0.17877358179762617,
        0.17536661096941433,
        0.0026048849439125137
      ],
      [
        0.21583631015451046,
        0.0064220722799282525,
        0.7669082056777681,
        0.0010426424162716574,
        0.009790769471521457
      ],
      [
        0.35807431996925754,
        0.45930372078296766,
        0.07256630008643722,
        0.10274368266709343,
        0.007311976494244323
      ],
      [
        0.23899106926409958,
        0.15202891775337019,
        0.48583136494702284,
        0.10621428625892952,
        0.01693436177657791
      ],
      [
        0.37342375159319446,
        0.6223209550346238,
        0.0020975909237857535,
        0.0018688953087496842,
        0.00028880713964631976
      ],
      [
        0.37292389916422886,
        0.574969514728242,
        0.04104954750572009,
        0.009700131277789228,
        0.0013569073240196953
      ],
      [
        0.29575371859495764,
        0.6487080416522503,
        0.029554742946931434,
        0.023369500220596466,
        0.002613996585264352
      ],
      [
        0.09494048416590051,
        0.5719089333818153,
        0.3153054805288615,
        0.006744816409794264,
        0.011100285513628454
      ],
      [
        0.39626069726401447,
        0.3359250050545302,
        0.26151615528236766,
        0.001180810476841266,
        0.005117331922246234
      ],
      [
        0.030416270954003316,
        0.866228597789605,
        0.09440369518157532,
        0.002269358007166545,
        0.006682078067649504
      ],
      [
        0.02318368636446319,
        0.3742516205207766,
        0.16927760831396463,
        0.42728803319453146,
        0.005999051606264104
      ],
      [
        0.45855112276651044,
        0.039530132660868446,
        0.4832910717870171,
        0.0023543958480508782,
        0.016273276937553253
      ],
      [
        0.23176116388211832,
        0.08352641554611245,
        0.6263884117654037,
        0.05215623770734386,
        0.006167771099021578
      ],
      [
        0.08470762534056304,
        0.1821233583860199,
        0.7185476917946824,
        0.009023227558228895,
        0.005598096920505616
      ],
      [
        0.019062235961455995,
        0.6810870355913446,
        0.22175343887424254,
        0.07488182198688821,
        0.003215467586068494
      ],
      [
        0.5114064654734395,
        0.15636067993825717,
        0.24856738237200873,
        0.08045310508182103,
        0.003212367134473545
      ],
      [
        0.3107899464020036,
        0.6857303411014546,
        0.0031492434751103442,
        0.0001685983726613464,
        0.00016187064877020728
      ],
      [
        0.3406251170854681,
        0.5630844835775736,
        0.0907229764014319,
        0.001667520837704107,
        0.00389990209782229
      ],
      [
        0.18178444233203678,
        0.8069359897900908,
        0.006517708283862536,
        0.0034717388105054326,
        0.0012901207835045686
      ],
      [
        0.012089230737238263,
        0.15223768147457395,
        0.8274126177355431,
        0.0025088686663140027,
        0.0057516013863307585
      ],
      [
        0.12354347805845642,
        0.6865822094641467,
        0.07077133272026473,
        0.1155765899589855,
        0.0035263897981466074
      ],
      [
        0.10187976279768494,
        0.894401280835958,
        0.0035529648573711377,
        7.720964241784169e-05,
        8.878186656811874e-05
      ],
      [
        0.25453845794185315,
        0.07232125910869933,
        0.5037070378967118,
        0.15614589514224897,
        0.013287349910486766
      ],
      [
        0.06076123833677453,
        0.9187878719114491,
        0.017491345617982542,
        0.002045669483403763,
        0.0009138746503900397
      ],
      [
        0.10023500886196804,
        0.0056909103079375205,
        0.8796803850910982,
        0.0043299292695277965,
        0.010063766469468311
      ],
      [
        0.03597321332270514,
        0.819842712409254,
        0.05239804249432892,
        0.08812091854559051,
        0.003665113228121497
      ],
      [
        0.04865845593227662,
        0.9415494376945499,
        0.008342087126475621,
        0.0011053722886116568,
        0.0003446469580862703
      ],
      [
        0.45669601417065714,
        0.3333344691207065,
        0.18138134905110512,
        0.023568657081812966,
        0.005019510575718293
      ],
      [
        0.0014271871491571648,
        0.9975471418661448,
        0.0007119322458206042,
        0.00016842746232597077,
        0.0001453112765514933
      ],
      [
        0.6272361421062589,
        0.10406540568579961,
        0.25309776724405986,
        0.010044027600138441,
        0.005556657363743256
      ],
      [
        0.31668751622794905,
        0.019160330207931547,
        0.6565335332619644,
        0.0009404775881324177,
        0.006678142714022501
      ],
      [
        0.09330077151225843,
        0.507518806640895,
        0.16928759603691826,
        0.22279083799251775,
        0.007101987817410655
      ],
      [
        0.08632140033851815,
        0.8641147090745397,
        0.034145199263362444,
        0.013924829375561684,
        0.0014938619480180844
      ],
      [
        0.07176442093737108,
        0.6129543561413402,
        0.11209752964646577,
        0.19581199840526153,
        0.007371694869561462
      ],
      [
        0.18181156973075346,
        0.17352294023960385,
        0.1729522658342457,
        0.4658299921645378,
        0.005883232030859227
      ],
      [
        0.643442286416896,
        0.15383269589522622,
        0.18288501568182733,
        0.009020819715478174,
        0.010819182290572094
      ],
      [
        0.12817880937533063,
        0.4839803948468153,
        0.304148942805827,
        0.06427435003553396,
        0.019417502936493
      ],
      [
        0.24616952508310583,
        0.2971073218792291,
        0.18302543417801084,
        0.26636032414566096,
        0.007337394713993235
      ],
      [
        0.7296986313038991,
        0.042190423226976914,
        0.2214144172313403,
        0.0035342053528308924,
        0.0031623228849528054
      ],
      [
        0.804853202399048,
        0.11530717624792054,
        0.023609320843995314,
        0.0525158309888328,
        0.003714469520203491
      ],
      [
        0.1722665377475212,
        0.7942644974962194,
        0.025465495070665665,
        0.0019894221865081416,
        0.006014047499085437
      ],
      [
        0.06429652623019985,
        0.11069482078928021,
        0.8066935646194965,
        0.014760068235362205,
        0.0035550201256611715
      ],
      [
        0.7441100321469938,
        0.056403578020397534,
        0.15413122058665277,
        0.02240126451347397,
        0.022953904732481947
      ],
      [
        0.19988630082319772,
        0.7594459517805742,
        0.038490512617428925,
        0.0003206868545598644,
        0.0018565479242393583
      ],
      [
        0.07215622611622313,
        0.4525654919642051,
        0.11605152436886748,
        0.35410987581878384,
        0.005116881731920487
      ],
      [
        0.14646857730163332,
        0.019187060280142977,
        0.8177745377548548,
        0.0027782491885279003,
        0.013791575474841066
      ],
      [
        0.4570057540383034,
        0.5247107119763704,
        0.014443591248251344,
        0.0011894423753862572,
        0.0026505003616884197
      ],
      [
        0.02864973028946165,
        0.6693539183609338,
        0.02688740551135656,
        0.27324177986918524,
        0.0018671659690626524
      ],
      [
        0.5146459831833916,
        0.4377048853915251,
        0.04067639121181602,
        0.003153014535696191,
        0.0038197256775712478
      ],
      [
        0.2044125924521105,
        0.5191808597686418,
        0.25606342706628643,
        0.003834724023223874,
        0.01650839668973752
      ],
      [
        0.5246469015510724,
        0.27160693488897486,
        0.18326579497650697,
        0.01591496556532918,
        0.004565403018116696
      ],
      [
        0.34044468822969187,
        0.36802992589281497,
        0.24053204671048609,
        0.016097815486150288,
        0.034895523680856834
      ],
      [
        0.13826208286605973,
        0.38228742785418013,
        0.11159118914581834,
        0.35902229218446335,
        0.008837007949478599
      ],
      [
        0.1465146498074318,
        0.5685541815676265,
        0.07382915428103888,
        0.20551385350995618,
        0.005588160833946742
      ],
      [
        0.11741263004272884,
        0.4154301481427685,
        0.3043948132348845,
        0.15488218180528734,
        0.007880226774330548
      ],
      [
        0.9239676560275549,
        0.04004507668692917,
        0.03127124248087336,
        0.0019196199310736967,
        0.0027964048735689543
      ],
      [
        0.10233566237682112,
        0.08830061014433548,
        0.2931790596730118,
        0.5036772115555066,
        0.012507456250325096
      ],
      [
        0.025092424262429188,
        0.9698137037205432,
        0.003636209005925673,
        0.0005091015912820605,
        0.000948561419819907
      ]
    ],
    "predictions": [
      1,
      2,
      1,
      1,
      1,
      1,
      2,
      2,
      1,
      2,
      2,
      2,
      2,
      2,
      1,
      1,
      1,
      2,
      1,
      2,
      1,
      1,
      1,
      2,
      0,
      0,
      1,
      2,
      1,
      1,
      2,
      1,
      1,
      2,
      2,
      1,
      1,
      0,
      2,
      1,
      2,
      2,
      1,
      1,
      2,
      2,
      0,
      1,
      2,
      1,
      2,
      1,
      1,
      1,
      1,
      0,
      1,
      3,
      2,
      2,
      2,
      1,
      0,
      1,
      1,
      1,
      2,
      1,
      1,
      2,
      1,
      2,
      1,
      1,
      0,
      1,
      0,
      2,
      1,
      1,
      1,
      3,
      0,
      1,
      1,
      0,
      0,
      1,
      2,
      0,
      1,
      1,
      2,
      1,
      1,
      0,
      1,
      0,
      1,
      1,
      1,
      1,
      0,
      3,
      1
    ],
    "true_labels": [
      1,
      4,
      1,
      4,
      4,
      1,
      2,
      2,
      4,
      2,
      0,
      2,
      2,
      2,
      1,
      1,
      2,
      2,
      0,
      0,
      1,
      0,
      1,
      0,
      0,
      1,
      1,
      2,
      1,
      3,
      2,
      0,
      1,
      2,
      2,
      4,
      1,
      0,
      3,
      1,
      0,
      3,
      2,
      1,
      1,
      0,
      0,
      0,
      2,
      0,
      2,
      3,
      1,
      4,
      0,
      0,
      1,
      2,
      4,
      1,
      1,
      1,
      0,
      0,
      1,
      1,
      2,
      0,
      0,
      0,
      3,
      4,
      1,
      4,
      0,
      1,
      1,
      0,
      1,
      0,
      0,
      1,
      2,
      1,
      0,
      2,
      2,
      1,
      2,
      0,
      1,
      0,
      2,
      0,
      3,
      1,
      1,
      0,
      1,
      0,
      4,
      1,
      0,
      2,
      1
    ],
    "patient_ids": [
      "A1K2P5",
      "A2H5K9",
      "A2L1N6",
      "A3H5R1",
      "A3P9V7",
      "A4A8V9",
      "A4K8R4",
      "A5D0G0",
      "A5H1Q2",
      "A5P5W0",
      "A5Q1W8",
      "A6A8H0",
      "A6B7Y4",
      "A6J0Y2",
      "A7E4J0",
      "A7F4G2",
      "B0L3Y2",
      "B1G9J3",
      "B2L0L2",
      "B3E2W8",
      "B3F0V9",
      "B3S2Z4",
      "B4E1K1",
      "B4S1Y2",
      "B5F8L9",
      "B5L5Y4",
      "B5T6V0",
      "B6I0T4",
      "B7F5P0",
      "B9H8N8",
      "C0L7V1",
      "C0N8P4",
      "C6U4W8",
      "C7L8Z8",
      "D1L6T4",
      "D3K5Q2",
      "D3Q0W9",
      "D6E9U8",
      "D9F5P1",
      "D9I8O7",
      "E0J2Z9",
      "E0J7L9",
      "E1L7M3",
      "E3L8U8",
      "E4I9O7",
      "E5J6L2",
      "E5S7W7",
      "E6H0V9",
      "E6J4N8",
      "E7L0N6",
      "E9V9Z2",
      "F0I6U8",
      "F0K4T6",
      "F5I1Z8",
      "G1J5K3",
      "G1K1V3",
      "G3M5S4",
      "G4I7V2",
      "G7N8R7",
      "G7S6V0",
      "G8K0M3",
      "G9N5V9",
      "H1N8S6",
      "H2M9S1",
      "H7K5U5",
      "H8K2K7",
      "I0I2J8",
      "I2J6Z6",
      "I4R8V6",
      "I5L3S2",
      "I6P4R0",
      "I6T4W8",
      "I8N8Y1",
      "I8Z0Z6",
      "J4J8Q3",
      "J9L4S2",
      "K6N4N7",
      "K7L2Y6",
      "K7N0R7",
      "L2V5Z0",
      "L5U7Y4",
      "L6T2T5",
      "L7Y7Z2",
      "L8N7Z0",
      "M2P5T8",
      "M4T4V6",
      "M6M9N1",
      "M6V2Y0",
      "N7P3T8",
      "N7W6Z8",
      "N9P5Z0",
      "N9Q4T8",
      "O4T6Y7",
      "O9V8W5",
      "P3P9S5",
      "P3R6Y5",
      "P8W4Z0",
      "Q1Q3T1",
      "Q3Q6R8",
      "Q4W5Z8",
      "Q5V8W3",
      "R3V5W7",
      "R6V5W3",
      "T2Z1Z9",
      "Y6Y9Z2"
    ]
  },
  "roc_auc": {
    "macro_auc": 0.6874907618998489,
    "per_class_auc": {
      "NOR": 0.7013949433304272,
      "DCM": 0.7542857142857142,
      "HCM": 0.7942735949098622,
      "ARV": 0.6885521885521885,
      "HHD": 0.4989473684210527
    }
  },
  "binary": {
    "accuracy": 0.7142857142857143,
    "f1": 0.8192771084337349,
    "sensitivity": 0.918918918918919,
    "specificity": 0.22580645161290322,
    "roc_auc": 0.7013949433304272,
    "binary_labels": [
      1,
      1,
      1,
      1,
      1,
      1,
      1,
      1,
      1,
      1,
      0,
      1,
      1,
      1,
      1,
      1,
      1,
      1,
      0,
      0,
      1,
      0,
      1,
      0,
      0,
      1,
      1,
      1,
      1,
      1,
      1,
      0,
      1,
      1,
      1,
      1,
      1,
      0,
      1,
      1,
      0,
      1,
      1,
      1,
      1,
      0,
      0,
      0,
      1,
      0,
      1,
      1,
      1,
      1,
      0,
      0,
      1,
      1,
      1,
      1,
      1,
      1,
      0,
      0,
      1,
      1,
      1,
      0,
      0,
      0,
      1,
      1,
      1,
      1,
      0,
      1,
      1,
      0,
      1,
      0,
      0,
      1,
      1,
      1,
      0,
      1,
      1,
      1,
      1,
      0,
      1,
      0,
      1,
      0,
      1,
      1,
      1,
      0,
      1,
      0,
      1,
      1,
      0,
      1,
      1
    ],
    "binary_probs": [
      0.9733043505142768,
      0.8437368896667463,
      0.9593514622568795,
      0.727669787853635,
      0.9634495249395872,
      0.8992185594903805,
      0.9746263639691581,
      0.7932224893626544,
      0.7377318814547729,
      0.9839916395916263,
      0.6993305922262385,
      0.9188413035067788,
      0.8887984245106678,
      0.9825354435878675,
      0.8807039882381325,
      0.9375245666335957,
      0.9521638145304192,
      0.7070386978685874,
      0.8677459857718648,
      0.8826521962478249,
      0.7473229229578411,
      0.635138466376417,
      0.9451259098741627,
      0.6141327106363947,
      0.07266711516923818,
      0.18158194632050673,
      0.9182754850310892,
      0.8878222735916558,
      0.9990467854419895,
      0.5983055654901005,
      0.7914628560795873,
      0.8665426009800821,
      0.9549839935015461,
      0.7064793143216903,
      0.9064906163637237,
      0.6611759717671103,
      0.661418891246014,
      0.20796203357864196,
      0.8346319009366991,
      0.933562417594954,
      0.9263400283007405,
      0.8982097521902903,
      0.8644077040856053,
      0.960015764851843,
      0.9645318688815372,
      0.8964586015832088,
      0.4158062765057612,
      0.8854324241792977,
      0.7841636898454896,
      0.6419256800307425,
      0.7610089307359005,
      0.6265762484068056,
      0.6270761008357711,
      0.7042462814050423,
      0.9050595158340995,
      0.6037393027359855,
      0.9695837290459967,
      0.9768163136355368,
      0.5414488772334896,
      0.7682388361178817,
      0.9152923746594369,
      0.980937764038544,
      0.4885935345265605,
      0.6892100535979964,
      0.6593748829145318,
      0.8182155576679633,
      0.9879107692627618,
      0.8764565219415436,
      0.898120237202315,
      0.7454615420581469,
      0.9392387616632255,
      0.899764991138032,
      0.9640267866772949,
      0.9513415440677234,
      0.5433039858293429,
      0.9985728128508429,
      0.3727638578937411,
      0.683312483772051,
      0.9066992284877415,
      0.9136785996614818,
      0.9282355790626289,
      0.8181884302692466,
      0.35655771358310395,
      0.8718211906246693,
      0.7538304749168941,
      0.2703013686961009,
      0.195146797600952,
      0.8277334622524788,
      0.9357034737698001,
      0.2558899678530062,
      0.8001136991768023,
      0.9278437738837768,
      0.8535314226983667,
      0.5429942459616965,
      0.9713502697105384,
      0.4853540168166084,
      0.7955874075478895,
      0.4753530984489276,
      0.6595553117703081,
      0.8617379171339403,
      0.8534853501925682,
      0.8825873699572712,
      0.07603234397244507,
      0.8976643376231789,
      0.9749075757375708
    ]
  }
}