{
  "config": {
    "dataset": "mnm",
    "backbone": "cinema",
    "model_name": "cinema_pretrained",
    "eval_mode": "logreg",
    "pooling": "cls",
    "embed_dim": 768,
    "best_hyperparam": 9.999999747378752e-05,
    "hyperparam_name": "C",
    "num_classes": 5,
    "class_names": [
      "NOR",
      "DCM",
      "HCM",
      "ARV",
      "HHD"
    ]
  },
  "sweep_results": [
    {
      "param_value": 9.999999974752427e-07,
      "mean_cv_acc": 0.25806451612903225,
      "std_cv_acc": 0.0
    },
    {
      "param_value": 1.7782793975129607e-06,
      "mean_cv_acc": 0.25806451612903225,
      "std_cv_acc": 0.0
    },
    {
      "param_value": 3.1622776077711023e-06,
      "mean_cv_acc": 0.25806451612903225,
      "std_cv_acc": 0.0
    },
    {
      "param_value": 5.6234130170196295e-06,
      "mean_cv_acc": 0.25806451612903225,
      "std_cv_acc": 0.0
    },
    {
      "param_value": 9.999999747378752e-06,
      "mean_cv_acc": 0.3548387096774194,
      "std_cv_acc": 0.0
    },
    {
      "param_value": 1.778279329300858e-05,
      "mean_cv_acc": 0.41935483870967744,
      "std_cv_acc": 0.0
    },
    {
      "param_value": 3.162277789670043e-05,
      "mean_cv_acc": 0.41935483870967744,
      "std_cv_acc": 0.0
    },
    {
      "param_value": 5.62341338081751e-05,
      "mean_cv_acc": 0.41935483870967744,
      "std_cv_acc": 0.0
    },
    {
      "param_value": 9.999999747378752e-05,
      "mean_cv_acc": 0.4838709677419355,
      "std_cv_acc": 0.0
    },
    {
      "param_value": 0.00017782794020604342,
      "mean_cv_acc": 0.45161290322580644,
      "std_cv_acc": 0.0
    },
    {
      "param_value": 0.0003162277571391314,
      "mean_cv_acc": 0.45161290322580644,
      "std_cv_acc": 0.0
    },
    {
      "param_value": 0.000562341301701963,
      "mean_cv_acc": 0.4838709677419355,
      "std_cv_acc": 0.0
    },
    {
      "param_value": 0.0010000000474974513,
      "mean_cv_acc": 0.45161290322580644,
      "std_cv_acc": 0.0
    },
    {
      "param_value": 0.0017782794311642647,
      "mean_cv_acc": 0.4838709677419355,
      "std_cv_acc": 0.0
    },
    {
      "param_value": 0.003162277629598975,
      "mean_cv_acc": 0.4838709677419355,
      "std_cv_acc": 0.0
    },
    {
      "param_value": 0.005623413249850273,
      "mean_cv_acc": 0.4838709677419355,
      "std_cv_acc": 0.0
    },
    {
      "param_value": 0.009999999776482582,
      "mean_cv_acc": 0.4838709677419355,
      "std_cv_acc": 0.0
    },
    {
      "param_value": 0.017782794311642647,
      "mean_cv_acc": 0.45161290322580644,
      "std_cv_acc": 0.0
    },
    {
      "param_value": 0.03162277489900589,
      "mean_cv_acc": 0.45161290322580644,
      "std_cv_acc": 0.0
    },
    {
      "param_value": 0.05623413249850273,
      "mean_cv_acc": 0.4838709677419355,
      "std_cv_acc": 0.0
    },
    {
      "param_value": 0.10000000149011612,
      "mean_cv_acc": 0.4838709677419355,
      "std_cv_acc": 0.0
    },
    {
      "param_value": 0.17782793939113617,
      "mean_cv_acc": 0.4838709677419355,
      "std_cv_acc": 0.0
    },
    {
      "param_value": 0.3162277638912201,
      "mean_cv_acc": 0.4838709677419355,
      "std_cv_acc": 0.0
    },
    {
      "param_value": 0.5623413324356079,
      "mean_cv_acc": 0.4838709677419355,
      "std_cv_acc": 0.0
    },
    {
      "param_value": 1.0,
      "mean_cv_acc": 0.45161290322580644,
      "std_cv_acc": 0.0
    },
    {
      "param_value": 1.778279423713684,
      "mean_cv_acc": 0.45161290322580644,
      "std_cv_acc": 0.0
    },
    {
      "param_value": 3.1622776985168457,
      "mean_cv_acc": 0.45161290322580644,
      "std_cv_acc": 0.0
    },
    {
      "param_value": 5.6234130859375,
      "mean_cv_acc": 0.45161290322580644,
      "std_cv_acc": 0.0
    },
    {
      "param_value": 10.0,
      "mean_cv_acc": 0.45161290322580644,
      "std_cv_acc": 0.0
    },
    {
      "param_value": 17.782794952392578,
      "mean_cv_acc": 0.45161290322580644,
      "std_cv_acc": 0.0
    },
    {
      "param_value": 31.62277603149414,
      "mean_cv_acc": 0.45161290322580644,
      "std_cv_acc": 0.0
    },
    {
      "param_value": 56.234130859375,
      "mean_cv_acc": 0.45161290322580644,
      "std_cv_acc": 0.0
    },
    {
      "param_value": 100.0,
      "mean_cv_acc": 0.45161290322580644,
      "std_cv_acc": 0.0
    },
    {
      "param_value": 177.82794189453125,
      "mean_cv_acc": 0.45161290322580644,
      "std_cv_acc": 0.0
    },
    {
      "param_value": 316.2277526855469,
      "mean_cv_acc": 0.45161290322580644,
      "std_cv_acc": 0.0
    },
    {
      "param_value": 562.34130859375,
      "mean_cv_acc": 0.45161290322580644,
      "std_cv_acc": 0.0
    },
    {
      "param_value": 1000.0,
      "mean_cv_acc": 0.45161290322580644,
      "std_cv_acc": 0.0
    },
    {
      "param_value": 1778.2794189453125,
      "mean_cv_acc": 0.45161290322580644,
      "std_cv_acc": 0.0
    },
    {
      "param_value": 3162.277587890625,
      "mean_cv_acc": 0.45161290322580644,
      "std_cv_acc": 0.0
    },
    {
      "param_value": 5623.4130859375,
      "mean_cv_acc": 0.45161290322580644,
      "std_cv_acc": 0.0
    },
    {
      "param_value": 10000.0,
      "mean_cv_acc": 0.45161290322580644,
      "std_cv_acc": 0.0
    },
    {
      "param_value": 17782.794921875,
      "mean_cv_acc": 0.45161290322580644,
      "std_cv_acc": 0.0
    },
    {
      "param_value": 31622.77734375,
      "mean_cv_acc": 0.45161290322580644,
      "std_cv_acc": 0.0
    },
    {
      "param_value": 56234.1328125,
      "mean_cv_acc": 0.45161290322580644,
      "std_cv_acc": 0.0
    },
    {
      "param_value": 100000.0,
      "mean_cv_acc": 0.45161290322580644,
      "std_cv_acc": 0.0
    }
  ],
  "five_way": {
    "accuracy": 0.38095238095238093,
    "macro_f1": 0.1915714285714286,
    "macro_sensitivity": 0.2613664596273292,
    "macro_specificity": 0.8211300499105377,
    "per_class_sensitivity": {
      "NOR": 0.0,
      "DCM": 0.8285714285714286,
      "HCM": 0.4782608695652174,
      "ARV": 0.0,
      "HHD": 0.0
    },
    "per_class_specificity": {
      "NOR": 0.9864864864864865,
      "DCM": 0.3142857142857143,
      "HCM": 0.8048780487804879,
      "ARV": 1.0,
      "HHD": 1.0
    },
    "confusion_matrix": [
      [
        0,
        25,
        6,
        0,
        0
      ],
      [
        1,
        29,
        5,
        0,
        0
      ],
      [
        0,
        12,
        11,
        0,
        0
      ],
      [
        0,
        4,
        2,
        0,
        0
      ],
      [
        0,
        7,
        3,
        0,
        0
      ]
    ],
    "classification_report": {
      "NOR": {
        "precision": 0.0,
        "recall": 0.0,
        "f1-score": 0.0,
        "support": 31.0
      },
      "DCM": {
        "precision": 0.37662337662337664,
        "recall": 0.8285714285714286,
        "f1-score": 0.5178571428571429,
        "support": 35.0
      },
      "HCM": {
        "precision": 0.4074074074074074,
        "recall": 0.4782608695652174,
        "f1-score": 0.44,
        "support": 23.0
      },
      "ARV": {
        "precision": 0.0,
        "recall": 0.0,
        "f1-score": 0.0,
        "support": 6.0
      },
      "HHD": {
        "precision": 0.0,
        "recall": 0.0,
        "f1-score": 0.0,
        "support": 10.0
      },
      "accuracy": 0.38095238095238093,
      "macro avg": {
        "precision": 0.1568061568061568,
        "recall": 0.2613664596273292,
        "f1-score": 0.1915714285714286,
        "support": 105.0
      },
      "weighted avg": {
        "precision": 0.21478274811608147,
        "recall": 0.38095238095238093,
        "f1-score": 0.26899999999999996,
        "support": 105.0
      }
    },
    "probabilities": [
      [
        0.15934332213072158,
        0.6711915101728407,
        0.11922099693252092,
        0.045161694561506184,
        0.005082476202410574
      ],
      [
        0.26733145327474955,
        0.27425380255674453,
        0.40374730035850404,
        0.04759794745470002,
        0.007069496355301937
      ],
      [
        0.2074050574460994,
        0.37894587193483636,
        0.32899383544390576,
        0.07756887450470154,
        0.007086360670457083
      ],
      [
        0.20273503266256626,
        0.5786231908583916,
        0.16540950859260128,
        0.04742237085937469,
        0.0058098970270661346
      ],
      [
        0.2050109250003748,
        0.5704436771204465,
        0.16447303544325773,
        0.054209172052356994,
        0.00586319038356399
      ],
      [
        0.27318020632436857,
        0.3670696312783633,
        0.30716425861009156,
        0.045514932740488,
        0.0070709710466886075
      ],
      [
        0.21384170419454776,
        0.45933073527289764,
        0.2502243269684187,
        0.0697392959006931,
        0.006863937663442785
      ],
      [
        0.2590546285998546,
        0.25088866321596687,
        0.4405051523028822,
        0.04269798062620351,
        0.006853575255092648
      ],
      [
        0.2605799296450852,
        0.4436253968519671,
        0.25005610752744306,
        0.03924391920870075,
        0.006494646766803721
      ],
      [
        0.1932676027683993,
        0.420196487314817,
        0.3133396999554516,
        0.06633994315818098,
        0.006856266803150982
      ],
      [
        0.24070289020479646,
        0.399141145299814,
        0.30330794344634904,
        0.04999039481723626,
        0.006857626231804179
      ],
      [
        0.234201068332572,
        0.28433062278737437,
        0.4231785532327929,
        0.05131202733393335,
        0.00697772831332734
      ],
      [
        0.23829326464263054,
        0.2845611256744612,
        0.4143027573385006,
        0.0559508334646417,
        0.006892018879766115
      ],
      [
        0.2456619613195918,
        0.23947097781008547,
        0.4617960024931229,
        0.04633689229968067,
        0.006734166077519136
      ],
      [
        0.2571952936961372,
        0.3084053266760283,
        0.37101075784789456,
        0.05637997036160162,
        0.007008651418338264
      ],
      [
        0.1902336221628486,
        0.547504545672023,
        0.19847282084284576,
        0.05758660355104133,
        0.006202407771241325
      ],
      [
        0.18814118465538412,
        0.5715330611662406,
        0.17465520672721166,
        0.059546882224238366,
        0.0061236652269252645
      ],
      [
        0.2712685717688051,
        0.32288003013531125,
        0.35534468166311256,
        0.043478767825373965,
        0.00702794860739725
      ],
      [
        0.17119836356533288,
        0.6190060712588018,
        0.15495656283831982,
        0.04921511345895859,
        0.005623888878586846
      ],
      [
        0.26937493007305385,
        0.2996030785651209,
        0.36803483291017,
        0.055895421227642766,
        0.007091737224012487
      ],
      [
        0.2607815133462721,
        0.3430128101785876,
        0.3309491081768893,
        0.058527138327634294,
        0.006729429970616636
      ],
      [
        0.2869180827236708,
        0.4089940382932511,
        0.2588469139888965,
        0.0388616762810208,
        0.006379288713160937
      ],
      [
        0.2878013581480427,
        0.44443422783363795,
        0.2224141845186971,
        0.03897406325015864,
        0.006376166249463657
      ],
      [
        0.2892561654755624,
        0.30240118437711155,
        0.3594920556315491,
        0.04189565810968744,
        0.006954936406089596
      ],
      [
        0.32997065557139355,
        0.3410755591535655,
        0.2649020748531614,
        0.05716938450470512,
        0.006882325917174365
      ],
      [
        0.3767853242551164,
        0.299484057938482,
        0.26746721622080016,
        0.04968796552929487,
        0.006575436056306525
      ],
      [
        0.28233484445386425,
        0.39587265164952634,
        0.2673030869851216,
        0.04773380202923267,
        0.006755614882255159
      ],
      [
        0.2198164223517759,
        0.4454882552867277,
        0.26474506674951725,
        0.06316875107279753,
        0.006781504539181619
      ],
      [
        0.25144959563751024,
        0.3480688206712008,
        0.33958624078343697,
        0.053877263862298325,
        0.007018079045553669
      ],
      [
        0.18392176926765288,
        0.5842784858944539,
        0.16958446390147508,
        0.056379661188963044,
        0.005835619747455029
      ],
      [
        0.2588163070537974,
        0.36366167725344567,
        0.3203282725290652,
        0.050188215256150706,
        0.007005527907541034
      ],
      [
        0.18869625363775844,
        0.5836107916020861,
        0.17291745313255516,
        0.04894531462494026,
        0.00583018700266021
      ],
      [
        0.20628091924668976,
        0.5232752025699214,
        0.20398875273741907,
        0.060043663907920486,
        0.0064114615380492
      ],
      [
        0.26489925044204266,
        0.38416046600679543,
        0.30187674110204565,
        0.04212494689281914,
        0.006938595556297112
      ],
      [
        0.23861980686820405,
        0.29150114603310534,
        0.4164138148192631,
        0.04658521798295229,
        0.0068800142964750705
      ],
      [
        0.22003764976434634,
        0.47148524249421747,
        0.24640563047524766,
        0.055630897657620595,
        0.006440579608567995
      ],
      [
        0.3227530717144656,
        0.3355465018624472,
        0.29484354332059964,
        0.040195161676567316,
        0.006661721425920259
      ],
      [
        0.33965911127618686,
        0.3422680095097919,
        0.2616627952643372,
        0.049681014136145785,
        0.00672906981353824
      ],
      [
        0.19623640137660633,
        0.2466617541954914,
        0.48483771181787383,
        0.06561760214751902,
        0.006646530462509325
      ],
      [
        0.1503543226199435,
        0.6437486992219119,
        0.15476473411744524,
        0.04570389650068466,
        0.005428347540014788
      ],
      [
        0.26555768820643066,
        0.3894607312689489,
        0.2974883193126947,
        0.04073310562403364,
        0.006760155587892131
      ],
      [
        0.21327564214634567,
        0.2582164428215591,
        0.4577391918007338,
        0.06413825485340449,
        0.006630468377956905
      ],
      [
        0.1782432908363214,
        0.6581229792715053,
        0.11701780767366567,
        0.041469206629109245,
        0.005146715589398495
      ],
      [
        0.24917202110695252,
        0.41377013166308224,
        0.2812474807334772,
        0.04906110211058739,
        0.006749264385900557
      ],
      [
        0.29547818638946016,
        0.286363982659272,
        0.35503107887277346,
        0.05632880110655197,
        0.006797950971942203
      ],
      [
        0.2034770504132288,
        0.5402010568145319,
        0.19627063473826892,
        0.05389815917602187,
        0.00615309885794854
      ],
      [
        0.2885008791521482,
        0.28606901104813187,
        0.3756564785133676,
        0.042887035506524084,
        0.006886595779828395
      ],
      [
        0.2025169036646626,
        0.5131299195600797,
        0.22040894728321644,
        0.057681007633042895,
        0.006263221858998266
      ],
      [
        0.2736970636083856,
        0.22200696317510554,
        0.453620663354319,
        0.043921323033732244,
        0.0067539868284576835
      ],
      [
        0.2255015941718825,
        0.4693689495546212,
        0.24387952940856153,
        0.054714382807935676,
        0.006535544056999345
      ],
      [
        0.24921131403558622,
        0.41030557203604695,
        0.27618126000517235,
        0.05750325674050245,
        0.006798597182692114
      ],
      [
        0.31600606668143194,
        0.4651016952116732,
        0.1626771158921126,
        0.049970471131804126,
        0.006244651082977904
      ],
      [
        0.23317360088725309,
        0.43304062222138245,
        0.26453912324430573,
        0.062341135805067,
        0.0069055178419917245
      ],
      [
        0.22213588300744003,
        0.4753975256258664,
        0.24530436861962915,
        0.050709782312923696,
        0.006452440434140694
      ],
      [
        0.23385686215298998,
        0.4320088036048986,
        0.2854825712695067,
        0.04199526305586441,
        0.006656499916740403
      ],
      [
        0.31153301818292617,
        0.3767009561853285,
        0.2586948906331493,
        0.046380008571284936,
        0.006691126427310959
      ],
      [
        0.24228879573719886,
        0.3740290037136555,
        0.3348840205702578,
        0.04186311500678791,
        0.006935064972099925
      ],
      [
        0.19015608807292395,
        0.4871195421953496,
        0.25345341889635836,
        0.06266655872056338,
        0.006604392114804835
      ],
      [
        0.28057485033366353,
        0.2631767542652842,
        0.40814797557352644,
        0.04117861607251319,
        0.006921803755012583
      ],
      [
        0.25153731084079783,
        0.34717985964119447,
        0.32390564164033236,
        0.07028815729403297,
        0.007089030583642321
      ],
      [
        0.2428562579967773,
        0.35011475647251356,
        0.35576765800897014,
        0.04441585942441002,
        0.006845468097329003
      ],
      [
        0.20477873312888845,
        0.4127797839104164,
        0.29605773221034465,
        0.07953249157786717,
        0.006851259172483288
      ],
      [
        0.31023668700440266,
        0.31946551309931487,
        0.295572133291844,
        0.06777939896661038,
        0.006946267637828065
      ],
      [
        0.29533584688745407,
        0.4737124822002037,
        0.17966487503054862,
        0.045175558849481566,
        0.0061112370323121125
      ],
      [
        0.3011550393386082,
        0.36439003857547153,
        0.2847247525027336,
        0.04304050036000265,
        0.006689669223184014
      ],
      [
        0.27790323749078166,
        0.4972489043315297,
        0.16873464784311407,
        0.049894567060407756,
        0.006218643274166786
      ],
      [
        0.19802760570463185,
        0.40835539377018004,
        0.3380965726429085,
        0.04886586651203836,
        0.006654561370241448
      ],
      [
        0.20833898556973657,
        0.5384308218203622,
        0.18222183748104234,
        0.06462098970125439,
        0.006387365427604749
      ],
      [
        0.27788006131272064,
        0.48968973424773377,
        0.1833739288282688,
        0.04305436792932463,
        0.006001907681952345
      ],
      [
        0.24435640006934073,
        0.24854105132165172,
        0.43810257487807613,
        0.06198242044052268,
        0.0070175532904085845
      ],
      [
        0.2688713991048225,
        0.42925505489118543,
        0.25317632822871694,
        0.042061853653395584,
        0.006635364121879453
      ],
      [
        0.25609321972943966,
        0.24647942510770066,
        0.437538159077227,
        0.0529541375967711,
        0.006935058488861604
      ],
      [
        0.16731447209154177,
        0.6261856193484859,
        0.15089851565278925,
        0.0499824883845906,
        0.005618904522592444
      ],
      [
        0.263087397037923,
        0.5112556101830847,
        0.17852899966412886,
        0.04093646575691128,
        0.006191527357951935
      ],
      [
        0.2561930252662678,
        0.4278781226283959,
        0.25736559112316465,
        0.05179022921328814,
        0.0067730317688835815
      ],
      [
        0.23629233682119044,
        0.5060787733523708,
        0.2107915889875276,
        0.04045581704969536,
        0.0063814837892157365
      ],
      [
        0.2578160357364827,
        0.3707049110289709,
        0.3180362561596184,
        0.046521592885608885,
        0.006921204189318976
      ],
      [
        0.30920680310312015,
        0.2695580167551938,
        0.3740556821330775,
        0.04040408520297896,
        0.006775412805629568
      ],
      [
        0.1858001556466876,
        0.5435205313101787,
        0.2082663104136159,
        0.05615932436640038,
        0.006253678263117475
      ],
      [
        0.20283401485497835,
        0.5450546520427342,
        0.19646841135174647,
        0.04959532653965165,
        0.006047595210889327
      ],
      [
        0.18729877538019704,
        0.5714512672101362,
        0.1818581786433761,
        0.05341246838815972,
        0.005979310378130885
      ],
      [
        0.2013463670414402,
        0.5090086365684715,
        0.22570888902781136,
        0.05760860006627206,
        0.006327507296004851
      ],
      [
        0.2833262798061044,
        0.29582041374710805,
        0.36586745876266297,
        0.04797496113530458,
        0.007010886548819968
      ],
      [
        0.2501028785832939,
        0.27685236622150305,
        0.4146985988952546,
        0.05124580703285261,
        0.0071003492670959345
      ],
      [
        0.1988145361312371,
        0.5457640501123504,
        0.1938398917997337,
        0.055460132632571574,
        0.0061213893241072
      ],
      [
        0.3188631813313496,
        0.29431422574436944,
        0.33382061515315503,
        0.04628245243439277,
        0.006719525336732984
      ],
      [
        0.26222831806599206,
        0.49382235647726713,
        0.1855588010849879,
        0.05209061542407769,
        0.00629990894767523
      ],
      [
        0.2755208747150964,
        0.4161876349890942,
        0.2621680009278576,
        0.03943080252188272,
        0.006692686846069127
      ],
      [
        0.23019246380192854,
        0.34599235199780465,
        0.36441633540891166,
        0.052439086181744796,
        0.006959762609610285
      ],
      [
        0.3089994719759705,
        0.32768509692896747,
        0.2891420604148841,
        0.06700434477275849,
        0.00716902590741929
      ],
      [
        0.3169077727379023,
        0.42611017659858,
        0.20695602001949398,
        0.0436227682328322,
        0.006403262411191642
      ],
      [
        0.18529260845419795,
        0.4892040494472154,
        0.25432829248178984,
        0.06460039512410383,
        0.006574654492692916
      ],
      [
        0.27514799053033934,
        0.2565019756109449,
        0.41854116245888595,
        0.042933022751832105,
        0.00687584864799757
      ],
      [
        0.2976559769032924,
        0.4679558070765226,
        0.1923686322877512,
        0.03590922223270947,
        0.006110361499724185
      ],
      [
        0.1826055007456883,
        0.5402025371992378,
        0.20860442247593397,
        0.06231382440003287,
        0.006273715179107007
      ],
      [
        0.3318844984597705,
        0.34810436906492775,
        0.2697141765471746,
        0.04361521867522227,
        0.006681737252904898
      ],
      [
        0.2668807664720484,
        0.3602791787144814,
        0.3230645379326001,
        0.04285356796045514,
        0.006921948920414941
      ],
      [
        0.3281792689375355,
        0.3626785878738313,
        0.2391351595795775,
        0.0632553451341695,
        0.0067516384748862665
      ],
      [
        0.2836152909302307,
        0.26607090330475697,
        0.3982980316347974,
        0.04493139654554895,
        0.007084377584666015
      ],
      [
        0.18675642165057219,
        0.5674112760069285,
        0.18398704104508362,
        0.05575107316442072,
        0.006094188132994945
      ],
      [
        0.2266003100784263,
        0.45411163265244553,
        0.25406324500011485,
        0.05857259621166419,
        0.00665221605734924
      ],
      [
        0.19774089497565794,
        0.5405925381695279,
        0.20235353240241932,
        0.05318207582548895,
        0.006130958626905923
      ],
      [
        0.329236397858156,
        0.27456844225837296,
        0.3456295666298588,
        0.04382607953937884,
        0.0067395137142332645
      ],
      [
        0.23353066717747115,
        0.43311787089398907,
        0.26317719800605094,
        0.06336019710393478,
        0.006814066818553911
      ],
      [
        0.25970457059555846,
        0.45249120148901567,
        0.23856279425558244,
        0.042596160420980085,
        0.00664527323886318
      ]
    ],
    "predictions": [
      1,
      2,
      1,
      1,
      1,
      1,
      1,
      2,
      1,
      1,
      1,
      2,
      2,
      2,
      2,
      1,
      1,
      2,
      1,
      2,
      1,
      1,
      1,
      2,
      1,
      0,
      1,
      1,
      1,
      1,
      1,
      1,
      1,
      1,
      2,
      1,
      1,
      1,
      2,
      1,
      1,
      2,
      1,
      1,
      2,
      1,
      2,
      1,
      2,
      1,
      1,
      1,
      1,
      1,
      1,
      1,
      1,
      1,
      2,
      1,
      2,
      1,
      1,
      1,
      1,
      1,
      1,
      1,
      1,
      2,
      1,
      2,
      1,
      1,
      1,
      1,
      1,
      2,
      1,
      1,
      1,
      1,
      2,
      2,
      1,
      2,
      1,
      1,
      2,
      1,
      1,
      1,
      2,
      1,
      1,
      1,
      1,
      1,
      2,
      1,
      1,
      1,
      2,
      1,
      1
    ],
    "true_labels": [
      1,
      4,
      1,
      4,
      4,
      1,
      2,
      2,
      4,
      2,
      0,
      2,
      2,
      2,
      1,
      1,
      2,
      2,
      0,
      0,
      1,
      0,
      1,
      0,
      0,
      1,
      1,
      2,
      1,
      3,
      2,
      0,
      1,
      2,
      2,
      4,
      1,
      0,
      3,
      1,
      0,
      3,
      2,
      1,
      1,
      0,
      0,
      0,
      2,
      0,
      2,
      3,
      1,
      4,
      0,
      0,
      1,
      2,
      4,
      1,
      1,
      1,
      0,
      0,
      1,
      1,
      2,
      0,
      0,
      0,
      3,
      4,
      1,
      4,
      0,
      1,
      1,
      0,
      1,
      0,
      0,
      1,
      2,
      1,
      0,
      2,
      2,
      1,
      2,
      0,
      1,
      0,
      2,
      0,
      3,
      1,
      1,
      0,
      1,
      0,
      4,
      1,
      0,
      2,
      1
    ],
    "patient_ids": [
      "A1K2P5",
      "A2H5K9",
      "A2L1N6",
      "A3H5R1",
      "A3P9V7",
      "A4A8V9",
      "A4K8R4",
      "A5D0G0",
      "A5H1Q2",
      "A5P5W0",
      "A5Q1W8",
      "A6A8H0",
      "A6B7Y4",
      "A6J0Y2",
      "A7E4J0",
      "A7F4G2",
      "B0L3Y2",
      "B1G9J3",
      "B2L0L2",
      "B3E2W8",
      "B3F0V9",
      "B3S2Z4",
      "B4E1K1",
      "B4S1Y2",
      "B5F8L9",
      "B5L5Y4",
      "B5T6V0",
      "B6I0T4",
      "B7F5P0",
      "B9H8N8",
      "C0L7V1",
      "C0N8P4",
      "C6U4W8",
      "C7L8Z8",
      "D1L6T4",
      "D3K5Q2",
      "D3Q0W9",
      "D6E9U8",
      "D9F5P1",
      "D9I8O7",
      "E0J2Z9",
      "E0J7L9",
      "E1L7M3",
      "E3L8U8",
      "E4I9O7",
      "E5J6L2",
      "E5S7W7",
      "E6H0V9",
      "E6J4N8",
      "E7L0N6",
      "E9V9Z2",
      "F0I6U8",
      "F0K4T6",
      "F5I1Z8",
      "G1J5K3",
      "G1K1V3",
      "G3M5S4",
      "G4I7V2",
      "G7N8R7",
      "G7S6V0",
      "G8K0M3",
      "G9N5V9",
      "H1N8S6",
      "H2M9S1",
      "H7K5U5",
      "H8K2K7",
      "I0I2J8",
      "I2J6Z6",
      "I4R8V6",
      "I5L3S2",
      "I6P4R0",
      "I6T4W8",
      "I8N8Y1",
      "I8Z0Z6",
      "J4J8Q3",
      "J9L4S2",
      "K6N4N7",
      "K7L2Y6",
      "K7N0R7",
      "L2V5Z0",
      "L5U7Y4",
      "L6T2T5",
      "L7Y7Z2",
      "L8N7Z0",
      "M2P5T8",
      "M4T4V6",
      "M6M9N1",
      "M6V2Y0",
      "N7P3T8",
      "N7W6Z8",
      "N9P5Z0",
      "N9Q4T8",
      "O4T6Y7",
      "O9V8W5",
      "P3P9S5",
      "P3R6Y5",
      "P8W4Z0",
      "Q1Q3T1",
      "Q3Q6R8",
      "Q4W5Z8",
      "Q5V8W3",
      "R3V5W7",
      "R6V5W3",
      "T2Z1Z9",
      "Y6Y9Z2"
    ]
  },
  "roc_auc": {
    "macro_auc": 0.5810903406778426,
    "per_class_auc": {
      "NOR": 0.5815170008718397,
      "DCM": 0.5273469387755102,
      "HCM": 0.6903499469777307,
      "ARV": 0.6851851851851852,
      "HHD": 0.4210526315789474
    }
  },
  "binary": {
    "accuracy": 0.7047619047619048,
    "f1": 0.8268156424581006,
    "sensitivity": 1.0,
    "specificity": 0.0,
    "roc_auc": 0.5815170008718397,
    "binary_labels": [
      1,
      1,
      1,
      1,
      1,
      1,
      1,
      1,
      1,
      1,
      0,
      1,
      1,
      1,
      1,
      1,
      1,
      1,
      0,
      0,
      1,
      0,
      1,
      0,
      0,
      1,
      1,
      1,
      1,
      1,
      1,
      0,
      1,
      1,
      1,
      1,
      1,
      0,
      1,
      1,
      0,
      1,
      1,
      1,
      1,
      0,
      0,
      0,
      1,
      0,
      1,
      1,
      1,
      1,
      0,
      0,
      1,
      1,
      1,
      1,
      1,
      1,
      0,
      0,
      1,
      1,
      1,
      0,
      0,
      0,
      1,
      1,
      1,
      1,
      0,
      1,
      1,
      0,
      1,
      0,
      0,
      1,
      1,
      1,
      0,
      1,
      1,
      1,
      1,
      0,
      1,
      0,
      1,
      0,
      1,
      1,
      1,
      0,
      1,
      0,
      1,
      1,
      0,
      1,
      1
    ],
    "binary_probs": [
      0.8406566778692784,
      0.7326685467252505,
      0.7925949425539006,
      0.7972649673374337,
      0.7949890749996252,
      0.7268197936756314,
      0.7861582958054523,
      0.7409453714001454,
      0.7394200703549147,
      0.8067323972316007,
      0.7592971097952035,
      0.765798931667428,
      0.7617067353573694,
      0.7543380386804082,
      0.7428047063038627,
      0.8097663778371514,
      0.8118588153446159,
      0.728731428231195,
      0.8288016364346671,
      0.7306250699269461,
      0.7392184866537279,
      0.7130819172763292,
      0.7121986418519572,
      0.7107438345244377,
      0.6700293444286065,
      0.6232146757448835,
      0.7176651555461357,
      0.7801835776482241,
      0.7485504043624898,
      0.8160782307323471,
      0.7411836929462026,
      0.8113037463622416,
      0.7937190807533102,
      0.7351007495579573,
      0.761380193131796,
      0.7799623502356536,
      0.6772469282855345,
      0.6603408887238131,
      0.8037635986233936,
      0.8496456773800565,
      0.7344423117935693,
      0.7867243578536544,
      0.8217567091636786,
      0.7508279788930474,
      0.7045218136105398,
      0.7965229495867712,
      0.7114991208478518,
      0.7974830963353374,
      0.7263029363916145,
      0.7744984058281175,
      0.7507886859644137,
      0.6839939333185681,
      0.7668263991127469,
      0.77786411699256,
      0.76614313784701,
      0.6884669818170739,
      0.7577112042628011,
      0.809843911927076,
      0.7194251496663364,
      0.7484626891592021,
      0.7571437420032228,
      0.7952212668711116,
      0.6897633129955973,
      0.7046641531125459,
      0.6988449606613918,
      0.7220967625092183,
      0.8019723942953682,
      0.7916610144302634,
      0.7221199386872794,
      0.7556435999306592,
      0.7311286008951775,
      0.7439067802705603,
      0.8326855279084582,
      0.736912602962077,
      0.7438069747337321,
      0.7637076631788096,
      0.7421839642635173,
      0.6907931968968799,
      0.8141998443533124,
      0.7971659851450217,
      0.812701224619803,
      0.7986536329585598,
      0.7166737201938955,
      0.7498971214167061,
      0.8011854638687629,
      0.6811368186686504,
      0.7377716819340079,
      0.7244791252849037,
      0.7698075361980714,
      0.6910005280240294,
      0.6830922272620976,
      0.8147073915458021,
      0.7248520094696607,
      0.7023440230967076,
      0.8173944992543117,
      0.6681155015402295,
      0.7331192335279516,
      0.6718207310624644,
      0.7163847090697693,
      0.8132435783494278,
      0.7733996899215737,
      0.8022591050243421,
      0.6707636021418439,
      0.7664693328225288,
      0.7402954294044415
    ]
  }
}