{
  "config": {
    "dataset": "mnm",
    "backbone": "cinema",
    "model_name": "cinema_pretrained",
    "eval_mode": "logreg",
    "freeze_backbone": true,
    "pooling": "gap",
    "embed_dim": 768,
    "best_hyperparam": 0.009999999776482582,
    "hyperparam_name": "C",
    "num_classes": 5,
    "class_names": [
      "NOR",
      "DCM",
      "HCM",
      "ARV",
      "HHD"
    ]
  },
  "sweep_results": [
    {
      "param_value": 9.999999974752427e-07,
      "mean_cv_acc": 0.25806451612903225,
      "std_cv_acc": 0.0
    },
    {
      "param_value": 1.7782793975129607e-06,
      "mean_cv_acc": 0.25806451612903225,
      "std_cv_acc": 0.0
    },
    {
      "param_value": 3.1622776077711023e-06,
      "mean_cv_acc": 0.25806451612903225,
      "std_cv_acc": 0.0
    },
    {
      "param_value": 5.6234130170196295e-06,
      "mean_cv_acc": 0.25806451612903225,
      "std_cv_acc": 0.0
    },
    {
      "param_value": 9.999999747378752e-06,
      "mean_cv_acc": 0.3225806451612903,
      "std_cv_acc": 0.0
    },
    {
      "param_value": 1.778279329300858e-05,
      "mean_cv_acc": 0.41935483870967744,
      "std_cv_acc": 0.0
    },
    {
      "param_value": 3.162277789670043e-05,
      "mean_cv_acc": 0.45161290322580644,
      "std_cv_acc": 0.0
    },
    {
      "param_value": 5.62341338081751e-05,
      "mean_cv_acc": 0.45161290322580644,
      "std_cv_acc": 0.0
    },
    {
      "param_value": 9.999999747378752e-05,
      "mean_cv_acc": 0.4838709677419355,
      "std_cv_acc": 0.0
    },
    {
      "param_value": 0.00017782794020604342,
      "mean_cv_acc": 0.4838709677419355,
      "std_cv_acc": 0.0
    },
    {
      "param_value": 0.0003162277571391314,
      "mean_cv_acc": 0.4838709677419355,
      "std_cv_acc": 0.0
    },
    {
      "param_value": 0.000562341301701963,
      "mean_cv_acc": 0.4838709677419355,
      "std_cv_acc": 0.0
    },
    {
      "param_value": 0.0010000000474974513,
      "mean_cv_acc": 0.4838709677419355,
      "std_cv_acc": 0.0
    },
    {
      "param_value": 0.0017782794311642647,
      "mean_cv_acc": 0.5161290322580645,
      "std_cv_acc": 0.0
    },
    {
      "param_value": 0.003162277629598975,
      "mean_cv_acc": 0.5161290322580645,
      "std_cv_acc": 0.0
    },
    {
      "param_value": 0.005623413249850273,
      "mean_cv_acc": 0.5161290322580645,
      "std_cv_acc": 0.0
    },
    {
      "param_value": 0.009999999776482582,
      "mean_cv_acc": 0.5483870967741935,
      "std_cv_acc": 0.0
    },
    {
      "param_value": 0.017782794311642647,
      "mean_cv_acc": 0.5483870967741935,
      "std_cv_acc": 0.0
    },
    {
      "param_value": 0.03162277489900589,
      "mean_cv_acc": 0.5483870967741935,
      "std_cv_acc": 0.0
    },
    {
      "param_value": 0.05623413249850273,
      "mean_cv_acc": 0.5161290322580645,
      "std_cv_acc": 0.0
    },
    {
      "param_value": 0.10000000149011612,
      "mean_cv_acc": 0.5161290322580645,
      "std_cv_acc": 0.0
    },
    {
      "param_value": 0.17782793939113617,
      "mean_cv_acc": 0.5161290322580645,
      "std_cv_acc": 0.0
    },
    {
      "param_value": 0.3162277638912201,
      "mean_cv_acc": 0.5161290322580645,
      "std_cv_acc": 0.0
    },
    {
      "param_value": 0.5623413324356079,
      "mean_cv_acc": 0.5161290322580645,
      "std_cv_acc": 0.0
    },
    {
      "param_value": 1.0,
      "mean_cv_acc": 0.5161290322580645,
      "std_cv_acc": 0.0
    },
    {
      "param_value": 1.778279423713684,
      "mean_cv_acc": 0.5161290322580645,
      "std_cv_acc": 0.0
    },
    {
      "param_value": 3.1622776985168457,
      "mean_cv_acc": 0.5161290322580645,
      "std_cv_acc": 0.0
    },
    {
      "param_value": 5.6234130859375,
      "mean_cv_acc": 0.5161290322580645,
      "std_cv_acc": 0.0
    },
    {
      "param_value": 10.0,
      "mean_cv_acc": 0.5161290322580645,
      "std_cv_acc": 0.0
    },
    {
      "param_value": 17.782794952392578,
      "mean_cv_acc": 0.5161290322580645,
      "std_cv_acc": 0.0
    },
    {
      "param_value": 31.62277603149414,
      "mean_cv_acc": 0.5161290322580645,
      "std_cv_acc": 0.0
    },
    {
      "param_value": 56.234130859375,
      "mean_cv_acc": 0.5161290322580645,
      "std_cv_acc": 0.0
    },
    {
      "param_value": 100.0,
      "mean_cv_acc": 0.5161290322580645,
      "std_cv_acc": 0.0
    },
    {
      "param_value": 177.82794189453125,
      "mean_cv_acc": 0.5161290322580645,
      "std_cv_acc": 0.0
    },
    {
      "param_value": 316.2277526855469,
      "mean_cv_acc": 0.5161290322580645,
      "std_cv_acc": 0.0
    },
    {
      "param_value": 562.34130859375,
      "mean_cv_acc": 0.5161290322580645,
      "std_cv_acc": 0.0
    },
    {
      "param_value": 1000.0,
      "mean_cv_acc": 0.5161290322580645,
      "std_cv_acc": 0.0
    },
    {
      "param_value": 1778.2794189453125,
      "mean_cv_acc": 0.5161290322580645,
      "std_cv_acc": 0.0
    },
    {
      "param_value": 3162.277587890625,
      "mean_cv_acc": 0.5161290322580645,
      "std_cv_acc": 0.0
    },
    {
      "param_value": 5623.4130859375,
      "mean_cv_acc": 0.5161290322580645,
      "std_cv_acc": 0.0
    },
    {
      "param_value": 10000.0,
      "mean_cv_acc": 0.5161290322580645,
      "std_cv_acc": 0.0
    },
    {
      "param_value": 17782.794921875,
      "mean_cv_acc": 0.5161290322580645,
      "std_cv_acc": 0.0
    },
    {
      "param_value": 31622.77734375,
      "mean_cv_acc": 0.5161290322580645,
      "std_cv_acc": 0.0
    },
    {
      "param_value": 56234.1328125,
      "mean_cv_acc": 0.5161290322580645,
      "std_cv_acc": 0.0
    },
    {
      "param_value": 100000.0,
      "mean_cv_acc": 0.5161290322580645,
      "std_cv_acc": 0.0
    }
  ],
  "five_way": {
    "accuracy": 0.5047619047619047,
    "macro_f1": 0.319856311160659,
    "macro_sensitivity": 0.35719495091164094,
    "macro_specificity": 0.8611378118695192,
    "per_class_sensitivity": {
      "NOR": 0.2903225806451613,
      "DCM": 0.8,
      "HCM": 0.6956521739130435,
      "ARV": 0.0,
      "HHD": 0.0
    },
    "per_class_specificity": {
      "NOR": 0.918918918918919,
      "DCM": 0.6,
      "HCM": 0.8170731707317073,
      "ARV": 0.9696969696969697,
      "HHD": 1.0
    },
    "confusion_matrix": [
      [
        9,
        15,
        7,
        0,
        0
      ],
      [
        3,
        28,
        3,
        1,
        0
      ],
      [
        3,
        2,
        16,
        2,
        0
      ],
      [
        0,
        4,
        2,
        0,
        0
      ],
      [
        0,
        7,
        3,
        0,
        0
      ]
    ],
    "classification_report": {
      "NOR": {
        "precision": 0.6,
        "recall": 0.2903225806451613,
        "f1-score": 0.391304347826087,
        "support": 31.0
      },
      "DCM": {
        "precision": 0.5,
        "recall": 0.8,
        "f1-score": 0.6153846153846154,
        "support": 35.0
      },
      "HCM": {
        "precision": 0.5161290322580645,
        "recall": 0.6956521739130435,
        "f1-score": 0.5925925925925926,
        "support": 23.0
      },
      "ARV": {
        "precision": 0.0,
        "recall": 0.0,
        "f1-score": 0.0,
        "support": 6.0
      },
      "HHD": {
        "precision": 0.0,
        "recall": 0.0,
        "f1-score": 0.0,
        "support": 10.0
      },
      "accuracy": 0.5047619047619047,
      "macro avg": {
        "precision": 0.3232258064516129,
        "recall": 0.35719495091164094,
        "f1-score": 0.319856311160659,
        "support": 105.0
      },
      "weighted avg": {
        "precision": 0.4568663594470046,
        "recall": 0.5047619047619047,
        "f1-score": 0.4504621519114273,
        "support": 105.0
      }
    },
    "probabilities": [
      [
        0.026712199993175076,
        0.9214790742245613,
        0.01042158264915417,
        0.04024436566602349,
        0.0011427774670859797
      ],
      [
        0.15626141895992815,
        0.005558856694198495,
        0.8185386052220611,
        0.0017704021465640722,
        0.017870716977248225
      ],
      [
        0.04064637372803129,
        0.7230595750561231,
        0.052681129894397334,
        0.18233108328553319,
        0.0012818380359150888
      ],
      [
        0.27244450925078034,
        0.6460894995841077,
        0.024417303662135487,
        0.054995518075996314,
        0.0020531694269802785
      ],
      [
        0.03661068819211392,
        0.9191140146296322,
        0.014247560960911242,
        0.029546950347956864,
        0.00048078586938581156
      ],
      [
        0.10079893553856648,
        0.7633817889376764,
        0.12890451796787253,
        0.0021916150711138293,
        0.004723142484770607
      ],
      [
        0.025373269728010493,
        0.022675696402040344,
        0.6537686889104277,
        0.2911890000987254,
        0.006993344860796156
      ],
      [
        0.20669624680539234,
        0.028095327648160494,
        0.7371142925481733,
        0.0036069843111677163,
        0.024487148687106098
      ],
      [
        0.26220326125940807,
        0.6901380625431329,
        0.03883118198539813,
        0.0012156497931091724,
        0.007611844418951754
      ],
      [
        0.016007650929788588,
        0.03651368369943938,
        0.8433527402995522,
        0.099038760253041,
        0.005087164818178985
      ],
      [
        0.30063682120530033,
        0.21950204686699148,
        0.4480170048640003,
        0.025452367348028995,
        0.006391759715678685
      ],
      [
        0.08111388487686409,
        0.04171432686497787,
        0.8513852105348013,
        0.02063695027719464,
        0.005149627446162066
      ],
      [
        0.11132700534436768,
        0.39874752975907346,
        0.45681342055904495,
        0.02685777656987453,
        0.006254267767639429
      ],
      [
        0.01746163263711781,
        0.011986077460355732,
        0.9626220002919388,
        0.0035877020520387166,
        0.004342587558548872
      ],
      [
        0.11925733442140438,
        0.4875136094511896,
        0.3508135296829488,
        0.031075726095432087,
        0.01133980034902496
      ],
      [
        0.0624882201006736,
        0.5793489034352683,
        0.10718004538877328,
        0.24472076087277092,
        0.0062620702025137295
      ],
      [
        0.04784190770648714,
        0.8716928433960593,
        0.01482814689004875,
        0.064461563413775,
        0.0011755385936297888
      ],
      [
        0.29298679643881065,
        0.059808685621655915,
        0.6272175584977565,
        0.003764772745911102,
        0.01622218669586596
      ],
      [
        0.13228930530864144,
        0.7083172464943064,
        0.03389024234862655,
        0.12242349659623986,
        0.0030797092521857717
      ],
      [
        0.11736202889146594,
        0.01053312908808236,
        0.8454327690813568,
        0.02153020682402182,
        0.005141866115073107
      ],
      [
        0.25275386396111305,
        0.3958701124610737,
        0.1659091078176592,
        0.18263382963481886,
        0.002833086125335353
      ],
      [
        0.36488821677210853,
        0.44380831781296803,
        0.18766382286315914,
        0.0005496643825618728,
        0.0030899781692023775
      ],
      [
        0.05488495082376988,
        0.930634337361398,
        0.012369071684064295,
        0.000393759715463876,
        0.001717880415303757
      ],
      [
        0.3859295144189873,
        0.039859729686047486,
        0.5543528700126373,
        0.0010265569994596505,
        0.018831328882868155
      ],
      [
        0.9273545847789343,
        0.026866813695840944,
        0.04141435631470474,
        0.0035286827198564275,
        0.0008355624906636692
      ],
      [
        0.8182027881476458,
        0.11372104505877814,
        0.06391283428657055,
        0.001949798796628427,
        0.002213533710377148
      ],
      [
        0.08177686353181542,
        0.7975256078447056,
        0.11645260252245626,
        0.002500800673457754,
        0.0017441254275648546
      ],
      [
        0.11216400610484448,
        0.1745393908544703,
        0.589082079804099,
        0.11229164391925546,
        0.011922879317330931
      ],
      [
        0.0009540090129531146,
        0.9974071013307388,
        0.0012150600411947978,
        0.00033073779004436354,
        9.309182506884981e-05
      ],
      [
        0.4017537901809035,
        0.422698627298153,
        0.005856769216998588,
        0.1691249011916418,
        0.0005659121123030678
      ],
      [
        0.20846430474118344,
        0.08178252363817884,
        0.6918554771451889,
        0.01125842995453805,
        0.006639264520910696
      ],
      [
        0.13346825697432985,
        0.8102170128329603,
        0.018009754456932637,
        0.035679981817642904,
        0.0026249939181342
      ],
      [
        0.04502559068019454,
        0.9477829202285794,
        0.004388062042624821,
        0.002502235082078138,
        0.00030119196652323083
      ],
      [
        0.29357202941403626,
        0.09222555122206184,
        0.5932548871455312,
        0.0021123954709419903,
        0.018835136747428715
      ],
      [
        0.09344789831014182,
        0.022084355392313067,
        0.8703575511382012,
        0.009264139099642243,
        0.004846056059701541
      ],
      [
        0.3389309975278358,
        0.5095372052816326,
        0.1221440627210168,
        0.026696186584299918,
        0.002691547885214959
      ],
      [
        0.33847749401664357,
        0.6357752771261372,
        0.022782495687620644,
        0.0004596648733597582,
        0.0025050682962389427
      ],
      [
        0.7918074702907241,
        0.15041399907894762,
        0.05350002404492418,
        0.0016518961145286374,
        0.0026266104708754785
      ],
      [
        0.16533590236458498,
        0.05280662261204993,
        0.48658606053789366,
        0.29228717197228743,
        0.0029842425131840155
      ],
      [
        0.06646182779843615,
        0.9124232968892388,
        0.011429909234939074,
        0.008197637264794435,
        0.0014873288125916856
      ],
      [
        0.07361063483090284,
        0.2988009763375747,
        0.6160151225034561,
        0.004273665840522215,
        0.0072996004875441455
      ],
      [
        0.10184488850382903,
        0.01708246170520795,
        0.5353806428114382,
        0.3434388898048237,
        0.002253117174701203
      ],
      [
        0.13559068959592407,
        0.8011096426957562,
        0.022853117103253207,
        0.03545117093302379,
        0.004995379672042861
      ],
      [
        0.03999943421474707,
        0.9154230208125846,
        0.03687818938637856,
        0.005736059020278601,
        0.001963296566011038
      ],
      [
        0.03545593365001665,
        0.036923208066870786,
        0.9210984429263395,
        0.00402540291739415,
        0.0024970124393788443
      ],
      [
        0.10352525279051827,
        0.3093488906475295,
        0.45693435456934045,
        0.12219191859275606,
        0.007999583399855747
      ],
      [
        0.5839887539608192,
        0.006238883617065952,
        0.39179685695042343,
        0.001580021001597042,
        0.016395484470094212
      ],
      [
        0.11457291116610296,
        0.5286473743460892,
        0.1787876445724992,
        0.17538739858740757,
        0.0026046713279009996
      ],
      [
        0.21574459649469516,
        0.006420761273926941,
        0.7670035849935045,
        0.0010426566859622676,
        0.009788400551911098
      ],
      [
        0.3581473842646784,
        0.45928274532885577,
        0.07252916587796131,
        0.10273095165714459,
        0.0073097528713599105
      ],
      [
        0.2389489689155716,
        0.1520334824819589,
        0.4859089959694374,
        0.10618026535754095,
        0.016928287275491144
      ],
      [
        0.37355268376128653,
        0.6221897766887324,
        0.002098931171940215,
        0.001869675133066929,
        0.0002889332449738506
      ],
      [
        0.3728095603803728,
        0.5750931118377068,
        0.04104482616811922,
        0.009695709201061505,
        0.0013567924127396251
      ],
      [
        0.29574475597307387,
        0.648709391316203,
        0.02955717504987175,
        0.02337483268206953,
        0.002613844978781795
      ],
      [
        0.09489723836255537,
        0.5720871888157113,
        0.31517686103739706,
        0.006744078319696994,
        0.011094633464639247
      ],
      [
        0.39596225592330453,
        0.33601212304401573,
        0.26172413038588044,
        0.0011814677908131362,
        0.005120022855986105
      ],
      [
        0.030411919589871918,
        0.866233104135013,
        0.09440364460146684,
        0.0022697476307005394,
        0.006681584042947619
      ],
      [
        0.023184962723543333,
        0.37411579601471023,
        0.16932716274390347,
        0.4273736066379002,
        0.0059984718799426665
      ],
      [
        0.458658886395714,
        0.039525360737088226,
        0.4831887098855185,
        0.002354592690255709,
        0.016272450291423653
      ],
      [
        0.2318133645885687,
        0.08340561985704617,
        0.6264880425488608,
        0.05212801912284848,
        0.006164953882675869
      ],
      [
        0.0846898983384487,
        0.18213603084208108,
        0.7185507500512757,
        0.009026763559117034,
        0.005596557209077656
      ],
      [
        0.01908549892546105,
        0.6810124318547339,
        0.22181782862684296,
        0.07486691198561773,
        0.0032173286073442398
      ],
      [
        0.5112965628693853,
        0.1563621141172953,
        0.24867377594865164,
        0.08045421281532025,
        0.0032133342493474754
      ],
      [
        0.3109328886455588,
        0.6855855121502435,
        0.0031510245747763187,
        0.00016860330984572126,
        0.00016197131957563306
      ],
      [
        0.3406938682516751,
        0.5630425822838815,
        0.09069507127460502,
        0.0016683030308352132,
        0.0039001751590031653
      ],
      [
        0.1817423741214206,
        0.8069752210196917,
        0.006519760856394951,
        0.0034719194297246347,
        0.0012907245727681112
      ],
      [
        0.012082187447619328,
        0.15218732576023378,
        0.8274773858963818,
        0.002506289024322525,
        0.00574681187144255
      ],
      [
        0.12351955436427801,
        0.6865867647539565,
        0.07075654086114272,
        0.11561210916318654,
        0.003525030857436139
      ],
      [
        0.10194976969682144,
        0.8943295549249834,
        0.003554696643163344,
        7.72069864109658e-05,
        8.877174862092288e-05
      ],
      [
        0.25454030641786407,
        0.07231445484326139,
        0.5037263025243787,
        0.15612957961638357,
        0.0132893565981122
      ],
      [
        0.0608168464996424,
        0.9187283831606726,
        0.017492663062168273,
        0.0020476582854496383,
        0.0009144489920669657
      ],
      [
        0.10021408067400588,
        0.005692763988769995,
        0.8796972262059265,
        0.004329223883847326,
        0.010066705247450262
      ],
      [
        0.03597058495363938,
        0.8198110958066211,
        0.05240281848802383,
        0.08815066131423999,
        0.0036648394374756577
      ],
      [
        0.04869103151498673,
        0.9415090480026479,
        0.008349142911192153,
        0.0011059548082515173,
        0.0003448227629219021
      ],
      [
        0.4566587231221164,
        0.3332946769192249,
        0.18145235760285322,
        0.023574149774667666,
        0.005020092581137979
      ],
      [
        0.0014272697765700898,
        0.9975466163187369,
        0.0007122756387198385,
        0.00016851178330066152,
        0.000145326482672733
      ],
      [
        0.6270712805418811,
        0.10410179500485513,
        0.25321489258920543,
        0.010054074865299658,
        0.005557956998758646
      ],
      [
        0.3166217171299882,
        0.01916678073202459,
        0.656591258019184,
        0.0009407922515057017,
        0.006679451867297442
      ],
      [
        0.0933167096675809,
        0.5073517106662567,
        0.16935027762617938,
        0.2228788342879346,
        0.007102467752048427
      ],
      [
        0.08637750633416025,
        0.8640380727721078,
        0.03415755619388723,
        0.013932774972382954,
        0.001494089727461806
      ],
      [
        0.07176978207999284,
        0.6128989324597883,
        0.11210490675902825,
        0.1958548548394833,
        0.007371523861707267
      ],
      [
        0.18186537239583916,
        0.17345648069185035,
        0.1729909772842151,
        0.4658036209973756,
        0.0058835486307198155
      ],
      [
        0.6433229781617252,
        0.15386532495220318,
        0.18296555522582264,
        0.009023563196527256,
        0.010822578463721682
      ],
      [
        0.12817112959315127,
        0.48418245078680044,
        0.3039917406610015,
        0.06424009656119958,
        0.019414582397847165
      ],
      [
        0.24624264308221383,
        0.2970270208722772,
        0.18302453716071723,
        0.2663684262860108,
        0.0073373725987810326
      ],
      [
        0.7296984025457138,
        0.042153459570280785,
        0.22145210083737876,
        0.003533738514874385,
        0.003162298531752216
      ],
      [
        0.8048076324031862,
        0.11532705928413056,
        0.02361744857049928,
        0.05253354184292448,
        0.0037143178992592864
      ],
      [
        0.17235303004042501,
        0.7941666870118557,
        0.025473162217519336,
        0.001990063326769134,
        0.006017057403430799
      ],
      [
        0.06426672383130555,
        0.11067067252759653,
        0.806747156317449,
        0.014761860779793344,
        0.003553586543855672
      ],
      [
        0.743980453690173,
        0.05644059492782412,
        0.15424170822808314,
        0.022382004718433997,
        0.02295523843548573
      ],
      [
        0.19997539620312776,
        0.759324187022111,
        0.03852298073298761,
        0.00032064146639377514,
        0.0018567945753799207
      ],
      [
        0.07216523418238192,
        0.4524091200586223,
        0.1160531096634678,
        0.3542557999411009,
        0.005116736154427108
      ],
      [
        0.14648195779804254,
        0.019194607344057195,
        0.8177550360332374,
        0.002778016246242525,
        0.013790382578420312
      ],
      [
        0.4567591962589447,
        0.524953526580043,
        0.014447260243304578,
        0.001188921547654818,
        0.0026510953700527268
      ],
      [
        0.028643611932529078,
        0.6693889473880876,
        0.026897688968239065,
        0.2732022371954474,
        0.0018675145156969869
      ],
      [
        0.5149838975855225,
        0.43736340162827736,
        0.04068132261207344,
        0.003152134611211322,
        0.003819243562915385
      ],
      [
        0.20452513949992646,
        0.519090749261802,
        0.2560385244809343,
        0.0038355567654399904,
        0.016510029991897147
      ],
      [
        0.5246502005226902,
        0.27160570743680834,
        0.18327353035660182,
        0.015907292689295645,
        0.004563268994603991
      ],
      [
        0.3404217861870174,
        0.3681024536848298,
        0.24048889194996553,
        0.016096610453674907,
        0.034890257724512375
      ],
      [
        0.13822251738655875,
        0.3822475078162088,
        0.11158693348338393,
        0.35910740479346553,
        0.008835636520382885
      ],
      [
        0.14655488304697337,
        0.5685484999270478,
        0.07380335503747827,
        0.20550576046764066,
        0.005587501520859901
      ],
      [
        0.11742649305750959,
        0.4153532963602693,
        0.30441776268902593,
        0.15492210555109262,
        0.007880342342102394
      ],
      [
        0.9239670689570917,
        0.04005965773464049,
        0.03125807720989622,
        0.001918980183875878,
        0.002796215914495606
      ],
      [
        0.10234271863438492,
        0.08830280157473401,
        0.2932205361324108,
        0.5036260769309648,
        0.012507866727505278
      ],
      [
        0.025095206524851765,
        0.969809004169249,
        0.0036376022215342924,
        0.0005093338982818086,
        0.0009488531860831387
      ]
    ],
    "predictions": [
      1,
      2,
      1,
      1,
      1,
      1,
      2,
      2,
      1,
      2,
      2,
      2,
      2,
      2,
      1,
      1,
      1,
      2,
      1,
      2,
      1,
      1,
      1,
      2,
      0,
      0,
      1,
      2,
      1,
      1,
      2,
      1,
      1,
      2,
      2,
      1,
      1,
      0,
      2,
      1,
      2,
      2,
      1,
      1,
      2,
      2,
      0,
      1,
      2,
      1,
      2,
      1,
      1,
      1,
      1,
      0,
      1,
      3,
      2,
      2,
      2,
      1,
      0,
      1,
      1,
      1,
      2,
      1,
      1,
      2,
      1,
      2,
      1,
      1,
      0,
      1,
      0,
      2,
      1,
      1,
      1,
      3,
      0,
      1,
      1,
      0,
      0,
      1,
      2,
      0,
      1,
      1,
      2,
      1,
      1,
      0,
      1,
      0,
      1,
      1,
      1,
      1,
      0,
      3,
      1
    ],
    "true_labels": [
      1,
      4,
      1,
      4,
      4,
      1,
      2,
      2,
      4,
      2,
      0,
      2,
      2,
      2,
      1,
      1,
      2,
      2,
      0,
      0,
      1,
      0,
      1,
      0,
      0,
      1,
      1,
      2,
      1,
      3,
      2,
      0,
      1,
      2,
      2,
      4,
      1,
      0,
      3,
      1,
      0,
      3,
      2,
      1,
      1,
      0,
      0,
      0,
      2,
      0,
      2,
      3,
      1,
      4,
      0,
      0,
      1,
      2,
      4,
      1,
      1,
      1,
      0,
      0,
      1,
      1,
      2,
      0,
      0,
      0,
      3,
      4,
      1,
      4,
      0,
      1,
      1,
      0,
      1,
      0,
      0,
      1,
      2,
      1,
      0,
      2,
      2,
      1,
      2,
      0,
      1,
      0,
      2,
      0,
      3,
      1,
      1,
      0,
      1,
      0,
      4,
      1,
      0,
      2,
      1
    ],
    "patient_ids": [
      "A1K2P5",
      "A2H5K9",
      "A2L1N6",
      "A3H5R1",
      "A3P9V7",
      "A4A8V9",
      "A4K8R4",
      "A5D0G0",
      "A5H1Q2",
      "A5P5W0",
      "A5Q1W8",
      "A6A8H0",
      "A6B7Y4",
      "A6J0Y2",
      "A7E4J0",
      "A7F4G2",
      "B0L3Y2",
      "B1G9J3",
      "B2L0L2",
      "B3E2W8",
      "B3F0V9",
      "B3S2Z4",
      "B4E1K1",
      "B4S1Y2",
      "B5F8L9",
      "B5L5Y4",
      "B5T6V0",
      "B6I0T4",
      "B7F5P0",
      "B9H8N8",
      "C0L7V1",
      "C0N8P4",
      "C6U4W8",
      "C7L8Z8",
      "D1L6T4",
      "D3K5Q2",
      "D3Q0W9",
      "D6E9U8",
      "D9F5P1",
      "D9I8O7",
      "E0J2Z9",
      "E0J7L9",
      "E1L7M3",
      "E3L8U8",
      "E4I9O7",
      "E5J6L2",
      "E5S7W7",
      "E6H0V9",
      "E6J4N8",
      "E7L0N6",
      "E9V9Z2",
      "F0I6U8",
      "F0K4T6",
      "F5I1Z8",
      "G1J5K3",
      "G1K1V3",
      "G3M5S4",
      "G4I7V2",
      "G7N8R7",
      "G7S6V0",
      "G8K0M3",
      "G9N5V9",
      "H1N8S6",
      "H2M9S1",
      "H7K5U5",
      "H8K2K7",
      "I0I2J8",
      "I2J6Z6",
      "I4R8V6",
      "I5L3S2",
      "I6P4R0",
      "I6T4W8",
      "I8N8Y1",
      "I8Z0Z6",
      "J4J8Q3",
      "J9L4S2",
      "K6N4N7",
      "K7L2Y6",
      "K7N0R7",
      "L2V5Z0",
      "L5U7Y4",
      "L6T2T5",
      "L7Y7Z2",
      "L8N7Z0",
      "M2P5T8",
      "M4T4V6",
      "M6M9N1",
      "M6V2Y0",
      "N7P3T8",
      "N7W6Z8",
      "N9P5Z0",
      "N9Q4T8",
      "O4T6Y7",
      "O9V8W5",
      "P3P9S5",
      "P3R6Y5",
      "P8W4Z0",
      "Q1Q3T1",
      "Q3Q6R8",
      "Q4W5Z8",
      "Q5V8W3",
      "R3V5W7",
      "R6V5W3",
      "T2Z1Z9",
      "Y6Y9Z2"
    ]
  },
  "roc_auc": {
    "macro_auc": 0.6874907618998489,
    "per_class_auc": {
      "NOR": 0.7013949433304272,
      "DCM": 0.7542857142857142,
      "HCM": 0.7942735949098622,
      "ARV": 0.6885521885521885,
      "HHD": 0.4989473684210527
    }
  },
  "binary": {
    "accuracy": 0.7142857142857143,
    "f1": 0.8192771084337349,
    "sensitivity": 0.918918918918919,
    "specificity": 0.22580645161290322,
    "roc_auc": 0.7013949433304272,
    "binary_labels": [
      1,
      1,
      1,
      1,
      1,
      1,
      1,
      1,
      1,
      1,
      0,
      1,
      1,
      1,
      1,
      1,
      1,
      1,
      0,
      0,
      1,
      0,
      1,
      0,
      0,
      1,
      1,
      1,
      1,
      1,
      1,
      0,
      1,
      1,
      1,
      1,
      1,
      0,
      1,
      1,
      0,
      1,
      1,
      1,
      1,
      0,
      0,
      0,
      1,
      0,
      1,
      1,
      1,
      1,
      0,
      0,
      1,
      1,
      1,
      1,
      1,
      1,
      0,
      0,
      1,
      1,
      1,
      0,
      0,
      0,
      1,
      1,
      1,
      1,
      0,
      1,
      1,
      0,
      1,
      0,
      0,
      1,
      1,
      1,
      0,
      1,
      1,
      1,
      1,
      0,
      1,
      0,
      1,
      0,
      1,
      1,
      1,
      0,
      1,
      0,
      1,
      1,
      0,
      1,
      1
    ],
    "binary_probs": [
      0.9732878000068249,
      0.8437385810400718,
      0.9593536262719687,
      0.7275554907492197,
      0.9633893118078861,
      0.8992010644614336,
      0.9746267302719895,
      0.7933037531946077,
      0.7377967387405919,
      0.9839923490702114,
      0.6993631787946997,
      0.9188861151231359,
      0.8886729946556323,
      0.9825383673628821,
      0.8807426655785956,
      0.9375117798993264,
      0.9521580922935129,
      0.7070132035611894,
      0.8677106946913585,
      0.882637971108534,
      0.7472461360388869,
      0.6351117832278914,
      0.9451150491762301,
      0.6140704855810126,
      0.07264541522106571,
      0.1817972118523542,
      0.9182231364681845,
      0.8878359938951556,
      0.9990459909870469,
      0.5982462098190965,
      0.7915356952588166,
      0.8665317430256702,
      0.9549744093198055,
      0.7064279705859637,
      0.9065521016898582,
      0.6610690024721642,
      0.6615225059833565,
      0.20819252970927593,
      0.834664097635415,
      0.9335381722015639,
      0.9263893651690972,
      0.898155111496171,
      0.864409310404076,
      0.960000565785253,
      0.9645440663499834,
      0.8964747472094817,
      0.4160112460391808,
      0.8854270888338971,
      0.7842554035053049,
      0.6418526157353216,
      0.7610510310844284,
      0.6264473162387134,
      0.6271904396196273,
      0.7042552440269261,
      0.9051027616374446,
      0.6040377440766955,
      0.9695880804101281,
      0.9768150372764567,
      0.541341113604286,
      0.7681866354114313,
      0.9153101016615512,
      0.9809145010745389,
      0.4887034371306147,
      0.6890671113544412,
      0.6593061317483249,
      0.8182576258785794,
      0.9879178125523806,
      0.876480445635722,
      0.8980502303031785,
      0.7454596935821359,
      0.9391831535003576,
      0.8997859193259942,
      0.9640294150463606,
      0.9513089684850132,
      0.5433412768778836,
      0.99857273022343,
      0.3729287194581189,
      0.6833782828700118,
      0.9066832903324191,
      0.9136224936658397,
      0.9282302179200072,
      0.8181346276041608,
      0.35667702183827477,
      0.8718288704068488,
      0.7537573569177862,
      0.27030159745428617,
      0.1951923675968138,
      0.827646969959575,
      0.9357332761686945,
      0.25601954630982704,
      0.8000246037968722,
      0.927834765817618,
      0.8535180422019575,
      0.5432408037410553,
      0.9713563880674709,
      0.48501610241447746,
      0.7954748605000735,
      0.4753497994773098,
      0.6595782138129826,
      0.8617774826134412,
      0.8534451169530266,
      0.8825735069424904,
      0.07603293104290831,
      0.8976572813656151,
      0.9749047934751482
    ]
  }
}
