{
  "config": {
    "dataset": "mnm",
    "backbone": "cinema",
    "model_name": "cinema_pretrained",
    "eval_mode": "logreg",
    "pooling": "gap",
    "embed_dim": 768,
    "best_hyperparam": 0.009999999776482582,
    "hyperparam_name": "C",
    "num_classes": 5,
    "class_names": [
      "NOR",
      "DCM",
      "HCM",
      "ARV",
      "HHD"
    ]
  },
  "sweep_results": [
    {
      "param_value": 9.999999974752427e-07,
      "mean_cv_acc": 0.25806451612903225,
      "std_cv_acc": 0.0
    },
    {
      "param_value": 1.7782793975129607e-06,
      "mean_cv_acc": 0.25806451612903225,
      "std_cv_acc": 0.0
    },
    {
      "param_value": 3.1622776077711023e-06,
      "mean_cv_acc": 0.25806451612903225,
      "std_cv_acc": 0.0
    },
    {
      "param_value": 5.6234130170196295e-06,
      "mean_cv_acc": 0.25806451612903225,
      "std_cv_acc": 0.0
    },
    {
      "param_value": 9.999999747378752e-06,
      "mean_cv_acc": 0.3225806451612903,
      "std_cv_acc": 0.0
    },
    {
      "param_value": 1.778279329300858e-05,
      "mean_cv_acc": 0.41935483870967744,
      "std_cv_acc": 0.0
    },
    {
      "param_value": 3.162277789670043e-05,
      "mean_cv_acc": 0.45161290322580644,
      "std_cv_acc": 0.0
    },
    {
      "param_value": 5.62341338081751e-05,
      "mean_cv_acc": 0.45161290322580644,
      "std_cv_acc": 0.0
    },
    {
      "param_value": 9.999999747378752e-05,
      "mean_cv_acc": 0.4838709677419355,
      "std_cv_acc": 0.0
    },
    {
      "param_value": 0.00017782794020604342,
      "mean_cv_acc": 0.4838709677419355,
      "std_cv_acc": 0.0
    },
    {
      "param_value": 0.0003162277571391314,
      "mean_cv_acc": 0.4838709677419355,
      "std_cv_acc": 0.0
    },
    {
      "param_value": 0.000562341301701963,
      "mean_cv_acc": 0.4838709677419355,
      "std_cv_acc": 0.0
    },
    {
      "param_value": 0.0010000000474974513,
      "mean_cv_acc": 0.4838709677419355,
      "std_cv_acc": 0.0
    },
    {
      "param_value": 0.0017782794311642647,
      "mean_cv_acc": 0.5161290322580645,
      "std_cv_acc": 0.0
    },
    {
      "param_value": 0.003162277629598975,
      "mean_cv_acc": 0.5161290322580645,
      "std_cv_acc": 0.0
    },
    {
      "param_value": 0.005623413249850273,
      "mean_cv_acc": 0.5161290322580645,
      "std_cv_acc": 0.0
    },
    {
      "param_value": 0.009999999776482582,
      "mean_cv_acc": 0.5483870967741935,
      "std_cv_acc": 0.0
    },
    {
      "param_value": 0.017782794311642647,
      "mean_cv_acc": 0.5483870967741935,
      "std_cv_acc": 0.0
    },
    {
      "param_value": 0.03162277489900589,
      "mean_cv_acc": 0.5483870967741935,
      "std_cv_acc": 0.0
    },
    {
      "param_value": 0.05623413249850273,
      "mean_cv_acc": 0.5161290322580645,
      "std_cv_acc": 0.0
    },
    {
      "param_value": 0.10000000149011612,
      "mean_cv_acc": 0.5161290322580645,
      "std_cv_acc": 0.0
    },
    {
      "param_value": 0.17782793939113617,
      "mean_cv_acc": 0.5161290322580645,
      "std_cv_acc": 0.0
    },
    {
      "param_value": 0.3162277638912201,
      "mean_cv_acc": 0.5161290322580645,
      "std_cv_acc": 0.0
    },
    {
      "param_value": 0.5623413324356079,
      "mean_cv_acc": 0.5161290322580645,
      "std_cv_acc": 0.0
    },
    {
      "param_value": 1.0,
      "mean_cv_acc": 0.5161290322580645,
      "std_cv_acc": 0.0
    },
    {
      "param_value": 1.778279423713684,
      "mean_cv_acc": 0.5161290322580645,
      "std_cv_acc": 0.0
    },
    {
      "param_value": 3.1622776985168457,
      "mean_cv_acc": 0.5161290322580645,
      "std_cv_acc": 0.0
    },
    {
      "param_value": 5.6234130859375,
      "mean_cv_acc": 0.5161290322580645,
      "std_cv_acc": 0.0
    },
    {
      "param_value": 10.0,
      "mean_cv_acc": 0.5161290322580645,
      "std_cv_acc": 0.0
    },
    {
      "param_value": 17.782794952392578,
      "mean_cv_acc": 0.5161290322580645,
      "std_cv_acc": 0.0
    },
    {
      "param_value": 31.62277603149414,
      "mean_cv_acc": 0.5161290322580645,
      "std_cv_acc": 0.0
    },
    {
      "param_value": 56.234130859375,
      "mean_cv_acc": 0.5161290322580645,
      "std_cv_acc": 0.0
    },
    {
      "param_value": 100.0,
      "mean_cv_acc": 0.5161290322580645,
      "std_cv_acc": 0.0
    },
    {
      "param_value": 177.82794189453125,
      "mean_cv_acc": 0.5161290322580645,
      "std_cv_acc": 0.0
    },
    {
      "param_value": 316.2277526855469,
      "mean_cv_acc": 0.5161290322580645,
      "std_cv_acc": 0.0
    },
    {
      "param_value": 562.34130859375,
      "mean_cv_acc": 0.5161290322580645,
      "std_cv_acc": 0.0
    },
    {
      "param_value": 1000.0,
      "mean_cv_acc": 0.5161290322580645,
      "std_cv_acc": 0.0
    },
    {
      "param_value": 1778.2794189453125,
      "mean_cv_acc": 0.5161290322580645,
      "std_cv_acc": 0.0
    },
    {
      "param_value": 3162.277587890625,
      "mean_cv_acc": 0.5161290322580645,
      "std_cv_acc": 0.0
    },
    {
      "param_value": 5623.4130859375,
      "mean_cv_acc": 0.5161290322580645,
      "std_cv_acc": 0.0
    },
    {
      "param_value": 10000.0,
      "mean_cv_acc": 0.5161290322580645,
      "std_cv_acc": 0.0
    },
    {
      "param_value": 17782.794921875,
      "mean_cv_acc": 0.5161290322580645,
      "std_cv_acc": 0.0
    },
    {
      "param_value": 31622.77734375,
      "mean_cv_acc": 0.5161290322580645,
      "std_cv_acc": 0.0
    },
    {
      "param_value": 56234.1328125,
      "mean_cv_acc": 0.5161290322580645,
      "std_cv_acc": 0.0
    },
    {
      "param_value": 100000.0,
      "mean_cv_acc": 0.5161290322580645,
      "std_cv_acc": 0.0
    }
  ],
  "five_way": {
    "accuracy": 0.5047619047619047,
    "macro_f1": 0.319856311160659,
    "macro_sensitivity": 0.35719495091164094,
    "macro_specificity": 0.8611378118695192,
    "per_class_sensitivity": {
      "NOR": 0.2903225806451613,
      "DCM": 0.8,
      "HCM": 0.6956521739130435,
      "ARV": 0.0,
      "HHD": 0.0
    },
    "per_class_specificity": {
      "NOR": 0.918918918918919,
      "DCM": 0.6,
      "HCM": 0.8170731707317073,
      "ARV": 0.9696969696969697,
      "HHD": 1.0
    },
    "confusion_matrix": [
      [
        9,
        15,
        7,
        0,
        0
      ],
      [
        3,
        28,
        3,
        1,
        0
      ],
      [
        3,
        2,
        16,
        2,
        0
      ],
      [
        0,
        4,
        2,
        0,
        0
      ],
      [
        0,
        7,
        3,
        0,
        0
      ]
    ],
    "classification_report": {
      "NOR": {
        "precision": 0.6,
        "recall": 0.2903225806451613,
        "f1-score": 0.391304347826087,
        "support": 31.0
      },
      "DCM": {
        "precision": 0.5,
        "recall": 0.8,
        "f1-score": 0.6153846153846154,
        "support": 35.0
      },
      "HCM": {
        "precision": 0.5161290322580645,
        "recall": 0.6956521739130435,
        "f1-score": 0.5925925925925926,
        "support": 23.0
      },
      "ARV": {
        "precision": 0.0,
        "recall": 0.0,
        "f1-score": 0.0,
        "support": 6.0
      },
      "HHD": {
        "precision": 0.0,
        "recall": 0.0,
        "f1-score": 0.0,
        "support": 10.0
      },
      "accuracy": 0.5047619047619047,
      "macro avg": {
        "precision": 0.3232258064516129,
        "recall": 0.35719495091164094,
        "f1-score": 0.319856311160659,
        "support": 105.0
      },
      "weighted avg": {
        "precision": 0.4568663594470046,
        "recall": 0.5047619047619047,
        "f1-score": 0.4504621519114273,
        "support": 105.0
      }
    },
    "probabilities": [
      [
        0.026711205080521102,
        0.9214795026003448,
        0.010422280267575705,
        0.040244232400386194,
        0.0011427796511721622
      ],
      [
        0.15626450281936355,
        0.0055588573496256274,
        0.8185351492215758,
        0.0017704494049949147,
        0.017871041204440212
      ],
      [
        0.040645046367485414,
        0.7230699961825657,
        0.0526836412966683,
        0.18231941993212342,
        0.0012818962211571944
      ],
      [
        0.2724478249062097,
        0.6460866743470243,
        0.02441705434793857,
        0.0549952382972669,
        0.002053208101560469
      ],
      [
        0.036609809124230806,
        0.9191151476633388,
        0.014247772595321591,
        0.029546475613725684,
        0.00048079500338318724
      ],
      [
        0.10079814377474772,
        0.7633803059130597,
        0.12890675692295636,
        0.0021916097307260376,
        0.004723183658510195
      ],
      [
        0.02537386686788881,
        0.022675339579053877,
        0.6537641633924921,
        0.2911933880684863,
        0.006993242092078983
      ],
      [
        0.2066959946162308,
        0.028095957598792347,
        0.7371132247296283,
        0.003607093260127503,
        0.024487729795221173
      ],
      [
        0.2621941020259117,
        0.6901491305282682,
        0.0388295723114103,
        0.001215556018422375,
        0.007611639115987447
      ],
      [
        0.016007977521824576,
        0.0365137581735665,
        0.8433499169861302,
        0.09904117749841773,
        0.005087169820061083
      ],
      [
        0.3006406187128934,
        0.21950829374369096,
        0.44800743760841033,
        0.025451770238279457,
        0.006391879696725755
      ],
      [
        0.08111173610444394,
        0.04171448250964097,
        0.8513865720788625,
        0.02063751873423637,
        0.005149690572816252
      ],
      [
        0.11132162366550051,
        0.3987467104018481,
        0.4568200369213969,
        0.026857212040766087,
        0.006254416970488506
      ],
      [
        0.01746057824959291,
        0.011985940116348154,
        0.9626232190915309,
        0.0035876071617381763,
        0.0043426553807898866
      ],
      [
        0.11925640736261896,
        0.48751249715254674,
        0.3508146727669605,
        0.03107664919541095,
        0.011339773522462742
      ],
      [
        0.062488158094408594,
        0.5793424179922205,
        0.10718048096807695,
        0.2447268650293516,
        0.006262077915942399
      ],
      [
        0.04784231613410641,
        0.8716928858758388,
        0.014828450422563637,
        0.0644607713279195,
        0.0011755762395716462
      ],
      [
        0.2929744840790656,
        0.059806558104907696,
        0.6272321487112014,
        0.003764758370168257,
        0.016222050734656972
      ],
      [
        0.132291897032204,
        0.7083132764477711,
        0.03389128883585473,
        0.12242372276830507,
        0.003079814915865229
      ],
      [
        0.11735061084940138,
        0.010532587159864016,
        0.8454456410800142,
        0.021529379423891905,
        0.0051417814868285495
      ],
      [
        0.2527526976180609,
        0.3958733480885137,
        0.16590954710790773,
        0.18263122973095097,
        0.00283317745456671
      ],
      [
        0.36490135655073125,
        0.44379859944886263,
        0.18766029908012188,
        0.0005496532773793769,
        0.003090091642905019
      ],
      [
        0.05488501085796714,
        0.9306337588154519,
        0.012369523653414682,
        0.0003937508223131237,
        0.0017179558508531212
      ],
      [
        0.3859300227310983,
        0.039859584844851324,
        0.5543522050306467,
        0.0010265518175718168,
        0.018831635575831823
      ],
      [
        0.9273554705293544,
        0.026866134814947536,
        0.04141430958672393,
        0.003528518215681372,
        0.0008355668532925096
      ],
      [
        0.8182017485862827,
        0.1137208640130924,
        0.06391404522951714,
        0.0019497935222585834,
        0.0022135486488492713
      ],
      [
        0.08177399677108026,
        0.7975208941184408,
        0.1164601565423971,
        0.002500750997371843,
        0.001744201570709969
      ],
      [
        0.11216862508728982,
        0.17454847106135843,
        0.5890681627935758,
        0.11229175854302215,
        0.011922982514753835
      ],
      [
        0.000954021813636139,
        0.997407031753289,
        0.0012151011774820916,
        0.00033074776840665655,
        9.309748718623908e-05
      ],
      [
        0.40175363150258375,
        0.42270101411181443,
        0.005856776892681133,
        0.16912265636163493,
        0.0005659211312858324
      ],
      [
        0.20845765877524644,
        0.08178015202512817,
        0.6918644484704635,
        0.011258488247811133,
        0.0066392524813507405
      ],
      [
        0.13347210102067916,
        0.8102132777840694,
        0.018009466455843608,
        0.03568014229525948,
        0.0026250124441483144
      ],
      [
        0.045024170259324904,
        0.9477845011830235,
        0.004387973668356766,
        0.002502157606029364,
        0.000301197283265523
      ],
      [
        0.2935672416877896,
        0.09222476610915356,
        0.5932605415410102,
        0.0021123079152487807,
        0.018835142746797796
      ],
      [
        0.0934463689903205,
        0.022084887340101056,
        0.8703582245689173,
        0.009264406921962709,
        0.004846112178698297
      ],
      [
        0.33892456322999553,
        0.5095520951564085,
        0.12213674647531136,
        0.0266950850647999,
        0.0026915100734845984
      ],
      [
        0.3384754807603881,
        0.6357776937779047,
        0.022782114105299033,
        0.00045964093023748224,
        0.0025050704261707327
      ],
      [
        0.7918033282302614,
        0.15042093199881953,
        0.05349734573919221,
        0.0016518209540633405,
        0.0026265730776636217
      ],
      [
        0.1653348470481756,
        0.052805531855655286,
        0.48658598468814873,
        0.29228935089708175,
        0.002984285510938561
      ],
      [
        0.0664606501299942,
        0.9124243030542473,
        0.011430181389526284,
        0.00819755493547951,
        0.0014873104907527257
      ],
      [
        0.0736095584537058,
        0.29878168343156347,
        0.6160353707029734,
        0.004273582271030162,
        0.007299805140727165
      ],
      [
        0.10184926619378579,
        0.017082544736930785,
        0.5353747959872721,
        0.34344017003858707,
        0.0022532230434242854
      ],
      [
        0.1355870008925374,
        0.8011130315495013,
        0.022854130433149322,
        0.03545049957567057,
        0.0049953375491413885
      ],
      [
        0.0399996330982202,
        0.9154205723271233,
        0.03688034730955677,
        0.005736070439357583,
        0.0019633768257420066
      ],
      [
        0.035456976191854325,
        0.03692461295541534,
        0.9210956378003229,
        0.004025545084953869,
        0.002497227967453538
      ],
      [
        0.10352528783946485,
        0.3093440358882314,
        0.45694022221430713,
        0.12219086914216498,
        0.007999584915831658
      ],
      [
        0.5839952359085924,
        0.006239185530952209,
        0.3917894629814696,
        0.0015800655542518053,
        0.016396050024734213
      ],
      [
        0.11456939873066167,
        0.5286512167720689,
        0.1787883718412462,
        0.1753863327292034,
        0.0026046799268199037
      ],
      [
        0.21573412083545793,
        0.006420733546077304,
        0.7670140207441263,
        0.0010426439165336513,
        0.009788480957804883
      ],
      [
        0.35815298809346513,
        0.45927964677851885,
        0.07252902593264549,
        0.1027285489918186,
        0.007309790203551842
      ],
      [
        0.23896058019897223,
        0.1520361680912981,
        0.48589061956475876,
        0.1061835544008262,
        0.01692907774414469
      ],
      [
        0.37354375162922454,
        0.6221988263555069,
        0.0020988863810206936,
        0.0018695989042755538,
        0.00028893672997217076
      ],
      [
        0.37280430384758556,
        0.5750975159283755,
        0.041045833005801134,
        0.009695507498556025,
        0.0013568397196818077
      ],
      [
        0.29574330216776923,
        0.6487114544114829,
        0.029556535404542814,
        0.02337486044782422,
        0.0026138475683808913
      ],
      [
        0.09489765931385223,
        0.5720981596944366,
        0.3151658340584478,
        0.006743787447334696,
        0.01109455948592879
      ],
      [
        0.39595676446184846,
        0.33601477524609585,
        0.2617267072240666,
        0.0011814876010864644,
        0.005120265466902716
      ],
      [
        0.030411704307014953,
        0.866229602679622,
        0.09440698057352502,
        0.0022698254977022952,
        0.006681886942135645
      ],
      [
        0.023184746163781772,
        0.37412247005977484,
        0.16932894962291759,
        0.4273653841878045,
        0.00599844996572121
      ],
      [
        0.4586575131306678,
        0.039524135245685356,
        0.48319089340277965,
        0.002354598547061589,
        0.016272859673805585
      ],
      [
        0.23181145528206515,
        0.08340305316991331,
        0.6264916510376769,
        0.05212873136504185,
        0.006165109145302862
      ],
      [
        0.08469013727008735,
        0.18213442595659188,
        0.7185521503644999,
        0.009026652128421074,
        0.005596634280399757
      ],
      [
        0.01908376379943413,
        0.6810057558612611,
        0.22181941342402917,
        0.07487359532404116,
        0.003217471591234376
      ],
      [
        0.5112962716587319,
        0.1563672919342502,
        0.24866906709465247,
        0.0804539461710994,
        0.003213423141265947
      ],
      [
        0.31092918891670207,
        0.6855892739862653,
        0.00315096625861762,
        0.0001685930723117918,
        0.00016197776610304138
      ],
      [
        0.34069068059062796,
        0.5630490637452453,
        0.0906917813860904,
        0.001668232188914894,
        0.003900242089121443
      ],
      [
        0.18173062301107057,
        0.8069871369032341,
        0.0065197347348968804,
        0.003471777516679625,
        0.0012907278341187003
      ],
      [
        0.012082863799070599,
        0.15217572275525504,
        0.8274881688884596,
        0.002506332912966688,
        0.0057469116442481405
      ],
      [
        0.1235168125307876,
        0.6865916334826085,
        0.0707558473155891,
        0.11561059003474342,
        0.003525116636271241
      ],
      [
        0.10195248787329465,
        0.8943269242011902,
        0.003554604117295643,
        7.720579007334865e-05,
        8.877801814590963e-05
      ],
      [
        0.2545410054813511,
        0.07231344881539677,
        0.5037277789889891,
        0.15612794121965257,
        0.0132898254946105
      ],
      [
        0.060817731219591456,
        0.9187274128989791,
        0.017492748596299103,
        0.0020476336458790053,
        0.0009144736392514893
      ],
      [
        0.10021932083465075,
        0.0056926577763234554,
        0.8796918977508568,
        0.0043290816397565865,
        0.010067041998412343
      ],
      [
        0.03596943602773598,
        0.8198099810484597,
        0.05240520443098158,
        0.08815053192543532,
        0.003664846567387298
      ],
      [
        0.048691080074349566,
        0.9415089724697066,
        0.008349222887050577,
        0.0011059032958543487,
        0.0003448212730389871
      ],
      [
        0.4566498845297972,
        0.3332915287738169,
        0.1814638768644369,
        0.023574336860694035,
        0.0050203729712548755
      ],
      [
        0.001427231738126542,
        0.9975466695370628,
        0.0007122614037051484,
        0.00016851062775123833,
        0.00014532669335403576
      ],
      [
        0.6270675106699314,
        0.10410389895842857,
        0.2532155573394145,
        0.010054824843772384,
        0.005558208188453124
      ],
      [
        0.316625467320149,
        0.019166243235025627,
        0.6565878371737143,
        0.0009407894234183734,
        0.006679662847692787
      ],
      [
        0.09331283751488968,
        0.5073514385801208,
        0.1693546888991752,
        0.2228787188484121,
        0.007102316157402348
      ],
      [
        0.08637660124960926,
        0.8640407601192415,
        0.034156329506077915,
        0.013932222588540218,
        0.0014940865365312137
      ],
      [
        0.07177120180233224,
        0.6128917845561414,
        0.112108056165032,
        0.19585729473917393,
        0.007371662737320438
      ],
      [
        0.18186331931903743,
        0.17345628620518724,
        0.17299288519931816,
        0.46580394939750785,
        0.005883559878949331
      ],
      [
        0.6433279304892201,
        0.1538614387536045,
        0.18296455785212157,
        0.009023506935387065,
        0.010822565969666874
      ],
      [
        0.1281637325636334,
        0.4841949251962504,
        0.3039867598678888,
        0.06424005262563932,
        0.019414529746587913
      ],
      [
        0.24624214723469673,
        0.29702703775967565,
        0.18302666334236298,
        0.26636680093746595,
        0.007337350725798704
      ],
      [
        0.7296992442205396,
        0.04215192463110796,
        0.2214529215460483,
        0.0035335558145521847,
        0.0031623537877521557
      ],
      [
        0.8048079423882264,
        0.1153287798333425,
        0.023616597544220973,
        0.052532398453307,
        0.003714281780903114
      ],
      [
        0.17235869751237443,
        0.794159960680193,
        0.025473908128928843,
        0.001990093853169746,
        0.006017339825333989
      ],
      [
        0.06426572713780906,
        0.11066804827697732,
        0.80675056826127,
        0.014762026731954701,
        0.003553629591988773
      ],
      [
        0.7439750469368325,
        0.05644034071699696,
        0.1542468012035864,
        0.02238256123514865,
        0.022955249907435468
      ],
      [
        0.1999759919121304,
        0.7593234697192198,
        0.03852307272189197,
        0.00032064009153405667,
        0.0018568255552238492
      ],
      [
        0.07216647354212691,
        0.452403417301897,
        0.11605783554714166,
        0.354255432277061,
        0.00511684133177349
      ],
      [
        0.1464783856066444,
        0.01919397181927608,
        0.8177592259092887,
        0.002777927548668647,
        0.013790489116122096
      ],
      [
        0.456756258160637,
        0.5249567449463205,
        0.014447049989398246,
        0.0011888578189894704,
        0.0026510890846548757
      ],
      [
        0.028644177284768854,
        0.6693822195282391,
        0.02689880458189407,
        0.2732072631139703,
        0.001867535491127743
      ],
      [
        0.5149787514479607,
        0.43736587823009215,
        0.04068386314517963,
        0.0031521818305004076,
        0.0038193253462671605
      ],
      [
        0.20452501934687742,
        0.5190865684607326,
        0.25604312274401825,
        0.003835399933280948,
        0.016509889515090703
      ],
      [
        0.5246410616578423,
        0.2716078798409567,
        0.1832804385494798,
        0.015907327199854056,
        0.0045632927518669585
      ],
      [
        0.34041783010963955,
        0.36810404860170354,
        0.24048945059384255,
        0.016097104946495095,
        0.03489156574831927
      ],
      [
        0.13821929909880862,
        0.38223946389707,
        0.11159224820613405,
        0.3591133300412196,
        0.008835658756767712
      ],
      [
        0.1465580850606685,
        0.5685479073967357,
        0.07380143454869567,
        0.20550510937042785,
        0.0055874636234724
      ],
      [
        0.11742472359512679,
        0.41535431190249117,
        0.304417562211781,
        0.1549230846353645,
        0.007880317655236432
      ],
      [
        0.9239673922754243,
        0.040059844652934655,
        0.03125751384221435,
        0.0019189724766659859,
        0.002796276752760661
      ],
      [
        0.10234104750706244,
        0.08830207924822059,
        0.29322508846334594,
        0.5036240913541086,
        0.012507693427262458
      ],
      [
        0.025096337051901257,
        0.9698076942189264,
        0.0036377689741234984,
        0.0005093293900912687,
        0.0009488703649573743
      ]
    ],
    "predictions": [
      1,
      2,
      1,
      1,
      1,
      1,
      2,
      2,
      1,
      2,
      2,
      2,
      2,
      2,
      1,
      1,
      1,
      2,
      1,
      2,
      1,
      1,
      1,
      2,
      0,
      0,
      1,
      2,
      1,
      1,
      2,
      1,
      1,
      2,
      2,
      1,
      1,
      0,
      2,
      1,
      2,
      2,
      1,
      1,
      2,
      2,
      0,
      1,
      2,
      1,
      2,
      1,
      1,
      1,
      1,
      0,
      1,
      3,
      2,
      2,
      2,
      1,
      0,
      1,
      1,
      1,
      2,
      1,
      1,
      2,
      1,
      2,
      1,
      1,
      0,
      1,
      0,
      2,
      1,
      1,
      1,
      3,
      0,
      1,
      1,
      0,
      0,
      1,
      2,
      0,
      1,
      1,
      2,
      1,
      1,
      0,
      1,
      0,
      1,
      1,
      1,
      1,
      0,
      3,
      1
    ],
    "true_labels": [
      1,
      4,
      1,
      4,
      4,
      1,
      2,
      2,
      4,
      2,
      0,
      2,
      2,
      2,
      1,
      1,
      2,
      2,
      0,
      0,
      1,
      0,
      1,
      0,
      0,
      1,
      1,
      2,
      1,
      3,
      2,
      0,
      1,
      2,
      2,
      4,
      1,
      0,
      3,
      1,
      0,
      3,
      2,
      1,
      1,
      0,
      0,
      0,
      2,
      0,
      2,
      3,
      1,
      4,
      0,
      0,
      1,
      2,
      4,
      1,
      1,
      1,
      0,
      0,
      1,
      1,
      2,
      0,
      0,
      0,
      3,
      4,
      1,
      4,
      0,
      1,
      1,
      0,
      1,
      0,
      0,
      1,
      2,
      1,
      0,
      2,
      2,
      1,
      2,
      0,
      1,
      0,
      2,
      0,
      3,
      1,
      1,
      0,
      1,
      0,
      4,
      1,
      0,
      2,
      1
    ],
    "patient_ids": [
      "A1K2P5",
      "A2H5K9",
      "A2L1N6",
      "A3H5R1",
      "A3P9V7",
      "A4A8V9",
      "A4K8R4",
      "A5D0G0",
      "A5H1Q2",
      "A5P5W0",
      "A5Q1W8",
      "A6A8H0",
      "A6B7Y4",
      "A6J0Y2",
      "A7E4J0",
      "A7F4G2",
      "B0L3Y2",
      "B1G9J3",
      "B2L0L2",
      "B3E2W8",
      "B3F0V9",
      "B3S2Z4",
      "B4E1K1",
      "B4S1Y2",
      "B5F8L9",
      "B5L5Y4",
      "B5T6V0",
      "B6I0T4",
      "B7F5P0",
      "B9H8N8",
      "C0L7V1",
      "C0N8P4",
      "C6U4W8",
      "C7L8Z8",
      "D1L6T4",
      "D3K5Q2",
      "D3Q0W9",
      "D6E9U8",
      "D9F5P1",
      "D9I8O7",
      "E0J2Z9",
      "E0J7L9",
      "E1L7M3",
      "E3L8U8",
      "E4I9O7",
      "E5J6L2",
      "E5S7W7",
      "E6H0V9",
      "E6J4N8",
      "E7L0N6",
      "E9V9Z2",
      "F0I6U8",
      "F0K4T6",
      "F5I1Z8",
      "G1J5K3",
      "G1K1V3",
      "G3M5S4",
      "G4I7V2",
      "G7N8R7",
      "G7S6V0",
      "G8K0M3",
      "G9N5V9",
      "H1N8S6",
      "H2M9S1",
      "H7K5U5",
      "H8K2K7",
      "I0I2J8",
      "I2J6Z6",
      "I4R8V6",
      "I5L3S2",
      "I6P4R0",
      "I6T4W8",
      "I8N8Y1",
      "I8Z0Z6",
      "J4J8Q3",
      "J9L4S2",
      "K6N4N7",
      "K7L2Y6",
      "K7N0R7",
      "L2V5Z0",
      "L5U7Y4",
      "L6T2T5",
      "L7Y7Z2",
      "L8N7Z0",
      "M2P5T8",
      "M4T4V6",
      "M6M9N1",
      "M6V2Y0",
      "N7P3T8",
      "N7W6Z8",
      "N9P5Z0",
      "N9Q4T8",
      "O4T6Y7",
      "O9V8W5",
      "P3P9S5",
      "P3R6Y5",
      "P8W4Z0",
      "Q1Q3T1",
      "Q3Q6R8",
      "Q4W5Z8",
      "Q5V8W3",
      "R3V5W7",
      "R6V5W3",
      "T2Z1Z9",
      "Y6Y9Z2"
    ]
  },
  "roc_auc": {
    "macro_auc": 0.6874907618998489,
    "per_class_auc": {
      "NOR": 0.7013949433304272,
      "DCM": 0.7542857142857142,
      "HCM": 0.7942735949098622,
      "ARV": 0.6885521885521885,
      "HHD": 0.4989473684210527
    }
  },
  "binary": {
    "accuracy": 0.7142857142857143,
    "f1": 0.8192771084337349,
    "sensitivity": 0.918918918918919,
    "specificity": 0.22580645161290322,
    "roc_auc": 0.7013949433304272,
    "binary_labels": [
      1,
      1,
      1,
      1,
      1,
      1,
      1,
      1,
      1,
      1,
      0,
      1,
      1,
      1,
      1,
      1,
      1,
      1,
      0,
      0,
      1,
      0,
      1,
      0,
      0,
      1,
      1,
      1,
      1,
      1,
      1,
      0,
      1,
      1,
      1,
      1,
      1,
      0,
      1,
      1,
      0,
      1,
      1,
      1,
      1,
      0,
      0,
      0,
      1,
      0,
      1,
      1,
      1,
      1,
      0,
      0,
      1,
      1,
      1,
      1,
      1,
      1,
      0,
      0,
      1,
      1,
      1,
      0,
      0,
      0,
      1,
      1,
      1,
      1,
      0,
      1,
      1,
      0,
      1,
      0,
      0,
      1,
      1,
      1,
      0,
      1,
      1,
      1,
      1,
      0,
      1,
      0,
      1,
      0,
      1,
      1,
      1,
      0,
      1,
      0,
      1,
      1,
      0,
      1,
      1
    ],
    "binary_probs": [
      0.973288794919479,
      0.8437354971806365,
      0.9593549536325146,
      0.7275521750937903,
      0.9633901908757692,
      0.8992018562252523,
      0.9746261331321112,
      0.7933040053837692,
      0.7378058979740882,
      0.9839920224781754,
      0.6993593812871066,
      0.918888263895556,
      0.8886783763344995,
      0.9825394217504071,
      0.880743592637381,
      0.9375118419055914,
      0.9521576838658936,
      0.7070255159209344,
      0.867708102967796,
      0.8826493891505987,
      0.747247302381939,
      0.6350986434492687,
      0.9451149891420328,
      0.6140699772689018,
      0.07264452947064559,
      0.1817982514137173,
      0.9182260032289198,
      0.8878313749127101,
      0.9990459781863639,
      0.5982463684974162,
      0.7915423412247535,
      0.8665278989793208,
      0.9549758297406751,
      0.7064327583122104,
      0.9065536310096796,
      0.6610754367700045,
      0.661524519239612,
      0.20819667176973855,
      0.8346651529518244,
      0.9335393498700058,
      0.9263904415462942,
      0.8981507338062142,
      0.8644129991074626,
      0.9600003669017798,
      0.9645430238081457,
      0.8964747121605352,
      0.41600476409140763,
      0.8854306012693384,
      0.784265879164542,
      0.6418470119065349,
      0.7610394198010277,
      0.6264562483707754,
      0.6271956961524144,
      0.7042566978322308,
      0.9051023406861478,
      0.6040432355381515,
      0.9695882956929851,
      0.9768152538362183,
      0.5413424868693322,
      0.7681885447179349,
      0.9153098627299127,
      0.9809162362005659,
      0.4887037283412681,
      0.6890708110832979,
      0.659309319409372,
      0.8182693769889294,
      0.9879171362009294,
      0.8764831874692124,
      0.8980475121267053,
      0.7454589945186489,
      0.9391822687804086,
      0.8997806791653492,
      0.964030563972264,
      0.9513089199256505,
      0.5433501154702027,
      0.9985727682618735,
      0.3729324893300686,
      0.683374532679851,
      0.9066871624851103,
      0.9136233987503908,
      0.9282287981976678,
      0.8181366806809626,
      0.3566720695107799,
      0.8718362674363667,
      0.7537578527653033,
      0.27030075577946044,
      0.1951920576117736,
      0.8276413024876256,
      0.9357342728621909,
      0.2560249530631675,
      0.8000240080878696,
      0.9278335264578731,
      0.8535216143933556,
      0.543243741839363,
      0.9713558227152311,
      0.4850212485520393,
      0.7954749806531226,
      0.4753589383421577,
      0.6595821698903604,
      0.8617807009011914,
      0.8534419149393315,
      0.8825752764048732,
      0.07603260772457565,
      0.8976589524929376,
      0.9749036629480987
    ]
  }
}