{
  "config": {
    "dataset": "mnm",
    "backbone": "dinov3",
    "model_name": "dinov3_vitb16",
    "eval_mode": "logreg",
    "freeze_backbone": true,
    "pooling": "gap",
    "embed_dim": 768,
    "best_hyperparam": 0.0003162277571391314,
    "hyperparam_name": "C",
    "num_classes": 5,
    "class_names": [
      "NOR",
      "DCM",
      "HCM",
      "ARV",
      "HHD"
    ]
  },
  "sweep_results": [
    {
      "param_value": 9.999999974752427e-07,
      "mean_cv_acc": 0.25806451612903225,
      "std_cv_acc": 0.0
    },
    {
      "param_value": 1.7782793975129607e-06,
      "mean_cv_acc": 0.25806451612903225,
      "std_cv_acc": 0.0
    },
    {
      "param_value": 3.1622776077711023e-06,
      "mean_cv_acc": 0.25806451612903225,
      "std_cv_acc": 0.0
    },
    {
      "param_value": 5.6234130170196295e-06,
      "mean_cv_acc": 0.25806451612903225,
      "std_cv_acc": 0.0
    },
    {
      "param_value": 9.999999747378752e-06,
      "mean_cv_acc": 0.3225806451612903,
      "std_cv_acc": 0.0
    },
    {
      "param_value": 1.778279329300858e-05,
      "mean_cv_acc": 0.41935483870967744,
      "std_cv_acc": 0.0
    },
    {
      "param_value": 3.162277789670043e-05,
      "mean_cv_acc": 0.45161290322580644,
      "std_cv_acc": 0.0
    },
    {
      "param_value": 5.62341338081751e-05,
      "mean_cv_acc": 0.45161290322580644,
      "std_cv_acc": 0.0
    },
    {
      "param_value": 9.999999747378752e-05,
      "mean_cv_acc": 0.5161290322580645,
      "std_cv_acc": 0.0
    },
    {
      "param_value": 0.00017782794020604342,
      "mean_cv_acc": 0.5161290322580645,
      "std_cv_acc": 0.0
    },
    {
      "param_value": 0.0003162277571391314,
      "mean_cv_acc": 0.5483870967741935,
      "std_cv_acc": 0.0
    },
    {
      "param_value": 0.000562341301701963,
      "mean_cv_acc": 0.5161290322580645,
      "std_cv_acc": 0.0
    },
    {
      "param_value": 0.0010000000474974513,
      "mean_cv_acc": 0.4838709677419355,
      "std_cv_acc": 0.0
    },
    {
      "param_value": 0.0017782794311642647,
      "mean_cv_acc": 0.5161290322580645,
      "std_cv_acc": 0.0
    },
    {
      "param_value": 0.003162277629598975,
      "mean_cv_acc": 0.5161290322580645,
      "std_cv_acc": 0.0
    },
    {
      "param_value": 0.005623413249850273,
      "mean_cv_acc": 0.5483870967741935,
      "std_cv_acc": 0.0
    },
    {
      "param_value": 0.009999999776482582,
      "mean_cv_acc": 0.5483870967741935,
      "std_cv_acc": 0.0
    },
    {
      "param_value": 0.017782794311642647,
      "mean_cv_acc": 0.5483870967741935,
      "std_cv_acc": 0.0
    },
    {
      "param_value": 0.03162277489900589,
      "mean_cv_acc": 0.5483870967741935,
      "std_cv_acc": 0.0
    },
    {
      "param_value": 0.05623413249850273,
      "mean_cv_acc": 0.5483870967741935,
      "std_cv_acc": 0.0
    },
    {
      "param_value": 0.10000000149011612,
      "mean_cv_acc": 0.5483870967741935,
      "std_cv_acc": 0.0
    },
    {
      "param_value": 0.17782793939113617,
      "mean_cv_acc": 0.5483870967741935,
      "std_cv_acc": 0.0
    },
    {
      "param_value": 0.3162277638912201,
      "mean_cv_acc": 0.5161290322580645,
      "std_cv_acc": 0.0
    },
    {
      "param_value": 0.5623413324356079,
      "mean_cv_acc": 0.5161290322580645,
      "std_cv_acc": 0.0
    },
    {
      "param_value": 1.0,
      "mean_cv_acc": 0.5161290322580645,
      "std_cv_acc": 0.0
    },
    {
      "param_value": 1.778279423713684,
      "mean_cv_acc": 0.5161290322580645,
      "std_cv_acc": 0.0
    },
    {
      "param_value": 3.1622776985168457,
      "mean_cv_acc": 0.5161290322580645,
      "std_cv_acc": 0.0
    },
    {
      "param_value": 5.6234130859375,
      "mean_cv_acc": 0.5161290322580645,
      "std_cv_acc": 0.0
    },
    {
      "param_value": 10.0,
      "mean_cv_acc": 0.5161290322580645,
      "std_cv_acc": 0.0
    },
    {
      "param_value": 17.782794952392578,
      "mean_cv_acc": 0.5161290322580645,
      "std_cv_acc": 0.0
    },
    {
      "param_value": 31.62277603149414,
      "mean_cv_acc": 0.5161290322580645,
      "std_cv_acc": 0.0
    },
    {
      "param_value": 56.234130859375,
      "mean_cv_acc": 0.5161290322580645,
      "std_cv_acc": 0.0
    },
    {
      "param_value": 100.0,
      "mean_cv_acc": 0.5161290322580645,
      "std_cv_acc": 0.0
    },
    {
      "param_value": 177.82794189453125,
      "mean_cv_acc": 0.5161290322580645,
      "std_cv_acc": 0.0
    },
    {
      "param_value": 316.2277526855469,
      "mean_cv_acc": 0.5161290322580645,
      "std_cv_acc": 0.0
    },
    {
      "param_value": 562.34130859375,
      "mean_cv_acc": 0.5161290322580645,
      "std_cv_acc": 0.0
    },
    {
      "param_value": 1000.0,
      "mean_cv_acc": 0.5161290322580645,
      "std_cv_acc": 0.0
    },
    {
      "param_value": 1778.2794189453125,
      "mean_cv_acc": 0.5161290322580645,
      "std_cv_acc": 0.0
    },
    {
      "param_value": 3162.277587890625,
      "mean_cv_acc": 0.5161290322580645,
      "std_cv_acc": 0.0
    },
    {
      "param_value": 5623.4130859375,
      "mean_cv_acc": 0.5161290322580645,
      "std_cv_acc": 0.0
    },
    {
      "param_value": 10000.0,
      "mean_cv_acc": 0.5161290322580645,
      "std_cv_acc": 0.0
    },
    {
      "param_value": 17782.794921875,
      "mean_cv_acc": 0.5161290322580645,
      "std_cv_acc": 0.0
    },
    {
      "param_value": 31622.77734375,
      "mean_cv_acc": 0.5161290322580645,
      "std_cv_acc": 0.0
    },
    {
      "param_value": 56234.1328125,
      "mean_cv_acc": 0.5161290322580645,
      "std_cv_acc": 0.0
    },
    {
      "param_value": 100000.0,
      "mean_cv_acc": 0.5161290322580645,
      "std_cv_acc": 0.0
    }
  ],
  "five_way": {
    "accuracy": 0.4095238095238095,
    "macro_f1": 0.24714126453256888,
    "macro_sensitivity": 0.29412141855339613,
    "macro_specificity": 0.8377813353423109,
    "per_class_sensitivity": {
      "NOR": 0.16129032258064516,
      "DCM": 0.6571428571428571,
      "HCM": 0.6521739130434783,
      "ARV": 0.0,
      "HHD": 0.0
    },
    "per_class_specificity": {
      "NOR": 0.8648648648648649,
      "DCM": 0.7142857142857143,
      "HCM": 0.6097560975609756,
      "ARV": 1.0,
      "HHD": 1.0
    },
    "confusion_matrix": [
      [
        5,
        13,
        13,
        0,
        0
      ],
      [
        3,
        23,
        9,
        0,
        0
      ],
      [
        5,
        3,
        15,
        0,
        0
      ],
      [
        0,
        2,
        4,
        0,
        0
      ],
      [
        2,
        2,
        6,
        0,
        0
      ]
    ],
    "classification_report": {
      "NOR": {
        "precision": 0.3333333333333333,
        "recall": 0.16129032258064516,
        "f1-score": 0.21739130434782608,
        "support": 31.0
      },
      "DCM": {
        "precision": 0.5348837209302325,
        "recall": 0.6571428571428571,
        "f1-score": 0.5897435897435898,
        "support": 35.0
      },
      "HCM": {
        "precision": 0.3191489361702128,
        "recall": 0.6521739130434783,
        "f1-score": 0.42857142857142855,
        "support": 23.0
      },
      "ARV": {
        "precision": 0.0,
        "recall": 0.0,
        "f1-score": 0.0,
        "support": 6.0
      },
      "HHD": {
        "precision": 0.0,
        "recall": 0.0,
        "f1-score": 0.0,
        "support": 10.0
      },
      "accuracy": 0.4095238095238095,
      "macro avg": {
        "precision": 0.23747319808675577,
        "recall": 0.29412141855339613,
        "f1-score": 0.24714126453256888,
        "support": 105.0
      },
      "weighted avg": {
        "precision": 0.34661608664577487,
        "recall": 0.4095238095238095,
        "f1-score": 0.35464094221858194,
        "support": 105.0
      }
    },
    "probabilities": [
      [
        0.38252378110445096,
        0.25374395935414645,
        0.314818016933151,
        0.04147181660852594,
        0.007442425999725602
      ],
      [
        0.2928405456722835,
        0.14726932237236004,
        0.5201313193899666,
        0.03219518998657483,
        0.007563622578815139
      ],
      [
        0.21513587998344116,
        0.5559043752951793,
        0.13915191760706302,
        0.08350602948692663,
        0.006301797627389896
      ],
      [
        0.2986029961303299,
        0.4415561557995083,
        0.21447616569281158,
        0.03846894247562969,
        0.006895739901720456
      ],
      [
        0.22545159670942694,
        0.3434046943523942,
        0.37332044574772316,
        0.05074976003695017,
        0.007073503153505515
      ],
      [
        0.2981001917864085,
        0.34311940731144736,
        0.32001468461711735,
        0.031300589182750964,
        0.007465127102275783
      ],
      [
        0.2541546520688691,
        0.21925681010611575,
        0.44755684560577813,
        0.07120268643187413,
        0.007829005787362758
      ],
      [
        0.2637576048122483,
        0.08990227592314919,
        0.6182915200990311,
        0.021691632367995487,
        0.006356966797575968
      ],
      [
        0.4292221524987017,
        0.22550108039621097,
        0.3027941941090134,
        0.03457993811305202,
        0.007902634883021878
      ],
      [
        0.21775415558791877,
        0.16460381126982537,
        0.558476201142984,
        0.051783395812221585,
        0.007382436187050252
      ],
      [
        0.35004508070338347,
        0.25982442192918714,
        0.33855307160838155,
        0.044036592561359555,
        0.007540833197688327
      ],
      [
        0.3065590978924554,
        0.19820829747708402,
        0.43324964995487253,
        0.0541486353622484,
        0.007834319313339498
      ],
      [
        0.44098658474657,
        0.20025838776360852,
        0.29026310561220164,
        0.06086400324057654,
        0.007627918637043327
      ],
      [
        0.2813613679532069,
        0.20889436353454174,
        0.45346006231297625,
        0.04877182726679346,
        0.007512378932481518
      ],
      [
        0.21181264791743473,
        0.497846312199907,
        0.22414455167388816,
        0.059220397621281694,
        0.006976090587488506
      ],
      [
        0.2886348707720468,
        0.2959719195104147,
        0.35563261829282433,
        0.05202814387766806,
        0.007732447547046054
      ],
      [
        0.22254859720739473,
        0.5383449144925503,
        0.1904050342538296,
        0.04215625091915325,
        0.006545203127071981
      ],
      [
        0.3082691589213322,
        0.17320507862422063,
        0.4801454589248549,
        0.031074588007697104,
        0.007305715521895212
      ],
      [
        0.22876071455991312,
        0.19113875122725427,
        0.5368193082049587,
        0.036016401890614176,
        0.00726482411725971
      ],
      [
        0.24460491826639325,
        0.20871439851474374,
        0.46851055521572654,
        0.07070791687590683,
        0.007462211127229826
      ],
      [
        0.18638073588788837,
        0.33104214631179457,
        0.414881107785009,
        0.061318631640851266,
        0.006377378374456899
      ],
      [
        0.35942718814540536,
        0.32243184090882976,
        0.2701797976171974,
        0.040283927810130724,
        0.0076772455184367285
      ],
      [
        0.24473567474217847,
        0.6181234377484489,
        0.1091323911860056,
        0.022202177300494362,
        0.005806319022872541
      ],
      [
        0.33950537953599025,
        0.20539263411783984,
        0.4157300912418121,
        0.03199260950540269,
        0.007379285598955121
      ],
      [
        0.4017393153551864,
        0.26983732503664,
        0.24010293354089554,
        0.08076722141583624,
        0.007553204651441744
      ],
      [
        0.25159414668835484,
        0.6264455399859903,
        0.09261661003086938,
        0.024291887193126308,
        0.005051816101659079
      ],
      [
        0.23209739482342295,
        0.46071575170372686,
        0.259531741820953,
        0.04032554664995324,
        0.007329565001943795
      ],
      [
        0.332776304754992,
        0.21265599506297506,
        0.3772937791186491,
        0.06946367255957375,
        0.0078102485038100255
      ],
      [
        0.23718205231921008,
        0.5613548120377216,
        0.1486702794432837,
        0.046198728057424955,
        0.0065941281423595585
      ],
      [
        0.22980141287727957,
        0.4426887654487683,
        0.24018665996241245,
        0.08002231812024774,
        0.007300843591291973
      ],
      [
        0.3351469141541287,
        0.24072284203710673,
        0.36098031427357113,
        0.05518543437340219,
        0.007964495161791313
      ],
      [
        0.14623856313140154,
        0.5698388566086504,
        0.2497236925769804,
        0.02815817318103451,
        0.006040714501933008
      ],
      [
        0.24871571781686913,
        0.6102490494050392,
        0.08941160982911517,
        0.046327212755669464,
        0.005296410193307123
      ],
      [
        0.30877012355534345,
        0.22637895895943752,
        0.4203399291673801,
        0.03669842371134784,
        0.007812564606491141
      ],
      [
        0.2559594086765958,
        0.15763518938988763,
        0.520131251292318,
        0.05895302703793938,
        0.007321123603259277
      ],
      [
        0.19113991536395222,
        0.34585275331281073,
        0.3835322672833002,
        0.07181639311346728,
        0.007658670926469483
      ],
      [
        0.4284819960859625,
        0.29993013493497483,
        0.24046735564744176,
        0.024115082308534166,
        0.007005431023086712
      ],
      [
        0.38950179492349213,
        0.4278342657433887,
        0.14881787908396435,
        0.027375604470399086,
        0.006470455778755674
      ],
      [
        0.09092109460074568,
        0.15278903009434222,
        0.6868974979123512,
        0.0640678814631726,
        0.005324495929388202
      ],
      [
        0.29716776880658674,
        0.18948724355760804,
        0.4762610480178295,
        0.030060047179988923,
        0.007023892437986982
      ],
      [
        0.2931317256315001,
        0.24506799692716263,
        0.39594713024806566,
        0.058067699026036305,
        0.007785448167235394
      ],
      [
        0.13981388010841264,
        0.2259755798893195,
        0.5420487383503425,
        0.08549990004598247,
        0.006661901605943001
      ],
      [
        0.3507435985113371,
        0.35001626431769384,
        0.24729556294147845,
        0.044341159601207096,
        0.0076034146282833595
      ],
      [
        0.3214722629192177,
        0.34563623361276524,
        0.28329338023090284,
        0.041847560817293954,
        0.007750562419820358
      ],
      [
        0.18030794817764248,
        0.4250656056518803,
        0.35709207163866113,
        0.030664439851608154,
        0.006869934680207905
      ],
      [
        0.37044544590906947,
        0.18511448405471453,
        0.37963120775437453,
        0.0572470438531033,
        0.007561818428738042
      ],
      [
        0.33366694474112896,
        0.20713643401382578,
        0.40948386516433366,
        0.04157413854506201,
        0.008138617535649526
      ],
      [
        0.2999874453842676,
        0.2353021957566566,
        0.4063182806426816,
        0.05097473610480505,
        0.007417342111589236
      ],
      [
        0.23959876215440973,
        0.12319578791330461,
        0.6005189440177726,
        0.02966485807150076,
        0.0070216478430124045
      ],
      [
        0.1780078948572977,
        0.48034043926320996,
        0.29488388935818105,
        0.03988805003655798,
        0.006879726484753343
      ],
      [
        0.1703907957016909,
        0.42797004934449523,
        0.3289623302395755,
        0.06562314609211801,
        0.007053678622120363
      ],
      [
        0.25162354187898417,
        0.47724312901162064,
        0.21261684063151884,
        0.051434126627262135,
        0.007082361850614035
      ],
      [
        0.19072256353388198,
        0.5705344213446382,
        0.1544742560116986,
        0.07772213828235523,
        0.006546620827426
      ],
      [
        0.1312232311912583,
        0.4069647456306464,
        0.4263525522771511,
        0.028877651673945185,
        0.0065818192269989
      ],
      [
        0.3272478943908812,
        0.28374549139957783,
        0.337138381465301,
        0.044355511174263146,
        0.007512721569976805
      ],
      [
        0.2920404101972357,
        0.3458842670287468,
        0.3275417704628027,
        0.02781675298138434,
        0.006716799329830534
      ],
      [
        0.21617924924810422,
        0.40419506215385415,
        0.3440022817940236,
        0.028357954734282816,
        0.00726545206973526
      ],
      [
        0.27931345556831244,
        0.17391674535160687,
        0.4843268245692066,
        0.05496565257341822,
        0.007477321937455919
      ],
      [
        0.27550317550786524,
        0.12885801272104286,
        0.5575941268253956,
        0.03123376613212029,
        0.006810918813576105
      ],
      [
        0.290208205934292,
        0.39579935648559406,
        0.18018088783772043,
        0.12666771415371206,
        0.0071438355886815404
      ],
      [
        0.25485541731288963,
        0.24805547556254262,
        0.43067999859975253,
        0.05870906773209881,
        0.0077000407927164515
      ],
      [
        0.2624570881079157,
        0.3816844077376488,
        0.22109507156828562,
        0.12726875821855588,
        0.007494674367594107
      ],
      [
        0.2948699531080989,
        0.49059949493282856,
        0.12098933897342218,
        0.08732820429886173,
        0.006213008686788497
      ],
      [
        0.23145432602016197,
        0.6239734964280237,
        0.10273424818757133,
        0.03627978896856428,
        0.005558140395678869
      ],
      [
        0.2905761431509677,
        0.5173839309448602,
        0.15094580473414854,
        0.03454323558124507,
        0.006550885588778596
      ],
      [
        0.21300119297224634,
        0.6911237619083254,
        0.06354869848707694,
        0.02773045083552786,
        0.004595895796823479
      ],
      [
        0.39669411267716215,
        0.16121507284118722,
        0.3787735909329743,
        0.055667808830251436,
        0.007649414718424967
      ],
      [
        0.3222361034313748,
        0.4666916018144444,
        0.12050780272929956,
        0.08375798348518315,
        0.006806508539698152
      ],
      [
        0.20453105676986322,
        0.6213497984884448,
        0.13169797859561888,
        0.03627010036025178,
        0.006151065785821251
      ],
      [
        0.20758893766970768,
        0.509277456969904,
        0.2026448975598614,
        0.07361441599596848,
        0.00687429180455848
      ],
      [
        0.31626980963899654,
        0.21950222019825358,
        0.4152145051533195,
        0.04125911762607298,
        0.0077543473833575245
      ],
      [
        0.3992798923923423,
        0.16138892100864868,
        0.3806319971467729,
        0.05107571313240341,
        0.007623476319832708
      ],
      [
        0.31920072733084964,
        0.2674837790198916,
        0.35831071011360155,
        0.04714808334005654,
        0.007856700195600851
      ],
      [
        0.20613360674637066,
        0.5215525589992143,
        0.23395104376560072,
        0.03182186238966272,
        0.0065409280991516015
      ],
      [
        0.3247119504768943,
        0.3979465814507209,
        0.19299245464247405,
        0.07691996246246878,
        0.007429050967442086
      ],
      [
        0.18156687753819623,
        0.6136125196471575,
        0.16832969254839342,
        0.030427298650930183,
        0.006063611615322575
      ],
      [
        0.2625896104001045,
        0.35959899718553007,
        0.303128285324593,
        0.06700484301639036,
        0.007678264073381941
      ],
      [
        0.37308933443493214,
        0.11313308830711145,
        0.4631726359812053,
        0.04367975227496795,
        0.006925189001782964
      ],
      [
        0.27909722567793527,
        0.17084036813606499,
        0.4996459248458866,
        0.04280886489182844,
        0.007607616448284775
      ],
      [
        0.27510053376106597,
        0.5008468919662113,
        0.17824199168368768,
        0.03908666354235009,
        0.006723919046684867
      ],
      [
        0.31348551246727335,
        0.15865905259522545,
        0.46529666114183443,
        0.055094388787524054,
        0.0074643850081429035
      ],
      [
        0.2604998090710292,
        0.1700929955487147,
        0.5010907787987168,
        0.06112444264812607,
        0.007191973933413139
      ],
      [
        0.37305650022873604,
        0.3488571934992523,
        0.22858665559145755,
        0.04186522242465394,
        0.007634428255900105
      ],
      [
        0.2638890885071455,
        0.33406189700111416,
        0.35702781682763945,
        0.036578187463514295,
        0.008443010200586546
      ],
      [
        0.3147083717554303,
        0.20158344498250658,
        0.4190884263942402,
        0.05724613283541225,
        0.007373624032410498
      ],
      [
        0.38258115784943053,
        0.25012840356285493,
        0.31704555707350046,
        0.04286841227166318,
        0.007376469242550884
      ],
      [
        0.17795407166026686,
        0.5260875370362303,
        0.24810669375609998,
        0.04104551759479713,
        0.0068061799526056115
      ],
      [
        0.19842059852849148,
        0.6878444152875168,
        0.08677995767060745,
        0.02166534537011496,
        0.005289683143269298
      ],
      [
        0.24606362176698593,
        0.18746468336270455,
        0.5003530096238762,
        0.05893203202471974,
        0.007186653221713643
      ],
      [
        0.44406981317419425,
        0.2510184380045557,
        0.23899632052510456,
        0.05842042184496063,
        0.007495006451185085
      ],
      [
        0.3419989778943887,
        0.32219118850770323,
        0.28873035102833394,
        0.03970073246554441,
        0.0073787501040296095
      ],
      [
        0.2932595932593344,
        0.20131215232039137,
        0.4347388705684594,
        0.06311036922679959,
        0.007579014625015393
      ],
      [
        0.2440691116765292,
        0.17842944224844098,
        0.5333753121129692,
        0.036983317356084226,
        0.007142816605976453
      ],
      [
        0.4021671182351422,
        0.41820346957597887,
        0.15068065566450262,
        0.022050418783961034,
        0.006898337740415196
      ],
      [
        0.2530719888233088,
        0.30187617440141373,
        0.32680488054989104,
        0.10987644404127636,
        0.008370512184110088
      ],
      [
        0.27150127256258494,
        0.5160471887234114,
        0.18401272318839865,
        0.022185293852809557,
        0.006253521672795543
      ],
      [
        0.14793544545118528,
        0.5668198795753767,
        0.2509376467884221,
        0.027348721824195503,
        0.006958306360820485
      ],
      [
        0.3006884433928987,
        0.43182700011915726,
        0.21035902591942043,
        0.050505797418471554,
        0.006619733150052042
      ],
      [
        0.2580720960923494,
        0.42958188076986603,
        0.2617562206122207,
        0.04260521132760411,
        0.00798459119795969
      ],
      [
        0.33707109145549474,
        0.1971823031357433,
        0.4059301574316849,
        0.05216172341308253,
        0.007654724563994511
      ],
      [
        0.1970103902138025,
        0.26809828770723715,
        0.47251267130059255,
        0.05490854901062126,
        0.007470101767746482
      ],
      [
        0.28206180365028644,
        0.1716335930512221,
        0.4922996240973886,
        0.04664536630089092,
        0.007359612900211932
      ],
      [
        0.4387444210082099,
        0.20233422175307764,
        0.31727795610237297,
        0.03408849180500529,
        0.0075549093313342745
      ],
      [
        0.32459914525829137,
        0.17832749486034014,
        0.4378862349822715,
        0.05144625038591629,
        0.007740874513180587
      ],
      [
        0.3186281825828943,
        0.33662952220486103,
        0.302510291509002,
        0.034302933118381784,
        0.007929070584860821
      ]
    ],
    "predictions": [
      0,
      2,
      1,
      1,
      2,
      1,
      2,
      2,
      0,
      2,
      0,
      2,
      0,
      2,
      1,
      2,
      1,
      2,
      2,
      2,
      2,
      0,
      1,
      2,
      0,
      1,
      1,
      2,
      1,
      1,
      2,
      1,
      1,
      2,
      2,
      2,
      0,
      1,
      2,
      2,
      2,
      2,
      0,
      1,
      1,
      2,
      2,
      2,
      2,
      1,
      1,
      1,
      1,
      2,
      2,
      1,
      1,
      2,
      2,
      1,
      2,
      1,
      1,
      1,
      1,
      1,
      0,
      1,
      1,
      1,
      2,
      0,
      2,
      1,
      1,
      1,
      1,
      2,
      2,
      1,
      2,
      2,
      0,
      2,
      2,
      0,
      1,
      1,
      2,
      0,
      0,
      2,
      2,
      1,
      2,
      1,
      1,
      1,
      1,
      2,
      2,
      2,
      0,
      2,
      1
    ],
    "true_labels": [
      1,
      4,
      1,
      4,
      4,
      1,
      2,
      2,
      4,
      2,
      0,
      2,
      2,
      2,
      1,
      1,
      2,
      2,
      0,
      0,
      1,
      0,
      1,
      0,
      0,
      1,
      1,
      2,
      1,
      3,
      2,
      0,
      1,
      2,
      2,
      4,
      1,
      0,
      3,
      1,
      0,
      3,
      2,
      1,
      1,
      0,
      0,
      0,
      2,
      0,
      2,
      3,
      1,
      4,
      0,
      0,
      1,
      2,
      4,
      1,
      1,
      1,
      0,
      0,
      1,
      1,
      2,
      0,
      0,
      0,
      3,
      4,
      1,
      4,
      0,
      1,
      1,
      0,
      1,
      0,
      0,
      1,
      2,
      1,
      0,
      2,
      2,
      1,
      2,
      0,
      1,
      0,
      2,
      0,
      3,
      1,
      1,
      0,
      1,
      0,
      4,
      1,
      0,
      2,
      1
    ],
    "patient_ids": [
      "A1K2P5",
      "A2H5K9",
      "A2L1N6",
      "A3H5R1",
      "A3P9V7",
      "A4A8V9",
      "A4K8R4",
      "A5D0G0",
      "A5H1Q2",
      "A5P5W0",
      "A5Q1W8",
      "A6A8H0",
      "A6B7Y4",
      "A6J0Y2",
      "A7E4J0",
      "A7F4G2",
      "B0L3Y2",
      "B1G9J3",
      "B2L0L2",
      "B3E2W8",
      "B3F0V9",
      "B3S2Z4",
      "B4E1K1",
      "B4S1Y2",
      "B5F8L9",
      "B5L5Y4",
      "B5T6V0",
      "B6I0T4",
      "B7F5P0",
      "B9H8N8",
      "C0L7V1",
      "C0N8P4",
      "C6U4W8",
      "C7L8Z8",
      "D1L6T4",
      "D3K5Q2",
      "D3Q0W9",
      "D6E9U8",
      "D9F5P1",
      "D9I8O7",
      "E0J2Z9",
      "E0J7L9",
      "E1L7M3",
      "E3L8U8",
      "E4I9O7",
      "E5J6L2",
      "E5S7W7",
      "E6H0V9",
      "E6J4N8",
      "E7L0N6",
      "E9V9Z2",
      "F0I6U8",
      "F0K4T6",
      "F5I1Z8",
      "G1J5K3",
      "G1K1V3",
      "G3M5S4",
      "G4I7V2",
      "G7N8R7",
      "G7S6V0",
      "G8K0M3",
      "G9N5V9",
      "H1N8S6",
      "H2M9S1",
      "H7K5U5",
      "H8K2K7",
      "I0I2J8",
      "I2J6Z6",
      "I4R8V6",
      "I5L3S2",
      "I6P4R0",
      "I6T4W8",
      "I8N8Y1",
      "I8Z0Z6",
      "J4J8Q3",
      "J9L4S2",
      "K6N4N7",
      "K7L2Y6",
      "K7N0R7",
      "L2V5Z0",
      "L5U7Y4",
      "L6T2T5",
      "L7Y7Z2",
      "L8N7Z0",
      "M2P5T8",
      "M4T4V6",
      "M6M9N1",
      "M6V2Y0",
      "N7P3T8",
      "N7W6Z8",
      "N9P5Z0",
      "N9Q4T8",
      "O4T6Y7",
      "O9V8W5",
      "P3P9S5",
      "P3R6Y5",
      "P8W4Z0",
      "Q1Q3T1",
      "Q3Q6R8",
      "Q4W5Z8",
      "Q5V8W3",
      "R3V5W7",
      "R6V5W3",
      "T2Z1Z9",
      "Y6Y9Z2"
    ]
  },
  "roc_auc": {
    "macro_auc": 0.688196943653438,
    "per_class_auc": {
      "NOR": 0.6843940714908457,
      "DCM": 0.7191836734693877,
      "HCM": 0.7221633085896076,
      "ARV": 0.7962962962962963,
      "HHD": 0.5189473684210526
    }
  },
  "binary": {
    "accuracy": 0.7047619047619048,
    "f1": 0.8268156424581006,
    "sensitivity": 1.0,
    "specificity": 0.0,
    "roc_auc": 0.6843940714908456,
    "binary_labels": [
      1,
      1,
      1,
      1,
      1,
      1,
      1,
      1,
      1,
      1,
      0,
      1,
      1,
      1,
      1,
      1,
      1,
      1,
      0,
      0,
      1,
      0,
      1,
      0,
      0,
      1,
      1,
      1,
      1,
      1,
      1,
      0,
      1,
      1,
      1,
      1,
      1,
      0,
      1,
      1,
      0,
      1,
      1,
      1,
      1,
      0,
      0,
      0,
      1,
      0,
      1,
      1,
      1,
      1,
      0,
      0,
      1,
      1,
      1,
      1,
      1,
      1,
      0,
      0,
      1,
      1,
      1,
      0,
      0,
      0,
      1,
      1,
      1,
      1,
      0,
      1,
      1,
      0,
      1,
      0,
      0,
      1,
      1,
      1,
      0,
      1,
      1,
      1,
      1,
      0,
      1,
      0,
      1,
      0,
      1,
      1,
      1,
      0,
      1,
      0,
      1,
      1,
      0,
      1,
      1
    ],
    "binary_probs": [
      0.617476218895549,
      0.7071594543277164,
      0.7848641200165588,
      0.7013970038696701,
      0.7745484032905731,
      0.7018998082135914,
      0.7458453479311309,
      0.7362423951877517,
      0.5707778475012983,
      0.7822458444120812,
      0.6499549192966165,
      0.6934409021075446,
      0.5590134152534301,
      0.7186386320467931,
      0.7881873520825653,
      0.7113651292279533,
      0.7774514027926053,
      0.6917308410786678,
      0.7712392854400869,
      0.7553950817336068,
      0.8136192641121116,
      0.6405728118545946,
      0.7552643252578215,
      0.6604946204640098,
      0.5982606846448135,
      0.7484058533116451,
      0.767902605176577,
      0.667223695245008,
      0.7628179476807899,
      0.7701985871227204,
      0.6648530858458713,
      0.8537614368685984,
      0.7512842821831309,
      0.6912298764446565,
      0.7440405913234043,
      0.8088600846360477,
      0.5715180039140375,
      0.6104982050765079,
      0.9090789053992543,
      0.7028322311934132,
      0.7068682743685,
      0.8601861198915873,
      0.6492564014886629,
      0.6785277370807823,
      0.8196920518223575,
      0.6295545540909305,
      0.6663330552588711,
      0.7000125546157324,
      0.7604012378455902,
      0.8219921051427023,
      0.8296092042983091,
      0.7483764581210158,
      0.809277436466118,
      0.8687767688087417,
      0.6727521056091188,
      0.7079595898027643,
      0.7838207507518957,
      0.7206865444316876,
      0.7244968244921348,
      0.709791794065708,
      0.7451445826871104,
      0.7375429118920843,
      0.7051300468919011,
      0.768545673979838,
      0.7094238568490323,
      0.7869988070277536,
      0.6033058873228379,
      0.6777638965686252,
      0.7954689432301367,
      0.7924110623302923,
      0.6837301903610035,
      0.6007201076076577,
      0.6807992726691503,
      0.7938663932536294,
      0.6752880495231057,
      0.8184331224618038,
      0.7374103895998956,
      0.6269106655650678,
      0.7209027743220647,
      0.7248994662389341,
      0.6865144875327267,
      0.7395001909289708,
      0.626943499771264,
      0.7361109114928546,
      0.6852916282445697,
      0.6174188421505695,
      0.8220459283397331,
      0.8015794014715085,
      0.7539363782330141,
      0.5559301868258057,
      0.6580010221056113,
      0.7067404067406656,
      0.7559308883234708,
      0.5978328817648578,
      0.7469280111766912,
      0.7284987274374151,
      0.8520645545488147,
      0.6993115566071013,
      0.7419279039076506,
      0.6629289085445053,
      0.8029896097861975,
      0.7179381963497136,
      0.5612555789917901,
      0.6754008547417086,
      0.6813718174171057
    ]
  }
}
