{
  "config": {
    "dataset": "mnm",
    "backbone": "dinov3",
    "model_name": "dinov3_vits16",
    "eval_mode": "logreg",
    "pooling": "cls",
    "embed_dim": 384,
    "best_hyperparam": 0.0010000000474974513,
    "hyperparam_name": "C",
    "num_classes": 5,
    "class_names": [
      "NOR",
      "DCM",
      "HCM",
      "ARV",
      "HHD"
    ]
  },
  "sweep_results": [
    {
      "param_value": 9.999999974752427e-07,
      "mean_cv_acc": 0.25806451612903225,
      "std_cv_acc": 0.0
    },
    {
      "param_value": 1.7782793975129607e-06,
      "mean_cv_acc": 0.25806451612903225,
      "std_cv_acc": 0.0
    },
    {
      "param_value": 3.1622776077711023e-06,
      "mean_cv_acc": 0.25806451612903225,
      "std_cv_acc": 0.0
    },
    {
      "param_value": 5.6234130170196295e-06,
      "mean_cv_acc": 0.25806451612903225,
      "std_cv_acc": 0.0
    },
    {
      "param_value": 9.999999747378752e-06,
      "mean_cv_acc": 0.2903225806451613,
      "std_cv_acc": 0.0
    },
    {
      "param_value": 1.778279329300858e-05,
      "mean_cv_acc": 0.45161290322580644,
      "std_cv_acc": 0.0
    },
    {
      "param_value": 3.162277789670043e-05,
      "mean_cv_acc": 0.4838709677419355,
      "std_cv_acc": 0.0
    },
    {
      "param_value": 5.62341338081751e-05,
      "mean_cv_acc": 0.4838709677419355,
      "std_cv_acc": 0.0
    },
    {
      "param_value": 9.999999747378752e-05,
      "mean_cv_acc": 0.4838709677419355,
      "std_cv_acc": 0.0
    },
    {
      "param_value": 0.00017782794020604342,
      "mean_cv_acc": 0.4838709677419355,
      "std_cv_acc": 0.0
    },
    {
      "param_value": 0.0003162277571391314,
      "mean_cv_acc": 0.5161290322580645,
      "std_cv_acc": 0.0
    },
    {
      "param_value": 0.000562341301701963,
      "mean_cv_acc": 0.5161290322580645,
      "std_cv_acc": 0.0
    },
    {
      "param_value": 0.0010000000474974513,
      "mean_cv_acc": 0.5483870967741935,
      "std_cv_acc": 0.0
    },
    {
      "param_value": 0.0017782794311642647,
      "mean_cv_acc": 0.5161290322580645,
      "std_cv_acc": 0.0
    },
    {
      "param_value": 0.003162277629598975,
      "mean_cv_acc": 0.5161290322580645,
      "std_cv_acc": 0.0
    },
    {
      "param_value": 0.005623413249850273,
      "mean_cv_acc": 0.4838709677419355,
      "std_cv_acc": 0.0
    },
    {
      "param_value": 0.009999999776482582,
      "mean_cv_acc": 0.4838709677419355,
      "std_cv_acc": 0.0
    },
    {
      "param_value": 0.017782794311642647,
      "mean_cv_acc": 0.4838709677419355,
      "std_cv_acc": 0.0
    },
    {
      "param_value": 0.03162277489900589,
      "mean_cv_acc": 0.4838709677419355,
      "std_cv_acc": 0.0
    },
    {
      "param_value": 0.05623413249850273,
      "mean_cv_acc": 0.4838709677419355,
      "std_cv_acc": 0.0
    },
    {
      "param_value": 0.10000000149011612,
      "mean_cv_acc": 0.4838709677419355,
      "std_cv_acc": 0.0
    },
    {
      "param_value": 0.17782793939113617,
      "mean_cv_acc": 0.4838709677419355,
      "std_cv_acc": 0.0
    },
    {
      "param_value": 0.3162277638912201,
      "mean_cv_acc": 0.4838709677419355,
      "std_cv_acc": 0.0
    },
    {
      "param_value": 0.5623413324356079,
      "mean_cv_acc": 0.4838709677419355,
      "std_cv_acc": 0.0
    },
    {
      "param_value": 1.0,
      "mean_cv_acc": 0.4838709677419355,
      "std_cv_acc": 0.0
    },
    {
      "param_value": 1.778279423713684,
      "mean_cv_acc": 0.4838709677419355,
      "std_cv_acc": 0.0
    },
    {
      "param_value": 3.1622776985168457,
      "mean_cv_acc": 0.45161290322580644,
      "std_cv_acc": 0.0
    },
    {
      "param_value": 5.6234130859375,
      "mean_cv_acc": 0.45161290322580644,
      "std_cv_acc": 0.0
    },
    {
      "param_value": 10.0,
      "mean_cv_acc": 0.45161290322580644,
      "std_cv_acc": 0.0
    },
    {
      "param_value": 17.782794952392578,
      "mean_cv_acc": 0.45161290322580644,
      "std_cv_acc": 0.0
    },
    {
      "param_value": 31.62277603149414,
      "mean_cv_acc": 0.45161290322580644,
      "std_cv_acc": 0.0
    },
    {
      "param_value": 56.234130859375,
      "mean_cv_acc": 0.45161290322580644,
      "std_cv_acc": 0.0
    },
    {
      "param_value": 100.0,
      "mean_cv_acc": 0.45161290322580644,
      "std_cv_acc": 0.0
    },
    {
      "param_value": 177.82794189453125,
      "mean_cv_acc": 0.45161290322580644,
      "std_cv_acc": 0.0
    },
    {
      "param_value": 316.2277526855469,
      "mean_cv_acc": 0.45161290322580644,
      "std_cv_acc": 0.0
    },
    {
      "param_value": 562.34130859375,
      "mean_cv_acc": 0.45161290322580644,
      "std_cv_acc": 0.0
    },
    {
      "param_value": 1000.0,
      "mean_cv_acc": 0.45161290322580644,
      "std_cv_acc": 0.0
    },
    {
      "param_value": 1778.2794189453125,
      "mean_cv_acc": 0.45161290322580644,
      "std_cv_acc": 0.0
    },
    {
      "param_value": 3162.277587890625,
      "mean_cv_acc": 0.45161290322580644,
      "std_cv_acc": 0.0
    },
    {
      "param_value": 5623.4130859375,
      "mean_cv_acc": 0.45161290322580644,
      "std_cv_acc": 0.0
    },
    {
      "param_value": 10000.0,
      "mean_cv_acc": 0.45161290322580644,
      "std_cv_acc": 0.0
    },
    {
      "param_value": 17782.794921875,
      "mean_cv_acc": 0.45161290322580644,
      "std_cv_acc": 0.0
    },
    {
      "param_value": 31622.77734375,
      "mean_cv_acc": 0.45161290322580644,
      "std_cv_acc": 0.0
    },
    {
      "param_value": 56234.1328125,
      "mean_cv_acc": 0.45161290322580644,
      "std_cv_acc": 0.0
    },
    {
      "param_value": 100000.0,
      "mean_cv_acc": 0.45161290322580644,
      "std_cv_acc": 0.0
    }
  ],
  "five_way": {
    "accuracy": 0.44761904761904764,
    "macro_f1": 0.2810353490332096,
    "macro_sensitivity": 0.33111600881586856,
    "macro_specificity": 0.8471833505979849,
    "per_class_sensitivity": {
      "NOR": 0.25806451612903225,
      "DCM": 0.5714285714285714,
      "HCM": 0.8260869565217391,
      "ARV": 0.0,
      "HHD": 0.0
    },
    "per_class_specificity": {
      "NOR": 0.9324324324324325,
      "DCM": 0.6571428571428571,
      "HCM": 0.6463414634146342,
      "ARV": 1.0,
      "HHD": 1.0
    },
    "confusion_matrix": [
      [
        8,
        14,
        9,
        0,
        0
      ],
      [
        3,
        20,
        12,
        0,
        0
      ],
      [
        1,
        3,
        19,
        0,
        0
      ],
      [
        0,
        3,
        3,
        0,
        0
      ],
      [
        1,
        4,
        5,
        0,
        0
      ]
    ],
    "classification_report": {
      "NOR": {
        "precision": 0.6153846153846154,
        "recall": 0.25806451612903225,
        "f1-score": 0.36363636363636365,
        "support": 31.0
      },
      "DCM": {
        "precision": 0.45454545454545453,
        "recall": 0.5714285714285714,
        "f1-score": 0.5063291139240507,
        "support": 35.0
      },
      "HCM": {
        "precision": 0.3958333333333333,
        "recall": 0.8260869565217391,
        "f1-score": 0.5352112676056338,
        "support": 23.0
      },
      "ARV": {
        "precision": 0.0,
        "recall": 0.0,
        "f1-score": 0.0,
        "support": 6.0
      },
      "HHD": {
        "precision": 0.0,
        "recall": 0.0,
        "f1-score": 0.0,
        "support": 10.0
      },
      "accuracy": 0.44761904761904764,
      "macro avg": {
        "precision": 0.29315268065268063,
        "recall": 0.33111600881586856,
        "f1-score": 0.2810353490332096,
        "support": 105.0
      },
      "weighted avg": {
        "precision": 0.4199064824064824,
        "recall": 0.44761904761904764,
        "f1-score": 0.3933724325237964,
        "support": 105.0
      }
    },
    "probabilities": [
      [
        0.30399042092573714,
        0.4865142889009984,
        0.16691503538897234,
        0.035587377409841164,
        0.006992877374450946
      ],
      [
        0.2489257776092996,
        0.09943837315232253,
        0.6233401492330526,
        0.020127214576210667,
        0.008168485429114676
      ],
      [
        0.23359616143300435,
        0.4886997314849986,
        0.15282290593147368,
        0.11833384268569407,
        0.006547358464829216
      ],
      [
        0.3043713220475782,
        0.47370400845178817,
        0.19128890147403713,
        0.023798234967954683,
        0.006837533058642039
      ],
      [
        0.16738894272322602,
        0.4286718994979294,
        0.3599581678526536,
        0.03713758545578726,
        0.006843404470403664
      ],
      [
        0.2944473412158364,
        0.26166569251032373,
        0.4097133920519952,
        0.025649716458981266,
        0.008523857762863393
      ],
      [
        0.13762511735410657,
        0.1960893759888074,
        0.5990262747810331,
        0.05977532559939112,
        0.007483906276661903
      ],
      [
        0.29104528880832276,
        0.09998081781018082,
        0.5800655355360456,
        0.02085771165642936,
        0.00805064618902161
      ],
      [
        0.4791194902445582,
        0.2689194664362412,
        0.2171992807793451,
        0.026071336832233567,
        0.008690425707621968
      ],
      [
        0.21500788036501864,
        0.14826384619731786,
        0.5829642121214381,
        0.045972154912115044,
        0.007791906404110381
      ],
      [
        0.3902904760109281,
        0.41982466115520295,
        0.15023378270348192,
        0.03247907615463365,
        0.007172003975753298
      ],
      [
        0.3292493728921984,
        0.13609766708261137,
        0.4772982431580254,
        0.04888547310745839,
        0.008469243759706415
      ],
      [
        0.39473148631286886,
        0.21385956361175848,
        0.33550483217623156,
        0.04802424574321711,
        0.007879872155924084
      ],
      [
        0.19473213185662158,
        0.08055179911630674,
        0.690265854997617,
        0.027302255948791435,
        0.007147958080663475
      ],
      [
        0.16578612659340375,
        0.38394033492702256,
        0.385862373387335,
        0.056790225831430695,
        0.007620939260808026
      ],
      [
        0.2817985903407804,
        0.297606754556339,
        0.350524605011868,
        0.06171754415140764,
        0.008352505939605005
      ],
      [
        0.14464445790266403,
        0.4869872232504661,
        0.3274009759227853,
        0.03396130951450438,
        0.007006033409580159
      ],
      [
        0.2924532739159065,
        0.13117837522899278,
        0.5428515615594272,
        0.025149685382985967,
        0.00836710391268768
      ],
      [
        0.09889510795172808,
        0.16701197538373927,
        0.7045163786051968,
        0.023062650872874745,
        0.006513887186461055
      ],
      [
        0.2910824005376707,
        0.2841966470475535,
        0.36401105984091414,
        0.05273760414305991,
        0.007972288430801739
      ],
      [
        0.22083087859614237,
        0.3750963682174582,
        0.32259870811814884,
        0.07480595552773835,
        0.006668089540512275
      ],
      [
        0.3794366852162377,
        0.4547685415042347,
        0.1282719961736618,
        0.02987157578767738,
        0.007651201318188618
      ],
      [
        0.19899309297894247,
        0.7242363823923574,
        0.05849338701429959,
        0.013426678152668566,
        0.004850459461732006
      ],
      [
        0.32461406576509877,
        0.1282831363624518,
        0.520553422907804,
        0.018006692763643157,
        0.008542682201002188
      ],
      [
        0.43772555757658327,
        0.20734899630450054,
        0.24303732278411042,
        0.10432585942962268,
        0.007562263905182943
      ],
      [
        0.2994436049297142,
        0.5495903459145037,
        0.12006729744748183,
        0.023861365028888113,
        0.007037386679412145
      ],
      [
        0.21119852863791902,
        0.5071120577775936,
        0.2431842875070054,
        0.030607636828111844,
        0.007897489249370136
      ],
      [
        0.3513348251581789,
        0.1932853516385796,
        0.38688279066074066,
        0.05970415503203451,
        0.008792877510466311
      ],
      [
        0.20811453750669728,
        0.32592318172459095,
        0.4264822588987656,
        0.03159189434267739,
        0.007888127527268644
      ],
      [
        0.20681064407143926,
        0.5119096912039809,
        0.16423898776726537,
        0.1107219704328779,
        0.006318706524436495
      ],
      [
        0.28315411106594846,
        0.1720639739882959,
        0.495398385738306,
        0.04138440589284915,
        0.007999123314600445
      ],
      [
        0.16222848291921524,
        0.5817026364455813,
        0.22920111022077788,
        0.02057453602434168,
        0.0062932343900839495
      ],
      [
        0.25405484273226187,
        0.588385390062655,
        0.10357889843840122,
        0.0488273193808984,
        0.005153549385783512
      ],
      [
        0.26539965977853286,
        0.15962863880238456,
        0.5425096940651071,
        0.023423941726898826,
        0.009038065627076682
      ],
      [
        0.26823442871595854,
        0.0867787181307018,
        0.5970501414830682,
        0.0405096554794706,
        0.007427056190800941
      ],
      [
        0.24371202023559238,
        0.28833667393154727,
        0.37979480092421586,
        0.08010581038882605,
        0.008050694519818371
      ],
      [
        0.3469457900430846,
        0.45689963560035796,
        0.17005178810129554,
        0.019035763152241616,
        0.007067023103020244
      ],
      [
        0.37040316046144117,
        0.48090253819437145,
        0.1152729361472843,
        0.025944862054178435,
        0.007476503142724737
      ],
      [
        0.08354426600069496,
        0.1853343080931155,
        0.6283956393244362,
        0.0966106577078967,
        0.00611512887385655
      ],
      [
        0.2124028728424211,
        0.3608878617481793,
        0.39168700908055804,
        0.026718046971588902,
        0.008304209357252845
      ],
      [
        0.274519116850711,
        0.2504908912248379,
        0.42486371455838323,
        0.04162674898411579,
        0.008499528381952086
      ],
      [
        0.08499891930154817,
        0.17565509330618206,
        0.6263428746799156,
        0.10658420396990559,
        0.006418908742448714
      ],
      [
        0.3404122107976402,
        0.484234171438404,
        0.12531361746873765,
        0.043217993724313404,
        0.006822006570904503
      ],
      [
        0.25106771543818146,
        0.27403740935689896,
        0.4264960453813216,
        0.039474807231047744,
        0.008924022592550193
      ],
      [
        0.18485698501914583,
        0.5245553813854222,
        0.2664565671648964,
        0.01691174130843263,
        0.007219325122102846
      ],
      [
        0.3282223526699344,
        0.22222710632669257,
        0.39418108950406405,
        0.04690825180208749,
        0.008461199697221585
      ],
      [
        0.3593910001292096,
        0.08005741432928244,
        0.5262423017410929,
        0.026313637085600833,
        0.007995646714814146
      ],
      [
        0.33248228214543246,
        0.31072062965968783,
        0.2938866458486291,
        0.05524622185778413,
        0.00766422048846654
      ],
      [
        0.16336018365767652,
        0.06787339172337468,
        0.7425386891977267,
        0.01959571283969762,
        0.006632022581524453
      ],
      [
        0.16446221726601645,
        0.35262016169097227,
        0.438839563527965,
        0.03618510627542723,
        0.007892951239619275
      ],
      [
        0.10522979498792306,
        0.331692023667831,
        0.4871542427819583,
        0.06914215114379303,
        0.006781787418494417
      ],
      [
        0.20696831076775432,
        0.5511659274848076,
        0.19503955205906434,
        0.03959917552188214,
        0.007227034166491493
      ],
      [
        0.27077687279067314,
        0.4442488686189799,
        0.15692807550598825,
        0.12136219424683732,
        0.006683988837521499
      ],
      [
        0.13061458146664434,
        0.5332154695349473,
        0.30723265741034067,
        0.02220346183252471,
        0.0067338297555429895
      ],
      [
        0.32171107365470997,
        0.4490125859301177,
        0.19513242644775855,
        0.026540189419952145,
        0.007603724547461407
      ],
      [
        0.3624122798624291,
        0.38730591930255565,
        0.21811256139964733,
        0.024341223117180524,
        0.007828016318187421
      ],
      [
        0.26391480602723505,
        0.33905518031552434,
        0.3593753280718896,
        0.028945581518975923,
        0.008709104066374998
      ],
      [
        0.24751985329163967,
        0.2514362768467618,
        0.44217804015194695,
        0.050242150173766625,
        0.008623679535884997
      ],
      [
        0.24339452245320967,
        0.11627067220396457,
        0.607341192213411,
        0.025181153048753985,
        0.007812460080660678
      ],
      [
        0.38190953079539486,
        0.3368016011857487,
        0.13591929989215445,
        0.1387213644944739,
        0.006648203632228116
      ],
      [
        0.3179423836959031,
        0.28044902992474446,
        0.3465724560467125,
        0.045753403036334794,
        0.009282727296305308
      ],
      [
        0.3787037231801454,
        0.2872689583673569,
        0.21180444381632416,
        0.115065236483308,
        0.007157638152865446
      ],
      [
        0.36663531455052306,
        0.45825554062680696,
        0.09067683380391493,
        0.07910231603554876,
        0.005329994983206386
      ],
      [
        0.22755289491952987,
        0.6279966164011854,
        0.10702087795280933,
        0.03165534885291375,
        0.005774261873561623
      ],
      [
        0.2918389952827491,
        0.5341620034130714,
        0.1448465885472317,
        0.021915392867996816,
        0.0072370198889509674
      ],
      [
        0.21475886591389523,
        0.6489338024360701,
        0.10580657055953774,
        0.024496940313607374,
        0.006003820776889572
      ],
      [
        0.29225233052180866,
        0.18493358641200933,
        0.4497014525871898,
        0.0641966596078273,
        0.008915970871164991
      ],
      [
        0.35768840915192257,
        0.36494314549040124,
        0.13576889050752328,
        0.13410727914442916,
        0.007492275705723865
      ],
      [
        0.22340390147383093,
        0.662148581641067,
        0.07703466096742916,
        0.031688148769827534,
        0.005724707147845338
      ],
      [
        0.17682727175076296,
        0.4996587053072378,
        0.22796018519648895,
        0.08873607270683419,
        0.006817765038676083
      ],
      [
        0.20678326343062017,
        0.32659122047305594,
        0.42674994769866176,
        0.03209827331229706,
        0.007777295085364807
      ],
      [
        0.2887594397263073,
        0.056703498948269405,
        0.6110273040019928,
        0.03675891241949504,
        0.0067508449039353794
      ],
      [
        0.3239877285961393,
        0.4563251511560388,
        0.17684868102629897,
        0.0353420654644624,
        0.007496373757060664
      ],
      [
        0.18882052541660738,
        0.5057869212813957,
        0.27676062098539383,
        0.021729891727349234,
        0.006902040589253885
      ],
      [
        0.39410067839516166,
        0.2533346732683331,
        0.23716089260656914,
        0.10771073070911445,
        0.007693025020821743
      ],
      [
        0.15593308432587394,
        0.5207376640952923,
        0.29381517523875383,
        0.022019452899258267,
        0.0074946234408216714
      ],
      [
        0.17313581200143505,
        0.6834918894533007,
        0.0921841570051206,
        0.04592045745129884,
        0.005267684088844769
      ],
      [
        0.2949865202297272,
        0.06832590825092509,
        0.5893095713395088,
        0.040205690333077276,
        0.007172309846761662
      ],
      [
        0.2644601423460355,
        0.2607543762526487,
        0.4248181146072554,
        0.041363224837527,
        0.008604141956533588
      ],
      [
        0.2511333443861075,
        0.45946991327023906,
        0.24853724346001552,
        0.03393214777873423,
        0.006927351104903631
      ],
      [
        0.3211639676926453,
        0.24306999167568857,
        0.37735134338716664,
        0.049684355141147496,
        0.008730342103352023
      ],
      [
        0.31530395648270737,
        0.1721002216258735,
        0.44045425461701154,
        0.06344450456566365,
        0.00869706270874374
      ],
      [
        0.3134736141312036,
        0.3489433168655633,
        0.30615499630441423,
        0.02267676193543539,
        0.008751310763383464
      ],
      [
        0.1932277453636769,
        0.1758588573681547,
        0.5890369080559106,
        0.033214026908572794,
        0.00866246230368509
      ],
      [
        0.39093161456114045,
        0.29502504985012984,
        0.2531045922104117,
        0.0525954005721205,
        0.008343342806197623
      ],
      [
        0.3234146327099944,
        0.20825010404259645,
        0.42842897891334225,
        0.03183026450707192,
        0.008076019826995216
      ],
      [
        0.12987402860662195,
        0.37145924533001834,
        0.45325987749853247,
        0.03859012058537547,
        0.006816727979451647
      ],
      [
        0.23846970315106272,
        0.6747784680510558,
        0.0669425245124914,
        0.014202986607700448,
        0.0056063176776896245
      ],
      [
        0.17344958704323726,
        0.15024659390723705,
        0.6338633856490551,
        0.035546176433497396,
        0.006894256966973243
      ],
      [
        0.5388685116179747,
        0.2123782918973528,
        0.21147714406691634,
        0.0294505303910472,
        0.007825522026709036
      ],
      [
        0.2645136683400096,
        0.3531837403040071,
        0.34184811990777453,
        0.032150987692443705,
        0.008303483755765095
      ],
      [
        0.29499259840184733,
        0.3785278139988989,
        0.27326098424354955,
        0.0450789091900372,
        0.008139694165667195
      ],
      [
        0.21648526206064342,
        0.07632924867414899,
        0.677875729995289,
        0.022263626578865804,
        0.007046132691052743
      ],
      [
        0.2747610954571515,
        0.6009118074510899,
        0.10098639839938137,
        0.016499536004964895,
        0.006841162687412391
      ],
      [
        0.22419042890525417,
        0.36552522170556556,
        0.2844114219150275,
        0.11740875819718767,
        0.00846416927696513
      ],
      [
        0.23579119753475863,
        0.5922177696598604,
        0.152100287852238,
        0.013475075482981783,
        0.006415669470161209
      ],
      [
        0.1210177882368311,
        0.5569773548113597,
        0.29188395719425303,
        0.02202012010840047,
        0.00810077964915564
      ],
      [
        0.34660006239884356,
        0.3454771361299767,
        0.21986167260708298,
        0.08063424698251088,
        0.007426881881585945
      ],
      [
        0.3248595752636037,
        0.3512509840078297,
        0.28228376846676106,
        0.03218193624588351,
        0.009423736015922148
      ],
      [
        0.3500385978889982,
        0.27477622757490083,
        0.32475330687755527,
        0.042388836917046556,
        0.008043030741499198
      ],
      [
        0.1353667605949962,
        0.11677662352406266,
        0.7049186275488953,
        0.03652590698663781,
        0.006412081345407885
      ],
      [
        0.268014853790018,
        0.16604455994867418,
        0.5100890577500107,
        0.04799773302465029,
        0.007853795486646864
      ],
      [
        0.527039578715556,
        0.19001472040138573,
        0.24915794628581708,
        0.025642211582200588,
        0.008145543015040583
      ],
      [
        0.3338493329659164,
        0.1289911946344725,
        0.48070627833829005,
        0.04867967474436447,
        0.007773519316956547
      ],
      [
        0.3502682732117862,
        0.30902653464459573,
        0.30776221821148264,
        0.02397001895230504,
        0.008972954979830264
      ]
    ],
    "predictions": [
      1,
      2,
      1,
      1,
      1,
      2,
      2,
      2,
      0,
      2,
      1,
      2,
      0,
      2,
      2,
      2,
      1,
      2,
      2,
      2,
      1,
      1,
      1,
      2,
      0,
      1,
      1,
      2,
      2,
      1,
      2,
      1,
      1,
      2,
      2,
      2,
      1,
      1,
      2,
      2,
      2,
      2,
      1,
      2,
      1,
      2,
      2,
      0,
      2,
      2,
      2,
      1,
      1,
      1,
      1,
      1,
      2,
      2,
      2,
      0,
      2,
      0,
      1,
      1,
      1,
      1,
      2,
      1,
      1,
      1,
      2,
      2,
      1,
      1,
      0,
      1,
      1,
      2,
      2,
      1,
      2,
      2,
      1,
      2,
      0,
      2,
      2,
      1,
      2,
      0,
      1,
      1,
      2,
      1,
      1,
      1,
      1,
      0,
      1,
      0,
      2,
      2,
      0,
      2,
      0
    ],
    "true_labels": [
      1,
      4,
      1,
      4,
      4,
      1,
      2,
      2,
      4,
      2,
      0,
      2,
      2,
      2,
      1,
      1,
      2,
      2,
      0,
      0,
      1,
      0,
      1,
      0,
      0,
      1,
      1,
      2,
      1,
      3,
      2,
      0,
      1,
      2,
      2,
      4,
      1,
      0,
      3,
      1,
      0,
      3,
      2,
      1,
      1,
      0,
      0,
      0,
      2,
      0,
      2,
      3,
      1,
      4,
      0,
      0,
      1,
      2,
      4,
      1,
      1,
      1,
      0,
      0,
      1,
      1,
      2,
      0,
      0,
      0,
      3,
      4,
      1,
      4,
      0,
      1,
      1,
      0,
      1,
      0,
      0,
      1,
      2,
      1,
      0,
      2,
      2,
      1,
      2,
      0,
      1,
      0,
      2,
      0,
      3,
      1,
      1,
      0,
      1,
      0,
      4,
      1,
      0,
      2,
      1
    ],
    "patient_ids": [
      "A1K2P5",
      "A2H5K9",
      "A2L1N6",
      "A3H5R1",
      "A3P9V7",
      "A4A8V9",
      "A4K8R4",
      "A5D0G0",
      "A5H1Q2",
      "A5P5W0",
      "A5Q1W8",
      "A6A8H0",
      "A6B7Y4",
      "A6J0Y2",
      "A7E4J0",
      "A7F4G2",
      "B0L3Y2",
      "B1G9J3",
      "B2L0L2",
      "B3E2W8",
      "B3F0V9",
      "B3S2Z4",
      "B4E1K1",
      "B4S1Y2",
      "B5F8L9",
      "B5L5Y4",
      "B5T6V0",
      "B6I0T4",
      "B7F5P0",
      "B9H8N8",
      "C0L7V1",
      "C0N8P4",
      "C6U4W8",
      "C7L8Z8",
      "D1L6T4",
      "D3K5Q2",
      "D3Q0W9",
      "D6E9U8",
      "D9F5P1",
      "D9I8O7",
      "E0J2Z9",
      "E0J7L9",
      "E1L7M3",
      "E3L8U8",
      "E4I9O7",
      "E5J6L2",
      "E5S7W7",
      "E6H0V9",
      "E6J4N8",
      "E7L0N6",
      "E9V9Z2",
      "F0I6U8",
      "F0K4T6",
      "F5I1Z8",
      "G1J5K3",
      "G1K1V3",
      "G3M5S4",
      "G4I7V2",
      "G7N8R7",
      "G7S6V0",
      "G8K0M3",
      "G9N5V9",
      "H1N8S6",
      "H2M9S1",
      "H7K5U5",
      "H8K2K7",
      "I0I2J8",
      "I2J6Z6",
      "I4R8V6",
      "I5L3S2",
      "I6P4R0",
      "I6T4W8",
      "I8N8Y1",
      "I8Z0Z6",
      "J4J8Q3",
      "J9L4S2",
      "K6N4N7",
      "K7L2Y6",
      "K7N0R7",
      "L2V5Z0",
      "L5U7Y4",
      "L6T2T5",
      "L7Y7Z2",
      "L8N7Z0",
      "M2P5T8",
      "M4T4V6",
      "M6M9N1",
      "M6V2Y0",
      "N7P3T8",
      "N7W6Z8",
      "N9P5Z0",
      "N9Q4T8",
      "O4T6Y7",
      "O9V8W5",
      "P3P9S5",
      "P3R6Y5",
      "P8W4Z0",
      "Q1Q3T1",
      "Q3Q6R8",
      "Q4W5Z8",
      "Q5V8W3",
      "R3V5W7",
      "R6V5W3",
      "T2Z1Z9",
      "Y6Y9Z2"
    ]
  },
  "roc_auc": {
    "macro_auc": 0.6990688601716236,
    "per_class_auc": {
      "NOR": 0.7410636442894507,
      "DCM": 0.7212244897959184,
      "HCM": 0.8176033934252386,
      "ARV": 0.7996632996632996,
      "HHD": 0.41578947368421054
    }
  },
  "binary": {
    "accuracy": 0.7238095238095238,
    "f1": 0.8361581920903954,
    "sensitivity": 1.0,
    "specificity": 0.06451612903225806,
    "roc_auc": 0.7410636442894507,
    "binary_labels": [
      1,
      1,
      1,
      1,
      1,
      1,
      1,
      1,
      1,
      1,
      0,
      1,
      1,
      1,
      1,
      1,
      1,
      1,
      0,
      0,
      1,
      0,
      1,
      0,
      0,
      1,
      1,
      1,
      1,
      1,
      1,
      0,
      1,
      1,
      1,
      1,
      1,
      0,
      1,
      1,
      0,
      1,
      1,
      1,
      1,
      0,
      0,
      0,
      1,
      0,
      1,
      1,
      1,
      1,
      0,
      0,
      1,
      1,
      1,
      1,
      1,
      1,
      0,
      0,
      1,
      1,
      1,
      0,
      0,
      0,
      1,
      1,
      1,
      1,
      0,
      1,
      1,
      0,
      1,
      0,
      0,
      1,
      1,
      1,
      0,
      1,
      1,
      1,
      1,
      0,
      1,
      0,
      1,
      0,
      1,
      1,
      1,
      0,
      1,
      0,
      1,
      1,
      0,
      1,
      1
    ],
    "binary_probs": [
      0.6960095790742629,
      0.7510742223907004,
      0.7664038385669957,
      0.6956286779524218,
      0.832611057276774,
      0.7055526587841636,
      0.8623748826458935,
      0.7089547111916772,
      0.5208805097554419,
      0.7849921196349814,
      0.609709523989072,
      0.6707506271078016,
      0.6052685136871312,
      0.8052678681433785,
      0.8342138734065963,
      0.7182014096592195,
      0.855355542097336,
      0.7075467260840935,
      0.9011048920482719,
      0.7089175994623294,
      0.7791691214038576,
      0.6205633147837624,
      0.8010069070210575,
      0.6753859342349012,
      0.5622744424234167,
      0.7005563950702858,
      0.788801471362081,
      0.6486651748418211,
      0.7918854624933027,
      0.7931893559285608,
      0.7168458889340515,
      0.8377715170807848,
      0.7459451572677381,
      0.7346003402214671,
      0.7317655712840414,
      0.7562879797644076,
      0.6530542099569154,
      0.6295968395385588,
      0.916455733999305,
      0.7875971271575789,
      0.7254808831492889,
      0.9150010806984519,
      0.6595877892023598,
      0.7489322845618185,
      0.8151430149808542,
      0.6717776473300656,
      0.6406089998707905,
      0.6675177178545675,
      0.8366398163423234,
      0.8355377827339836,
      0.8947702050120769,
      0.7930316892322457,
      0.7292231272093268,
      0.8693854185333556,
      0.67828892634529,
      0.6375877201375709,
      0.736085193972765,
      0.7524801467083604,
      0.7566054775467903,
      0.6180904692046052,
      0.6820576163040969,
      0.6212962768198547,
      0.633364685449477,
      0.7724471050804701,
      0.7081610047172509,
      0.7852411340861047,
      0.7077476694781913,
      0.6423115908480774,
      0.7765960985261691,
      0.823172728249237,
      0.7932167365693799,
      0.7112405602736926,
      0.6760122714038608,
      0.8111794745833927,
      0.6058993216048383,
      0.8440669156741261,
      0.826864187998565,
      0.7050134797702727,
      0.7355398576539645,
      0.7488666556138925,
      0.6788360323073547,
      0.6846960435172926,
      0.6865263858687964,
      0.8067722546363231,
      0.6090683854388595,
      0.6765853672900056,
      0.870125971393378,
      0.7615302968489372,
      0.8265504129567627,
      0.46113148838202533,
      0.7354863316599904,
      0.7050074015981527,
      0.7835147379393566,
      0.7252389045428485,
      0.7758095710947458,
      0.7642088024652414,
      0.8789822117631689,
      0.6533999376011564,
      0.6751404247363963,
      0.6499614021110018,
      0.8646332394050038,
      0.731985146209982,
      0.47296042128444404,
      0.6661506670340835,
      0.6497317267882138
    ]
  }
}