{
  "config": {
    "dataset": "mnm",
    "backbone": "dinov3",
    "model_name": "dinov3_vitl16",
    "eval_mode": "logreg",
    "pooling": "gap",
    "embed_dim": 1024,
    "best_hyperparam": 0.00017782794020604342,
    "hyperparam_name": "C",
    "num_classes": 5,
    "class_names": [
      "NOR",
      "DCM",
      "HCM",
      "ARV",
      "HHD"
    ]
  },
  "sweep_results": [
    {
      "param_value": 9.999999974752427e-07,
      "mean_cv_acc": 0.25806451612903225,
      "std_cv_acc": 0.0
    },
    {
      "param_value": 1.7782793975129607e-06,
      "mean_cv_acc": 0.25806451612903225,
      "std_cv_acc": 0.0
    },
    {
      "param_value": 3.1622776077711023e-06,
      "mean_cv_acc": 0.25806451612903225,
      "std_cv_acc": 0.0
    },
    {
      "param_value": 5.6234130170196295e-06,
      "mean_cv_acc": 0.25806451612903225,
      "std_cv_acc": 0.0
    },
    {
      "param_value": 9.999999747378752e-06,
      "mean_cv_acc": 0.2903225806451613,
      "std_cv_acc": 0.0
    },
    {
      "param_value": 1.778279329300858e-05,
      "mean_cv_acc": 0.3870967741935484,
      "std_cv_acc": 0.0
    },
    {
      "param_value": 3.162277789670043e-05,
      "mean_cv_acc": 0.3870967741935484,
      "std_cv_acc": 0.0
    },
    {
      "param_value": 5.62341338081751e-05,
      "mean_cv_acc": 0.3870967741935484,
      "std_cv_acc": 0.0
    },
    {
      "param_value": 9.999999747378752e-05,
      "mean_cv_acc": 0.41935483870967744,
      "std_cv_acc": 0.0
    },
    {
      "param_value": 0.00017782794020604342,
      "mean_cv_acc": 0.4838709677419355,
      "std_cv_acc": 0.0
    },
    {
      "param_value": 0.0003162277571391314,
      "mean_cv_acc": 0.45161290322580644,
      "std_cv_acc": 0.0
    },
    {
      "param_value": 0.000562341301701963,
      "mean_cv_acc": 0.41935483870967744,
      "std_cv_acc": 0.0
    },
    {
      "param_value": 0.0010000000474974513,
      "mean_cv_acc": 0.45161290322580644,
      "std_cv_acc": 0.0
    },
    {
      "param_value": 0.0017782794311642647,
      "mean_cv_acc": 0.45161290322580644,
      "std_cv_acc": 0.0
    },
    {
      "param_value": 0.003162277629598975,
      "mean_cv_acc": 0.45161290322580644,
      "std_cv_acc": 0.0
    },
    {
      "param_value": 0.005623413249850273,
      "mean_cv_acc": 0.4838709677419355,
      "std_cv_acc": 0.0
    },
    {
      "param_value": 0.009999999776482582,
      "mean_cv_acc": 0.4838709677419355,
      "std_cv_acc": 0.0
    },
    {
      "param_value": 0.017782794311642647,
      "mean_cv_acc": 0.45161290322580644,
      "std_cv_acc": 0.0
    },
    {
      "param_value": 0.03162277489900589,
      "mean_cv_acc": 0.45161290322580644,
      "std_cv_acc": 0.0
    },
    {
      "param_value": 0.05623413249850273,
      "mean_cv_acc": 0.4838709677419355,
      "std_cv_acc": 0.0
    },
    {
      "param_value": 0.10000000149011612,
      "mean_cv_acc": 0.4838709677419355,
      "std_cv_acc": 0.0
    },
    {
      "param_value": 0.17782793939113617,
      "mean_cv_acc": 0.4838709677419355,
      "std_cv_acc": 0.0
    },
    {
      "param_value": 0.3162277638912201,
      "mean_cv_acc": 0.4838709677419355,
      "std_cv_acc": 0.0
    },
    {
      "param_value": 0.5623413324356079,
      "mean_cv_acc": 0.45161290322580644,
      "std_cv_acc": 0.0
    },
    {
      "param_value": 1.0,
      "mean_cv_acc": 0.4838709677419355,
      "std_cv_acc": 0.0
    },
    {
      "param_value": 1.778279423713684,
      "mean_cv_acc": 0.4838709677419355,
      "std_cv_acc": 0.0
    },
    {
      "param_value": 3.1622776985168457,
      "mean_cv_acc": 0.4838709677419355,
      "std_cv_acc": 0.0
    },
    {
      "param_value": 5.6234130859375,
      "mean_cv_acc": 0.4838709677419355,
      "std_cv_acc": 0.0
    },
    {
      "param_value": 10.0,
      "mean_cv_acc": 0.4838709677419355,
      "std_cv_acc": 0.0
    },
    {
      "param_value": 17.782794952392578,
      "mean_cv_acc": 0.4838709677419355,
      "std_cv_acc": 0.0
    },
    {
      "param_value": 31.62277603149414,
      "mean_cv_acc": 0.4838709677419355,
      "std_cv_acc": 0.0
    },
    {
      "param_value": 56.234130859375,
      "mean_cv_acc": 0.4838709677419355,
      "std_cv_acc": 0.0
    },
    {
      "param_value": 100.0,
      "mean_cv_acc": 0.4838709677419355,
      "std_cv_acc": 0.0
    },
    {
      "param_value": 177.82794189453125,
      "mean_cv_acc": 0.4838709677419355,
      "std_cv_acc": 0.0
    },
    {
      "param_value": 316.2277526855469,
      "mean_cv_acc": 0.4838709677419355,
      "std_cv_acc": 0.0
    },
    {
      "param_value": 562.34130859375,
      "mean_cv_acc": 0.4838709677419355,
      "std_cv_acc": 0.0
    },
    {
      "param_value": 1000.0,
      "mean_cv_acc": 0.4838709677419355,
      "std_cv_acc": 0.0
    },
    {
      "param_value": 1778.2794189453125,
      "mean_cv_acc": 0.4838709677419355,
      "std_cv_acc": 0.0
    },
    {
      "param_value": 3162.277587890625,
      "mean_cv_acc": 0.4838709677419355,
      "std_cv_acc": 0.0
    },
    {
      "param_value": 5623.4130859375,
      "mean_cv_acc": 0.4838709677419355,
      "std_cv_acc": 0.0
    },
    {
      "param_value": 10000.0,
      "mean_cv_acc": 0.4838709677419355,
      "std_cv_acc": 0.0
    },
    {
      "param_value": 17782.794921875,
      "mean_cv_acc": 0.4838709677419355,
      "std_cv_acc": 0.0
    },
    {
      "param_value": 31622.77734375,
      "mean_cv_acc": 0.4838709677419355,
      "std_cv_acc": 0.0
    },
    {
      "param_value": 56234.1328125,
      "mean_cv_acc": 0.4838709677419355,
      "std_cv_acc": 0.0
    },
    {
      "param_value": 100000.0,
      "mean_cv_acc": 0.4838709677419355,
      "std_cv_acc": 0.0
    }
  ],
  "five_way": {
    "accuracy": 0.3333333333333333,
    "macro_f1": 0.1777740221208195,
    "macro_sensitivity": 0.22532558605489883,
    "macro_specificity": 0.8130068744702891,
    "per_class_sensitivity": {
      "NOR": 0.06451612903225806,
      "DCM": 0.7142857142857143,
      "HCM": 0.34782608695652173,
      "ARV": 0.0,
      "HHD": 0.0
    },
    "per_class_specificity": {
      "NOR": 0.9594594594594594,
      "DCM": 0.4714285714285714,
      "HCM": 0.6341463414634146,
      "ARV": 1.0,
      "HHD": 1.0
    },
    "confusion_matrix": [
      [
        2,
        20,
        9,
        0,
        0
      ],
      [
        0,
        25,
        10,
        0,
        0
      ],
      [
        2,
        13,
        8,
        0,
        0
      ],
      [
        0,
        1,
        5,
        0,
        0
      ],
      [
        1,
        3,
        6,
        0,
        0
      ]
    ],
    "classification_report": {
      "NOR": {
        "precision": 0.4,
        "recall": 0.06451612903225806,
        "f1-score": 0.1111111111111111,
        "support": 31.0
      },
      "DCM": {
        "precision": 0.4032258064516129,
        "recall": 0.7142857142857143,
        "f1-score": 0.5154639175257731,
        "support": 35.0
      },
      "HCM": {
        "precision": 0.21052631578947367,
        "recall": 0.34782608695652173,
        "f1-score": 0.26229508196721313,
        "support": 23.0
      },
      "ARV": {
        "precision": 0.0,
        "recall": 0.0,
        "f1-score": 0.0,
        "support": 6.0
      },
      "HHD": {
        "precision": 0.0,
        "recall": 0.0,
        "f1-score": 0.0,
        "support": 10.0
      },
      "accuracy": 0.3333333333333333,
      "macro avg": {
        "precision": 0.2027504244482173,
        "recall": 0.22532558605489883,
        "f1-score": 0.1777740221208195,
        "support": 105.0
      },
      "weighted avg": {
        "precision": 0.2986191284663271,
        "recall": 0.3333333333333333,
        "f1-score": 0.2620806518389753,
        "support": 105.0
      }
    },
    "probabilities": [
      [
        0.2500008462634388,
        0.414311682256385,
        0.2946133012117988,
        0.03427798816107116,
        0.006796182107306179
      ],
      [
        0.2529343844681689,
        0.18981153288808544,
        0.5177602590092555,
        0.03265565614698141,
        0.0068381674875086515
      ],
      [
        0.2013231112849326,
        0.5556571539046072,
        0.14999112814206744,
        0.08673588903365123,
        0.006292717634741454
      ],
      [
        0.28773850150279584,
        0.3082750821370483,
        0.3681437008793351,
        0.028918411288129105,
        0.006924304192691545
      ],
      [
        0.27589529370543675,
        0.33861632275655174,
        0.32682746617119735,
        0.05144057028740088,
        0.0072203470794132
      ],
      [
        0.2856132649100585,
        0.32963629313112447,
        0.33700058977070285,
        0.04039868970898602,
        0.007351162479128278
      ],
      [
        0.18065795189205064,
        0.4460427138304891,
        0.2919795861963937,
        0.07431369849687876,
        0.00700604958418787
      ],
      [
        0.1938730411436045,
        0.14796403387421547,
        0.6298488464337167,
        0.022504191868645954,
        0.005809886679817245
      ],
      [
        0.3055744076076621,
        0.3476015165503216,
        0.3148692684797544,
        0.025085985562319703,
        0.0068688217999422225
      ],
      [
        0.24521540148780413,
        0.3624117135124291,
        0.33049198082513676,
        0.05451028675648882,
        0.0073706174181411566
      ],
      [
        0.28649017583638314,
        0.4023719827534191,
        0.2666130365719438,
        0.03756316109279445,
        0.006961643745459296
      ],
      [
        0.2610415196727698,
        0.343825272806433,
        0.32192030716291414,
        0.06562804823417896,
        0.0075848521237040795
      ],
      [
        0.37384766619682464,
        0.32673338783580397,
        0.21895397345760675,
        0.07312193570040232,
        0.007343036809362345
      ],
      [
        0.23434473410249682,
        0.21118587945079662,
        0.5204234206802415,
        0.02744265017368208,
        0.006603315592783142
      ],
      [
        0.17561976944698418,
        0.5509034636137892,
        0.20834280626015206,
        0.05861455236721679,
        0.006519408311857644
      ],
      [
        0.28193648342866073,
        0.344872462279357,
        0.3182455621234932,
        0.04759824086580982,
        0.007347251302679278
      ],
      [
        0.23880006473882373,
        0.4785298935765706,
        0.22563308657835593,
        0.050355111800098044,
        0.006681843306151667
      ],
      [
        0.2891386635783877,
        0.23897236183708995,
        0.43219124706513323,
        0.032729773983270066,
        0.006967953536119136
      ],
      [
        0.21244282962276506,
        0.2772217519988652,
        0.4739778426277574,
        0.029525676686015002,
        0.006831899064597189
      ],
      [
        0.2560104700932942,
        0.38109419093246655,
        0.2916351468747007,
        0.06414429115595202,
        0.007115900943586597
      ],
      [
        0.23546356732719353,
        0.37845554580487717,
        0.3005505229831801,
        0.07895361905501345,
        0.006576744829736012
      ],
      [
        0.32863194982909844,
        0.41723341454232915,
        0.21590709339719602,
        0.031654209428873814,
        0.0065733328025025335
      ],
      [
        0.27357684680832633,
        0.5308268803553625,
        0.1648816934147874,
        0.024589846776337444,
        0.0061247326451863504
      ],
      [
        0.2888107116378254,
        0.23910336362495907,
        0.4391027427562602,
        0.026133673827306213,
        0.006849508153649123
      ],
      [
        0.3509894318889229,
        0.26394895382425915,
        0.30707149703402414,
        0.07087782166837263,
        0.0071122955844212035
      ],
      [
        0.31607123954275207,
        0.4788511617476012,
        0.17401826382132837,
        0.02482755130517281,
        0.006231783583145631
      ],
      [
        0.2432196708478782,
        0.4350234769999677,
        0.2854552464901042,
        0.029442494987243398,
        0.006859110674806551
      ],
      [
        0.2595278520002045,
        0.38448714367737546,
        0.2873401404443618,
        0.06125634068767866,
        0.007388523190379649
      ],
      [
        0.21712893024160074,
        0.5494064349018641,
        0.15480670524286244,
        0.07181725496284844,
        0.00684067465082418
      ],
      [
        0.24647104685532162,
        0.35437054160383363,
        0.3173046432967716,
        0.07441967649469902,
        0.007434091749374073
      ],
      [
        0.2704628653216468,
        0.3696109587455453,
        0.2884155115992285,
        0.0644247609103082,
        0.007085903423271305
      ],
      [
        0.21531347453975772,
        0.48850911974405187,
        0.263624777845584,
        0.02617689548015402,
        0.006375732390452398
      ],
      [
        0.30755665425542333,
        0.47580178768346915,
        0.14954969467084464,
        0.06056906264443908,
        0.006522800745823781
      ],
      [
        0.263881901189822,
        0.28110198068906056,
        0.42206948607901384,
        0.02604670369059755,
        0.006899928351505847
      ],
      [
        0.2876676871872378,
        0.27508514480813057,
        0.3680466949820754,
        0.06169675468898867,
        0.00750371833356772
      ],
      [
        0.2690041631563191,
        0.2983393709097791,
        0.3841100595654741,
        0.0414974224443255,
        0.00704898392410218
      ],
      [
        0.3082533597155737,
        0.3203349699243955,
        0.3455856973329354,
        0.01912239535537669,
        0.006703577671718747
      ],
      [
        0.3730337555787388,
        0.39796575274871054,
        0.19815034817993674,
        0.02434633308887086,
        0.006503810403743094
      ],
      [
        0.14343714526073031,
        0.2411981847075535,
        0.5412352806333641,
        0.06799109768767764,
        0.006138291710674399
      ],
      [
        0.21973283964221857,
        0.2836932895838529,
        0.46423369157634375,
        0.025670336877396935,
        0.00666984232018767
      ],
      [
        0.2555763337077346,
        0.30713620974155975,
        0.3834022016937577,
        0.04663030703051832,
        0.007254947826429675
      ],
      [
        0.15664752509128305,
        0.268419354885333,
        0.5088656250122238,
        0.05953117011493623,
        0.006536324896224008
      ],
      [
        0.2310786105167574,
        0.5748626248733246,
        0.14439612907289517,
        0.043751313365304884,
        0.005911322171717953
      ],
      [
        0.28666928041921225,
        0.3552755603025831,
        0.31889152628967565,
        0.03187404054056867,
        0.00728959244796022
      ],
      [
        0.235122646616815,
        0.3483460325407008,
        0.388378509580168,
        0.021551710608181337,
        0.0066011006541346375
      ],
      [
        0.33180369988796266,
        0.32454138745314104,
        0.2804342873798325,
        0.055951999395454324,
        0.007268625883609601
      ],
      [
        0.26940100599505973,
        0.17457119196483167,
        0.5231524434983854,
        0.026348231937775222,
        0.006527126603948095
      ],
      [
        0.29938503008630857,
        0.3100795800853827,
        0.33389344881540195,
        0.049485465866249266,
        0.0071564751466575574
      ],
      [
        0.2118042151472678,
        0.21140743699717948,
        0.5398439985841055,
        0.030209406807436022,
        0.00673494246401132
      ],
      [
        0.215951775988489,
        0.345609377071396,
        0.3984554114685761,
        0.033180706484206735,
        0.006802728987332117
      ],
      [
        0.17693506822725455,
        0.4828814906314169,
        0.2808451445036982,
        0.052737512422007776,
        0.006600784215622518
      ],
      [
        0.24159097484894554,
        0.32511184828931977,
        0.400816949185872,
        0.0258174480305992,
        0.0066627796452635064
      ],
      [
        0.22744054257321764,
        0.4987934612525701,
        0.1770099254715239,
        0.0900186218161793,
        0.00673744888650904
      ],
      [
        0.20234986267803606,
        0.38985469060544053,
        0.3674407719124045,
        0.033599542684533204,
        0.00675513211958568
      ],
      [
        0.2791128206296015,
        0.40618773494265004,
        0.2645600214167712,
        0.04334763880962823,
        0.006791784201348967
      ],
      [
        0.27048919623660295,
        0.38384140544399026,
        0.31583207353633064,
        0.02326306472720344,
        0.006574260055872627
      ],
      [
        0.24203323284058204,
        0.46106057371995973,
        0.23534362425120256,
        0.054394823599550154,
        0.00716774558870547
      ],
      [
        0.2119212126779494,
        0.4648089425730812,
        0.2539933515943092,
        0.06225628089867155,
        0.007020212255988549
      ],
      [
        0.26775710344351555,
        0.19111495624956476,
        0.5069475677253144,
        0.027505095921180344,
        0.006675276660424972
      ],
      [
        0.2637112156210276,
        0.44860405706374945,
        0.16163765246817033,
        0.11956415610774729,
        0.006482918739305315
      ],
      [
        0.2433362705059514,
        0.37952432747175563,
        0.33037488465918063,
        0.03947201372393625,
        0.0072925036391762975
      ],
      [
        0.28088756499392176,
        0.33405396678639454,
        0.2688688605845841,
        0.10855170269972533,
        0.007637904935374303
      ],
      [
        0.2917938553588902,
        0.4505656219455142,
        0.16760303113377162,
        0.08332467024467399,
        0.006712821317150031
      ],
      [
        0.2829704520000217,
        0.48250643181201636,
        0.1951821651544788,
        0.0328709244625426,
        0.006470026570940573
      ],
      [
        0.28909954160578166,
        0.49797531600004197,
        0.17275251004665476,
        0.033578912493830014,
        0.006593719853691562
      ],
      [
        0.2665280030259249,
        0.5550534783743983,
        0.14365785842546192,
        0.028832911463743425,
        0.0059277487104713675
      ],
      [
        0.2776268889059083,
        0.3486365835472735,
        0.3112007708770462,
        0.055167181724068225,
        0.007368574945703685
      ],
      [
        0.22650228271689293,
        0.5551163393264383,
        0.1173109450118088,
        0.09484445203567364,
        0.00622598090918631
      ],
      [
        0.2342410025562499,
        0.5472536331846024,
        0.17774460208505408,
        0.0345444979074939,
        0.006216264266599849
      ],
      [
        0.20213463879889976,
        0.46279129194462465,
        0.23265937523024335,
        0.09520439896244756,
        0.0072102950637846965
      ],
      [
        0.2718130545686509,
        0.27432897991117633,
        0.4099853776970922,
        0.03694360971688209,
        0.006928978106198653
      ],
      [
        0.3379843821383195,
        0.3188223185547289,
        0.2638531827710155,
        0.07175202311202176,
        0.007588093423914416
      ],
      [
        0.2870581788299535,
        0.3927963758995417,
        0.2804951279221415,
        0.032885860297342216,
        0.006764457051021086
      ],
      [
        0.2090544866106099,
        0.37226504416025974,
        0.3853261863348836,
        0.0266243902278349,
        0.006729892666411909
      ],
      [
        0.282916688272754,
        0.458840586946808,
        0.15772054011358058,
        0.09392165004269167,
        0.006600534624165726
      ],
      [
        0.19999596349613055,
        0.5158373851757516,
        0.2474296292431294,
        0.03005667019371006,
        0.006680351891278373
      ],
      [
        0.2544551049165609,
        0.5076904915446976,
        0.17236304134033337,
        0.05893788934588005,
        0.006553472852527992
      ],
      [
        0.30509809802334237,
        0.1568478845254631,
        0.49043466669264946,
        0.040928787130601,
        0.006690563627944011
      ],
      [
        0.21444004085446242,
        0.321413796687935,
        0.41296662917420607,
        0.04413643990217559,
        0.007043093381220981
      ],
      [
        0.291060107051543,
        0.37603039517257025,
        0.2833284972576452,
        0.0424375242272756,
        0.00714347629096577
      ],
      [
        0.2601889253942533,
        0.2610052022383907,
        0.4236036935288017,
        0.04806755898359518,
        0.007134619854959018
      ],
      [
        0.24887343841834916,
        0.30280896596243523,
        0.37574129051475486,
        0.06530117778304785,
        0.007275127321412936
      ],
      [
        0.2765709610098004,
        0.34803747184875966,
        0.3419902281089638,
        0.026348158264745777,
        0.007053180767730284
      ],
      [
        0.21144156286614343,
        0.27344470461181336,
        0.4796749916425444,
        0.028345514286949907,
        0.007093226592548854
      ],
      [
        0.3109783740877521,
        0.3341853628090914,
        0.2999725677486159,
        0.04779022952647349,
        0.007073465828067054
      ],
      [
        0.3552001825428569,
        0.2837658320344406,
        0.31877669817996607,
        0.03529424357296832,
        0.006963043669768086
      ],
      [
        0.2067344694168083,
        0.4977130498095886,
        0.2541756201073416,
        0.03469396455231685,
        0.006682896113944744
      ],
      [
        0.27429320975225013,
        0.5273549023030868,
        0.16851606908261257,
        0.023550246937555034,
        0.006285571924495597
      ],
      [
        0.18857969210063028,
        0.3792081311261248,
        0.3654850698345785,
        0.05985955199384403,
        0.00686755494482227
      ],
      [
        0.36746692340991155,
        0.40168700134806934,
        0.18618887903971093,
        0.038037505733849286,
        0.00661969046845885
      ],
      [
        0.3157479408501755,
        0.2880035831618216,
        0.34726058932150955,
        0.04180400181262196,
        0.007183884853871528
      ],
      [
        0.2294610132918442,
        0.4061530498480252,
        0.3116999315583144,
        0.0458239844034971,
        0.006862020898318948
      ],
      [
        0.22577885339274123,
        0.2432430898128814,
        0.48784867785525643,
        0.036230253398309285,
        0.006899125540811711
      ],
      [
        0.33677710045840864,
        0.4383594377776644,
        0.19425620560684176,
        0.024021634170588745,
        0.00658562198649626
      ],
      [
        0.26168371029570897,
        0.30540812501599357,
        0.34769326751901214,
        0.07769180250359779,
        0.007523094665687632
      ],
      [
        0.31216725018153807,
        0.4013684570183948,
        0.25638842082837293,
        0.02314324501554277,
        0.006932626956151445
      ],
      [
        0.1979130856827503,
        0.4498000294168296,
        0.3168909726222746,
        0.028513101644240417,
        0.0068828106339050895
      ],
      [
        0.27324306854492203,
        0.46373928785095386,
        0.19060904743237989,
        0.06568978762139883,
        0.006718808550345195
      ],
      [
        0.3057416585379941,
        0.4210654496441211,
        0.2230821332564388,
        0.042573048975185795,
        0.007537709586260269
      ],
      [
        0.3049030571747491,
        0.32460512146268966,
        0.31795722896965445,
        0.04556221732569764,
        0.006972375067209155
      ],
      [
        0.21536488860957562,
        0.2449143176071453,
        0.4873335041085601,
        0.04539142369295764,
        0.006995865981761173
      ],
      [
        0.23209109471976788,
        0.2807437163308266,
        0.43266307816004634,
        0.047458996409071946,
        0.007043114380287175
      ],
      [
        0.29573479977653006,
        0.2408251371725432,
        0.43174680048302216,
        0.024893950323231332,
        0.006799312244673255
      ],
      [
        0.2741618786223838,
        0.32325502931659367,
        0.33249748967058607,
        0.06262944517715337,
        0.007456157213283172
      ],
      [
        0.308024706183423,
        0.3087416158937954,
        0.34778546386802445,
        0.028231453689112018,
        0.007216760365645218
      ]
    ],
    "predictions": [
      1,
      2,
      1,
      2,
      1,
      2,
      1,
      2,
      1,
      1,
      1,
      1,
      0,
      2,
      1,
      1,
      1,
      2,
      2,
      1,
      1,
      1,
      1,
      2,
      0,
      1,
      1,
      1,
      1,
      1,
      1,
      1,
      1,
      2,
      2,
      2,
      2,
      1,
      2,
      2,
      2,
      2,
      1,
      1,
      2,
      0,
      2,
      2,
      2,
      2,
      1,
      2,
      1,
      1,
      1,
      1,
      1,
      1,
      2,
      1,
      1,
      1,
      1,
      1,
      1,
      1,
      1,
      1,
      1,
      1,
      2,
      0,
      1,
      2,
      1,
      1,
      1,
      2,
      2,
      1,
      2,
      2,
      1,
      2,
      1,
      0,
      1,
      1,
      1,
      1,
      2,
      1,
      2,
      1,
      2,
      1,
      1,
      1,
      1,
      1,
      2,
      2,
      2,
      2,
      2
    ],
    "true_labels": [
      1,
      4,
      1,
      4,
      4,
      1,
      2,
      2,
      4,
      2,
      0,
      2,
      2,
      2,
      1,
      1,
      2,
      2,
      0,
      0,
      1,
      0,
      1,
      0,
      0,
      1,
      1,
      2,
      1,
      3,
      2,
      0,
      1,
      2,
      2,
      4,
      1,
      0,
      3,
      1,
      0,
      3,
      2,
      1,
      1,
      0,
      0,
      0,
      2,
      0,
      2,
      3,
      1,
      4,
      0,
      0,
      1,
      2,
      4,
      1,
      1,
      1,
      0,
      0,
      1,
      1,
      2,
      0,
      0,
      0,
      3,
      4,
      1,
      4,
      0,
      1,
      1,
      0,
      1,
      0,
      0,
      1,
      2,
      1,
      0,
      2,
      2,
      1,
      2,
      0,
      1,
      0,
      2,
      0,
      3,
      1,
      1,
      0,
      1,
      0,
      4,
      1,
      0,
      2,
      1
    ],
    "patient_ids": [
      "A1K2P5",
      "A2H5K9",
      "A2L1N6",
      "A3H5R1",
      "A3P9V7",
      "A4A8V9",
      "A4K8R4",
      "A5D0G0",
      "A5H1Q2",
      "A5P5W0",
      "A5Q1W8",
      "A6A8H0",
      "A6B7Y4",
      "A6J0Y2",
      "A7E4J0",
      "A7F4G2",
      "B0L3Y2",
      "B1G9J3",
      "B2L0L2",
      "B3E2W8",
      "B3F0V9",
      "B3S2Z4",
      "B4E1K1",
      "B4S1Y2",
      "B5F8L9",
      "B5L5Y4",
      "B5T6V0",
      "B6I0T4",
      "B7F5P0",
      "B9H8N8",
      "C0L7V1",
      "C0N8P4",
      "C6U4W8",
      "C7L8Z8",
      "D1L6T4",
      "D3K5Q2",
      "D3Q0W9",
      "D6E9U8",
      "D9F5P1",
      "D9I8O7",
      "E0J2Z9",
      "E0J7L9",
      "E1L7M3",
      "E3L8U8",
      "E4I9O7",
      "E5J6L2",
      "E5S7W7",
      "E6H0V9",
      "E6J4N8",
      "E7L0N6",
      "E9V9Z2",
      "F0I6U8",
      "F0K4T6",
      "F5I1Z8",
      "G1J5K3",
      "G1K1V3",
      "G3M5S4",
      "G4I7V2",
      "G7N8R7",
      "G7S6V0",
      "G8K0M3",
      "G9N5V9",
      "H1N8S6",
      "H2M9S1",
      "H7K5U5",
      "H8K2K7",
      "I0I2J8",
      "I2J6Z6",
      "I4R8V6",
      "I5L3S2",
      "I6P4R0",
      "I6T4W8",
      "I8N8Y1",
      "I8Z0Z6",
      "J4J8Q3",
      "J9L4S2",
      "K6N4N7",
      "K7L2Y6",
      "K7N0R7",
      "L2V5Z0",
      "L5U7Y4",
      "L6T2T5",
      "L7Y7Z2",
      "L8N7Z0",
      "M2P5T8",
      "M4T4V6",
      "M6M9N1",
      "M6V2Y0",
      "N7P3T8",
      "N7W6Z8",
      "N9P5Z0",
      "N9Q4T8",
      "O4T6Y7",
      "O9V8W5",
      "P3P9S5",
      "P3R6Y5",
      "P8W4Z0",
      "Q1Q3T1",
      "Q3Q6R8",
      "Q4W5Z8",
      "Q5V8W3",
      "R3V5W7",
      "R6V5W3",
      "T2Z1Z9",
      "Y6Y9Z2"
    ]
  },
  "roc_auc": {
    "macro_auc": 0.6393271827784899,
    "per_class_auc": {
      "NOR": 0.6734960767218832,
      "DCM": 0.6853061224489796,
      "HCM": 0.5869565217391304,
      "ARV": 0.6666666666666666,
      "HHD": 0.5842105263157895
    }
  },
  "binary": {
    "accuracy": 0.7047619047619048,
    "f1": 0.8268156424581006,
    "sensitivity": 1.0,
    "specificity": 0.0,
    "roc_auc": 0.673496076721883,
    "binary_labels": [
      1,
      1,
      1,
      1,
      1,
      1,
      1,
      1,
      1,
      1,
      0,
      1,
      1,
      1,
      1,
      1,
      1,
      1,
      0,
      0,
      1,
      0,
      1,
      0,
      0,
      1,
      1,
      1,
      1,
      1,
      1,
      0,
      1,
      1,
      1,
      1,
      1,
      0,
      1,
      1,
      0,
      1,
      1,
      1,
      1,
      0,
      0,
      0,
      1,
      0,
      1,
      1,
      1,
      1,
      0,
      0,
      1,
      1,
      1,
      1,
      1,
      1,
      0,
      0,
      1,
      1,
      1,
      0,
      0,
      0,
      1,
      1,
      1,
      1,
      0,
      1,
      1,
      0,
      1,
      0,
      0,
      1,
      1,
      1,
      0,
      1,
      1,
      1,
      1,
      0,
      1,
      0,
      1,
      0,
      1,
      1,
      1,
      0,
      1,
      0,
      1,
      1,
      0,
      1,
      1
    ],
    "binary_probs": [
      0.7499991537365611,
      0.7470656155318312,
      0.7986768887150674,
      0.7122614984972042,
      0.7241047062945632,
      0.7143867350899415,
      0.8193420481079494,
      0.8061269588563955,
      0.6944255923923379,
      0.7547845985121959,
      0.7135098241636169,
      0.7389584803272302,
      0.6261523338031754,
      0.7656552658975032,
      0.8243802305530158,
      0.7180635165713393,
      0.7611999352611762,
      0.7108613364216123,
      0.7875571703772349,
      0.7439895299067059,
      0.7645364326728065,
      0.6713680501709016,
      0.7264231531916736,
      0.7111892883621747,
      0.6490105681110772,
      0.6839287604572479,
      0.7567803291521218,
      0.7404721479997955,
      0.7828710697583993,
      0.7535289531446784,
      0.7295371346783532,
      0.7846865254602423,
      0.6924433457445767,
      0.736118098810178,
      0.7123323128127622,
      0.7309958368436809,
      0.6917466402844263,
      0.6269662444212611,
      0.8565628547392696,
      0.7802671603577814,
      0.7444236662922654,
      0.8433524749087169,
      0.7689213894832426,
      0.7133307195807878,
      0.764877353383185,
      0.6681963001120373,
      0.7305989940049402,
      0.7006149699136914,
      0.7881957848527322,
      0.784048224011511,
      0.8230649317727454,
      0.7584090251510545,
      0.7725594574267823,
      0.797650137321964,
      0.7208871793703985,
      0.729510803763397,
      0.7579667671594179,
      0.7880787873220506,
      0.7322428965564844,
      0.7362887843789724,
      0.7566637294940486,
      0.7191124350060782,
      0.7082061446411099,
      0.7170295479999783,
      0.7109004583942183,
      0.7334719969740751,
      0.7223731110940916,
      0.773497717283107,
      0.7657589974437501,
      0.7978653612011002,
      0.7281869454313491,
      0.6620156178616805,
      0.7129418211700465,
      0.7909455133893901,
      0.7170833117272459,
      0.8000040365038694,
      0.7455448950834391,
      0.6949019019766576,
      0.7855599591455376,
      0.7089398929484569,
      0.7398110746057467,
      0.7511265615816508,
      0.7234290389901996,
      0.7885584371338565,
      0.6890216259122479,
      0.6447998174571431,
      0.7932655305831917,
      0.7257067902477499,
      0.8114203078993697,
      0.6325330765900885,
      0.6842520591498245,
      0.7705389867081558,
      0.7742211466072588,
      0.6632228995415914,
      0.738316289704291,
      0.687832749818462,
      0.8020869143172498,
      0.7267569314550779,
      0.6942583414620058,
      0.6950969428252509,
      0.7846351113904244,
      0.7679089052802321,
      0.70426520022347,
      0.7258381213776162,
      0.6919752938165771
    ]
  }
}