{
  "config": {
    "dataset": "mnm",
    "backbone": "dinov3",
    "model_name": "dinov3_vitl16",
    "eval_mode": "logreg",
    "freeze_backbone": true,
    "pooling": "gap",
    "embed_dim": 1024,
    "best_hyperparam": 0.00017782794020604342,
    "hyperparam_name": "C",
    "num_classes": 5,
    "class_names": [
      "NOR",
      "DCM",
      "HCM",
      "ARV",
      "HHD"
    ]
  },
  "sweep_results": [
    {
      "param_value": 9.999999974752427e-07,
      "mean_cv_acc": 0.25806451612903225,
      "std_cv_acc": 0.0
    },
    {
      "param_value": 1.7782793975129607e-06,
      "mean_cv_acc": 0.25806451612903225,
      "std_cv_acc": 0.0
    },
    {
      "param_value": 3.1622776077711023e-06,
      "mean_cv_acc": 0.25806451612903225,
      "std_cv_acc": 0.0
    },
    {
      "param_value": 5.6234130170196295e-06,
      "mean_cv_acc": 0.25806451612903225,
      "std_cv_acc": 0.0
    },
    {
      "param_value": 9.999999747378752e-06,
      "mean_cv_acc": 0.2903225806451613,
      "std_cv_acc": 0.0
    },
    {
      "param_value": 1.778279329300858e-05,
      "mean_cv_acc": 0.3870967741935484,
      "std_cv_acc": 0.0
    },
    {
      "param_value": 3.162277789670043e-05,
      "mean_cv_acc": 0.3870967741935484,
      "std_cv_acc": 0.0
    },
    {
      "param_value": 5.62341338081751e-05,
      "mean_cv_acc": 0.3870967741935484,
      "std_cv_acc": 0.0
    },
    {
      "param_value": 9.999999747378752e-05,
      "mean_cv_acc": 0.41935483870967744,
      "std_cv_acc": 0.0
    },
    {
      "param_value": 0.00017782794020604342,
      "mean_cv_acc": 0.4838709677419355,
      "std_cv_acc": 0.0
    },
    {
      "param_value": 0.0003162277571391314,
      "mean_cv_acc": 0.45161290322580644,
      "std_cv_acc": 0.0
    },
    {
      "param_value": 0.000562341301701963,
      "mean_cv_acc": 0.41935483870967744,
      "std_cv_acc": 0.0
    },
    {
      "param_value": 0.0010000000474974513,
      "mean_cv_acc": 0.45161290322580644,
      "std_cv_acc": 0.0
    },
    {
      "param_value": 0.0017782794311642647,
      "mean_cv_acc": 0.45161290322580644,
      "std_cv_acc": 0.0
    },
    {
      "param_value": 0.003162277629598975,
      "mean_cv_acc": 0.45161290322580644,
      "std_cv_acc": 0.0
    },
    {
      "param_value": 0.005623413249850273,
      "mean_cv_acc": 0.4838709677419355,
      "std_cv_acc": 0.0
    },
    {
      "param_value": 0.009999999776482582,
      "mean_cv_acc": 0.4838709677419355,
      "std_cv_acc": 0.0
    },
    {
      "param_value": 0.017782794311642647,
      "mean_cv_acc": 0.45161290322580644,
      "std_cv_acc": 0.0
    },
    {
      "param_value": 0.03162277489900589,
      "mean_cv_acc": 0.45161290322580644,
      "std_cv_acc": 0.0
    },
    {
      "param_value": 0.05623413249850273,
      "mean_cv_acc": 0.4838709677419355,
      "std_cv_acc": 0.0
    },
    {
      "param_value": 0.10000000149011612,
      "mean_cv_acc": 0.4838709677419355,
      "std_cv_acc": 0.0
    },
    {
      "param_value": 0.17782793939113617,
      "mean_cv_acc": 0.4838709677419355,
      "std_cv_acc": 0.0
    },
    {
      "param_value": 0.3162277638912201,
      "mean_cv_acc": 0.4838709677419355,
      "std_cv_acc": 0.0
    },
    {
      "param_value": 0.5623413324356079,
      "mean_cv_acc": 0.45161290322580644,
      "std_cv_acc": 0.0
    },
    {
      "param_value": 1.0,
      "mean_cv_acc": 0.4838709677419355,
      "std_cv_acc": 0.0
    },
    {
      "param_value": 1.778279423713684,
      "mean_cv_acc": 0.4838709677419355,
      "std_cv_acc": 0.0
    },
    {
      "param_value": 3.1622776985168457,
      "mean_cv_acc": 0.4838709677419355,
      "std_cv_acc": 0.0
    },
    {
      "param_value": 5.6234130859375,
      "mean_cv_acc": 0.4838709677419355,
      "std_cv_acc": 0.0
    },
    {
      "param_value": 10.0,
      "mean_cv_acc": 0.4838709677419355,
      "std_cv_acc": 0.0
    },
    {
      "param_value": 17.782794952392578,
      "mean_cv_acc": 0.4838709677419355,
      "std_cv_acc": 0.0
    },
    {
      "param_value": 31.62277603149414,
      "mean_cv_acc": 0.4838709677419355,
      "std_cv_acc": 0.0
    },
    {
      "param_value": 56.234130859375,
      "mean_cv_acc": 0.4838709677419355,
      "std_cv_acc": 0.0
    },
    {
      "param_value": 100.0,
      "mean_cv_acc": 0.4838709677419355,
      "std_cv_acc": 0.0
    },
    {
      "param_value": 177.82794189453125,
      "mean_cv_acc": 0.4838709677419355,
      "std_cv_acc": 0.0
    },
    {
      "param_value": 316.2277526855469,
      "mean_cv_acc": 0.4838709677419355,
      "std_cv_acc": 0.0
    },
    {
      "param_value": 562.34130859375,
      "mean_cv_acc": 0.4838709677419355,
      "std_cv_acc": 0.0
    },
    {
      "param_value": 1000.0,
      "mean_cv_acc": 0.4838709677419355,
      "std_cv_acc": 0.0
    },
    {
      "param_value": 1778.2794189453125,
      "mean_cv_acc": 0.4838709677419355,
      "std_cv_acc": 0.0
    },
    {
      "param_value": 3162.277587890625,
      "mean_cv_acc": 0.4838709677419355,
      "std_cv_acc": 0.0
    },
    {
      "param_value": 5623.4130859375,
      "mean_cv_acc": 0.4838709677419355,
      "std_cv_acc": 0.0
    },
    {
      "param_value": 10000.0,
      "mean_cv_acc": 0.4838709677419355,
      "std_cv_acc": 0.0
    },
    {
      "param_value": 17782.794921875,
      "mean_cv_acc": 0.4838709677419355,
      "std_cv_acc": 0.0
    },
    {
      "param_value": 31622.77734375,
      "mean_cv_acc": 0.4838709677419355,
      "std_cv_acc": 0.0
    },
    {
      "param_value": 56234.1328125,
      "mean_cv_acc": 0.4838709677419355,
      "std_cv_acc": 0.0
    },
    {
      "param_value": 100000.0,
      "mean_cv_acc": 0.4838709677419355,
      "std_cv_acc": 0.0
    }
  ],
  "five_way": {
    "accuracy": 0.3333333333333333,
    "macro_f1": 0.1777740221208195,
    "macro_sensitivity": 0.22532558605489883,
    "macro_specificity": 0.8130068744702891,
    "per_class_sensitivity": {
      "NOR": 0.06451612903225806,
      "DCM": 0.7142857142857143,
      "HCM": 0.34782608695652173,
      "ARV": 0.0,
      "HHD": 0.0
    },
    "per_class_specificity": {
      "NOR": 0.9594594594594594,
      "DCM": 0.4714285714285714,
      "HCM": 0.6341463414634146,
      "ARV": 1.0,
      "HHD": 1.0
    },
    "confusion_matrix": [
      [
        2,
        20,
        9,
        0,
        0
      ],
      [
        0,
        25,
        10,
        0,
        0
      ],
      [
        2,
        13,
        8,
        0,
        0
      ],
      [
        0,
        1,
        5,
        0,
        0
      ],
      [
        1,
        3,
        6,
        0,
        0
      ]
    ],
    "classification_report": {
      "NOR": {
        "precision": 0.4,
        "recall": 0.06451612903225806,
        "f1-score": 0.1111111111111111,
        "support": 31.0
      },
      "DCM": {
        "precision": 0.4032258064516129,
        "recall": 0.7142857142857143,
        "f1-score": 0.5154639175257731,
        "support": 35.0
      },
      "HCM": {
        "precision": 0.21052631578947367,
        "recall": 0.34782608695652173,
        "f1-score": 0.26229508196721313,
        "support": 23.0
      },
      "ARV": {
        "precision": 0.0,
        "recall": 0.0,
        "f1-score": 0.0,
        "support": 6.0
      },
      "HHD": {
        "precision": 0.0,
        "recall": 0.0,
        "f1-score": 0.0,
        "support": 10.0
      },
      "accuracy": 0.3333333333333333,
      "macro avg": {
        "precision": 0.2027504244482173,
        "recall": 0.22532558605489883,
        "f1-score": 0.1777740221208195,
        "support": 105.0
      },
      "weighted avg": {
        "precision": 0.2986191284663271,
        "recall": 0.3333333333333333,
        "f1-score": 0.2620806518389753,
        "support": 105.0
      }
    },
    "probabilities": [
      [
        0.25000099166670736,
        0.4143116419768678,
        0.294613133770438,
        0.034278041448142296,
        0.006796191137844405
      ],
      [
        0.25293425830661426,
        0.18981161870357452,
        0.5177602423821421,
        0.03265570352594257,
        0.006838177081726515
      ],
      [
        0.20132308326786458,
        0.5556571816616104,
        0.14999108135863126,
        0.08673592895640245,
        0.0062927247554913955
      ],
      [
        0.2877384830793515,
        0.30827517566624624,
        0.36814355933315734,
        0.028918469193061062,
        0.006924312728183833
      ],
      [
        0.2758953136065677,
        0.33861634820483105,
        0.32682733426486754,
        0.051440647978162585,
        0.007220355945571004
      ],
      [
        0.285613336779261,
        0.3296364021443008,
        0.33700033303190613,
        0.040398754624382006,
        0.007351173420150045
      ],
      [
        0.180658026141314,
        0.446042486023176,
        0.29197965854837166,
        0.07431376870532028,
        0.007006060581818194
      ],
      [
        0.19387305881767333,
        0.14796410884209543,
        0.6298487152142347,
        0.022504222323724257,
        0.005809894802272298
      ],
      [
        0.3055744248559819,
        0.3476016587465335,
        0.3148690528947548,
        0.02508603309768499,
        0.006868830405044728
      ],
      [
        0.24521540452966545,
        0.3624117112337548,
        0.330491872789784,
        0.054510383727469996,
        0.007370627719325779
      ],
      [
        0.286490290932644,
        0.4023719458818216,
        0.2666128879669867,
        0.037563222969429544,
        0.006961652249118145
      ],
      [
        0.2610415050820179,
        0.34382527294083026,
        0.3219202388835341,
        0.06562812146926474,
        0.0075848616243530285
      ],
      [
        0.37384777448414136,
        0.32673324515572827,
        0.21895396912197698,
        0.07312196540307934,
        0.007343045835073957
      ],
      [
        0.23434482353587452,
        0.21118605281970357,
        0.520423087344383,
        0.027442709856465408,
        0.006603326443573504
      ],
      [
        0.17561974410293837,
        0.5509036450710779,
        0.20834258145335408,
        0.05861461293572477,
        0.006519416436904784
      ],
      [
        0.28193643788697026,
        0.34487240206150493,
        0.3182455873228883,
        0.04759831117106738,
        0.007347261557569113
      ],
      [
        0.23880005132641766,
        0.478529937041176,
        0.2256329794005099,
        0.0503551816235944,
        0.0066818506083020646
      ],
      [
        0.28913864781096565,
        0.23897249391083739,
        0.4321910585434538,
        0.032729836526357754,
        0.0069679632083855
      ],
      [
        0.21244282226075803,
        0.27722195832253843,
        0.47397758562998327,
        0.02952572549209451,
        0.006831908294625443
      ],
      [
        0.25601059749768185,
        0.3810942155311883,
        0.2916349089361124,
        0.0641443681063163,
        0.007115909928701112
      ],
      [
        0.2354634401229421,
        0.3784555192177689,
        0.30055064144277727,
        0.07895364864131699,
        0.0065767505751947435
      ],
      [
        0.32863199373717433,
        0.4172334902353316,
        0.21590692731950206,
        0.031654249062018205,
        0.00657333964597368
      ],
      [
        0.27357691582736243,
        0.5308268461698582,
        0.16488161923666075,
        0.02458987915517341,
        0.006124739610945184
      ],
      [
        0.2888106770756096,
        0.2391034515375748,
        0.4391026453615424,
        0.026133709341408358,
        0.006849516683864886
      ],
      [
        0.35098943696948043,
        0.2639488964829909,
        0.30707148258714173,
        0.07087787965335703,
        0.007112304307030035
      ],
      [
        0.3160712190266821,
        0.4788512186094179,
        0.17401818804547506,
        0.024827583882261844,
        0.006231790436162928
      ],
      [
        0.2432196829214151,
        0.43502372739440237,
        0.28545492770349123,
        0.02944254380532873,
        0.00685911817536274
      ],
      [
        0.2595278445780722,
        0.38448707331518367,
        0.28734013036170936,
        0.06125641834936782,
        0.007388533395667083
      ],
      [
        0.21712894091646529,
        0.549406222445216,
        0.1548068006951582,
        0.0718173497861859,
        0.00684068615697449
      ],
      [
        0.24647101569748653,
        0.3543706990487703,
        0.31730441571992374,
        0.0744197683742677,
        0.007434101159551718
      ],
      [
        0.2704629326947819,
        0.3696108258439904,
        0.288415498061044,
        0.06442483010344198,
        0.007085913296741668
      ],
      [
        0.21531352319595917,
        0.48850915775402615,
        0.26362464585814804,
        0.02617693374586301,
        0.006375739446003638
      ],
      [
        0.3075565916242733,
        0.47580187447541883,
        0.14954959556813494,
        0.06056912980359964,
        0.006522808528573501
      ],
      [
        0.2638818866870963,
        0.2811019474275373,
        0.42206948184303633,
        0.02604674741549597,
        0.00689993662683414
      ],
      [
        0.28766773586211947,
        0.27508515936612604,
        0.36804653951230176,
        0.06169683753060078,
        0.007503727728851896
      ],
      [
        0.26900416200602084,
        0.29833950598353537,
        0.3841098557411159,
        0.04149748395475459,
        0.007048992314573386
      ],
      [
        0.3082532746578302,
        0.3203351808498998,
        0.3455855314101461,
        0.019122427238678803,
        0.006703585843445107
      ],
      [
        0.37303374162445907,
        0.39796585878954865,
        0.1981502154306172,
        0.0243463668430978,
        0.0065038173122771515
      ],
      [
        0.14343717255183513,
        0.24119824764496842,
        0.5412351155070149,
        0.06799116607100508,
        0.0061382982251765375
      ],
      [
        0.21973293822581555,
        0.28369343247698137,
        0.4642333830029494,
        0.025670394265615917,
        0.006669852028637733
      ],
      [
        0.2555765356062034,
        0.3071360888865112,
        0.38340203657371785,
        0.04663038091768888,
        0.007254958015878674
      ],
      [
        0.15664755750234335,
        0.26841913357320496,
        0.5088657793899897,
        0.05953119703628323,
        0.006536332498178693
      ],
      [
        0.23107861060692592,
        0.5748625923021153,
        0.14439611775305108,
        0.04375134863675187,
        0.005911330701155925
      ],
      [
        0.2866692750333705,
        0.35527549372125733,
        0.31889154781966716,
        0.03187408074720583,
        0.007289602678498973
      ],
      [
        0.23512263240668954,
        0.3483462337154814,
        0.38837827381309037,
        0.021551752385230893,
        0.006601107679507835
      ],
      [
        0.3318037428839389,
        0.32454132182142786,
        0.2804342413675505,
        0.05595205913083802,
        0.007268634796244681
      ],
      [
        0.2694010539361878,
        0.17457128798674595,
        0.5231522371164696,
        0.026348285383674987,
        0.006527135576921619
      ],
      [
        0.29938516718066793,
        0.3100795417188519,
        0.3338932771320762,
        0.049485529141469094,
        0.00715648482693485
      ],
      [
        0.21180411930900891,
        0.2114074410636278,
        0.5398440357988057,
        0.030209453590909426,
        0.006734950237648176
      ],
      [
        0.21595172509288688,
        0.34560938661955243,
        0.39845538667326474,
        0.03318076514420149,
        0.006802736470094436
      ],
      [
        0.17693510090474357,
        0.4828814848756578,
        0.28084505929460923,
        0.052737562780256264,
        0.00660079214473315
      ],
      [
        0.24159087424767384,
        0.3251120320677942,
        0.4008168144479682,
        0.025817491890350097,
        0.006662787346213443
      ],
      [
        0.2274405591256828,
        0.49879347185383843,
        0.17700979562364674,
        0.0900187164793432,
        0.00673745691748875
      ],
      [
        0.20234990836249453,
        0.38985464190828356,
        0.3674407338792156,
        0.03359957619964464,
        0.006755139650361787
      ],
      [
        0.27911279449636683,
        0.40618794094643246,
        0.26455975992188824,
        0.04334771246353168,
        0.0067917921717807715
      ],
      [
        0.27048921653426605,
        0.38384147773788896,
        0.3158319348122889,
        0.023263103620164,
        0.0065742672953921265
      ],
      [
        0.24203328213233927,
        0.4610605303630431,
        0.23534353420567755,
        0.054394897585519304,
        0.007167755713420921
      ],
      [
        0.21192127174148448,
        0.4648088345565685,
        0.2539933405564056,
        0.06225633164978959,
        0.007020221495751927
      ],
      [
        0.26775706553420825,
        0.19111498001200222,
        0.5069475306439846,
        0.027505138613710265,
        0.006675285196094694
      ],
      [
        0.26371118989645115,
        0.4486039395678641,
        0.161637705951617,
        0.11956423786867897,
        0.006482926715388756
      ],
      [
        0.24333623574259414,
        0.379524303414449,
        0.3303748704767349,
        0.03947207781893011,
        0.00729251254729174
      ],
      [
        0.28088766478787075,
        0.33405411855360956,
        0.2688684285835909,
        0.10855187417334829,
        0.007637913901580583
      ],
      [
        0.29179386092787163,
        0.4505656246758253,
        0.16760292497869111,
        0.08332476094917068,
        0.006712828468441342
      ],
      [
        0.2829704577923611,
        0.48250657977308264,
        0.195181957419806,
        0.032870971614009495,
        0.006470033400740739
      ],
      [
        0.2890995312660468,
        0.4979752609232068,
        0.17275254197938308,
        0.03357893814054419,
        0.006593727690819144
      ],
      [
        0.2665279873856568,
        0.5550535551122858,
        0.1436577519749355,
        0.028832950203866017,
        0.005927755323255889
      ],
      [
        0.277626825121218,
        0.348636390417584,
        0.311200989195664,
        0.055167209731569834,
        0.00736858553396401
      ],
      [
        0.22650229734830207,
        0.5551162142679583,
        0.11731092817883103,
        0.09484457003471342,
        0.00622599017019528
      ],
      [
        0.23424096880417547,
        0.5472537515288809,
        0.1777444654783773,
        0.03454454344196094,
        0.0062162707466054505
      ],
      [
        0.20213463401342824,
        0.4627914589118728,
        0.23265911602485714,
        0.09520448898628218,
        0.007210302063559709
      ],
      [
        0.2718131180429234,
        0.27432912386521435,
        0.4099850957853124,
        0.03694367418116238,
        0.006928988125387519
      ],
      [
        0.3379843917734888,
        0.31882221352805296,
        0.26385320639248766,
        0.07175208394599235,
        0.007588104359978165
      ],
      [
        0.28705828796761584,
        0.39279628316052356,
        0.2804950554412433,
        0.032885907361352,
        0.006764466069265149
      ],
      [
        0.20905436787404977,
        0.37226528344444476,
        0.38532602278398254,
        0.026624425832602494,
        0.006729900064920468
      ],
      [
        0.2829166714449173,
        0.4588405814673466,
        0.15772047457670915,
        0.09392172935491462,
        0.006600543156112302
      ],
      [
        0.19999591340599482,
        0.5158375764570676,
        0.24742943443330967,
        0.030056715817972503,
        0.006680359885655374
      ],
      [
        0.25445509538022953,
        0.5076904236277935,
        0.17236301091150583,
        0.05893798953423054,
        0.00655348054624063
      ],
      [
        0.3050981418987243,
        0.1568479275321782,
        0.4904344903729492,
        0.040928865464098164,
        0.006690574732050287
      ],
      [
        0.21444006664851492,
        0.32141377542571997,
        0.4129665535076002,
        0.04413650098668038,
        0.007043103431484663
      ],
      [
        0.29106008250330645,
        0.37603058452487526,
        0.28332825385705085,
        0.04243759320813514,
        0.007143485906632441
      ],
      [
        0.26018906091927946,
        0.26100533077109256,
        0.42360333181050336,
        0.04806764580682209,
        0.007134630692302428
      ],
      [
        0.24887349347139473,
        0.30280911327950244,
        0.37574095711118405,
        0.06530129920781529,
        0.007275136930103472
      ],
      [
        0.2765708983004013,
        0.3480374953584346,
        0.3419902104100856,
        0.026348206491810182,
        0.007053189439268462
      ],
      [
        0.211441568545208,
        0.2734447240066184,
        0.47967491068306783,
        0.02834556046228953,
        0.007093236302816005
      ],
      [
        0.3109784015688142,
        0.3341851966031682,
        0.2999726295412646,
        0.047790296973827404,
        0.007073475312925727
      ],
      [
        0.35520023706186915,
        0.28376603872449047,
        0.3187763505675867,
        0.03529432060662043,
        0.0069630530394332825
      ],
      [
        0.20673441311839033,
        0.4977131946805856,
        0.2541754938047491,
        0.034693995247932936,
        0.006682903148342141
      ],
      [
        0.2742932788624436,
        0.5273548960344611,
        0.16851595573384348,
        0.023550289288899406,
        0.0062855800803524615
      ],
      [
        0.18857970905572186,
        0.3792081119291541,
        0.3654849725077116,
        0.05985964233783931,
        0.006867564169573088
      ],
      [
        0.3674668384619813,
        0.40168718921978874,
        0.186188730239159,
        0.03803754457069439,
        0.0066196975083765335
      ],
      [
        0.31574789762338723,
        0.28800389030956497,
        0.34726025895858315,
        0.04180405850732378,
        0.007183894601140747
      ],
      [
        0.22946108733154363,
        0.4061530709280836,
        0.3116997616387809,
        0.045824050659754804,
        0.006862029441837048
      ],
      [
        0.22577885313153384,
        0.24324328691579555,
        0.48784840715692857,
        0.0362303175400673,
        0.00689913525567457
      ],
      [
        0.3367771498793217,
        0.43835950646799393,
        0.19425604091352314,
        0.024021672559568046,
        0.0065856301795930855
      ],
      [
        0.2616836875440161,
        0.30540809495401333,
        0.34769324386561723,
        0.0776918707859861,
        0.007523102850367155
      ],
      [
        0.3121672060339225,
        0.40136845599676063,
        0.2563884208090011,
        0.0231432816340557,
        0.006932635526259916
      ],
      [
        0.19791315425786232,
        0.4498001693109748,
        0.31689071241701416,
        0.02851314461683397,
        0.006882819397314702
      ],
      [
        0.2732430370321356,
        0.46373921278676294,
        0.19060908235503307,
        0.06568985000696032,
        0.006718817819108068
      ],
      [
        0.3057417222511018,
        0.4210655206209439,
        0.22308192318308667,
        0.04257311605297941,
        0.007537717891888322
      ],
      [
        0.3049031655407404,
        0.3246050560730345,
        0.3179571066671046,
        0.045562288286789716,
        0.0069723834323308104
      ],
      [
        0.2153648797447341,
        0.24491438430855972,
        0.4873333764412724,
        0.04539148489418583,
        0.006995874611247781
      ],
      [
        0.23209110732650046,
        0.28074394554342896,
        0.4326627263117018,
        0.047459095702307615,
        0.007043125116061296
      ],
      [
        0.2957347040624521,
        0.24082508129669178,
        0.431746900590218,
        0.02489399374983524,
        0.00679932030080286
      ],
      [
        0.2741618580357767,
        0.32325496243961266,
        0.33249751371058306,
        0.06262949967994341,
        0.0074561661340842396
      ],
      [
        0.3080247086681726,
        0.3087416712764545,
        0.347785334245606,
        0.028231514447097476,
        0.007216771362669343
      ]
    ],
    "predictions": [
      1,
      2,
      1,
      2,
      1,
      2,
      1,
      2,
      1,
      1,
      1,
      1,
      0,
      2,
      1,
      1,
      1,
      2,
      2,
      1,
      1,
      1,
      1,
      2,
      0,
      1,
      1,
      1,
      1,
      1,
      1,
      1,
      1,
      2,
      2,
      2,
      2,
      1,
      2,
      2,
      2,
      2,
      1,
      1,
      2,
      0,
      2,
      2,
      2,
      2,
      1,
      2,
      1,
      1,
      1,
      1,
      1,
      1,
      2,
      1,
      1,
      1,
      1,
      1,
      1,
      1,
      1,
      1,
      1,
      1,
      2,
      0,
      1,
      2,
      1,
      1,
      1,
      2,
      2,
      1,
      2,
      2,
      1,
      2,
      1,
      0,
      1,
      1,
      1,
      1,
      2,
      1,
      2,
      1,
      2,
      1,
      1,
      1,
      1,
      1,
      2,
      2,
      2,
      2,
      2
    ],
    "true_labels": [
      1,
      4,
      1,
      4,
      4,
      1,
      2,
      2,
      4,
      2,
      0,
      2,
      2,
      2,
      1,
      1,
      2,
      2,
      0,
      0,
      1,
      0,
      1,
      0,
      0,
      1,
      1,
      2,
      1,
      3,
      2,
      0,
      1,
      2,
      2,
      4,
      1,
      0,
      3,
      1,
      0,
      3,
      2,
      1,
      1,
      0,
      0,
      0,
      2,
      0,
      2,
      3,
      1,
      4,
      0,
      0,
      1,
      2,
      4,
      1,
      1,
      1,
      0,
      0,
      1,
      1,
      2,
      0,
      0,
      0,
      3,
      4,
      1,
      4,
      0,
      1,
      1,
      0,
      1,
      0,
      0,
      1,
      2,
      1,
      0,
      2,
      2,
      1,
      2,
      0,
      1,
      0,
      2,
      0,
      3,
      1,
      1,
      0,
      1,
      0,
      4,
      1,
      0,
      2,
      1
    ],
    "patient_ids": [
      "A1K2P5",
      "A2H5K9",
      "A2L1N6",
      "A3H5R1",
      "A3P9V7",
      "A4A8V9",
      "A4K8R4",
      "A5D0G0",
      "A5H1Q2",
      "A5P5W0",
      "A5Q1W8",
      "A6A8H0",
      "A6B7Y4",
      "A6J0Y2",
      "A7E4J0",
      "A7F4G2",
      "B0L3Y2",
      "B1G9J3",
      "B2L0L2",
      "B3E2W8",
      "B3F0V9",
      "B3S2Z4",
      "B4E1K1",
      "B4S1Y2",
      "B5F8L9",
      "B5L5Y4",
      "B5T6V0",
      "B6I0T4",
      "B7F5P0",
      "B9H8N8",
      "C0L7V1",
      "C0N8P4",
      "C6U4W8",
      "C7L8Z8",
      "D1L6T4",
      "D3K5Q2",
      "D3Q0W9",
      "D6E9U8",
      "D9F5P1",
      "D9I8O7",
      "E0J2Z9",
      "E0J7L9",
      "E1L7M3",
      "E3L8U8",
      "E4I9O7",
      "E5J6L2",
      "E5S7W7",
      "E6H0V9",
      "E6J4N8",
      "E7L0N6",
      "E9V9Z2",
      "F0I6U8",
      "F0K4T6",
      "F5I1Z8",
      "G1J5K3",
      "G1K1V3",
      "G3M5S4",
      "G4I7V2",
      "G7N8R7",
      "G7S6V0",
      "G8K0M3",
      "G9N5V9",
      "H1N8S6",
      "H2M9S1",
      "H7K5U5",
      "H8K2K7",
      "I0I2J8",
      "I2J6Z6",
      "I4R8V6",
      "I5L3S2",
      "I6P4R0",
      "I6T4W8",
      "I8N8Y1",
      "I8Z0Z6",
      "J4J8Q3",
      "J9L4S2",
      "K6N4N7",
      "K7L2Y6",
      "K7N0R7",
      "L2V5Z0",
      "L5U7Y4",
      "L6T2T5",
      "L7Y7Z2",
      "L8N7Z0",
      "M2P5T8",
      "M4T4V6",
      "M6M9N1",
      "M6V2Y0",
      "N7P3T8",
      "N7W6Z8",
      "N9P5Z0",
      "N9Q4T8",
      "O4T6Y7",
      "O9V8W5",
      "P3P9S5",
      "P3R6Y5",
      "P8W4Z0",
      "Q1Q3T1",
      "Q3Q6R8",
      "Q4W5Z8",
      "Q5V8W3",
      "R3V5W7",
      "R6V5W3",
      "T2Z1Z9",
      "Y6Y9Z2"
    ]
  },
  "roc_auc": {
    "macro_auc": 0.6393271827784899,
    "per_class_auc": {
      "NOR": 0.6734960767218832,
      "DCM": 0.6853061224489796,
      "HCM": 0.5869565217391304,
      "ARV": 0.6666666666666666,
      "HHD": 0.5842105263157895
    }
  },
  "binary": {
    "accuracy": 0.7047619047619048,
    "f1": 0.8268156424581006,
    "sensitivity": 1.0,
    "specificity": 0.0,
    "roc_auc": 0.673496076721883,
    "binary_labels": [
      1,
      1,
      1,
      1,
      1,
      1,
      1,
      1,
      1,
      1,
      0,
      1,
      1,
      1,
      1,
      1,
      1,
      1,
      0,
      0,
      1,
      0,
      1,
      0,
      0,
      1,
      1,
      1,
      1,
      1,
      1,
      0,
      1,
      1,
      1,
      1,
      1,
      0,
      1,
      1,
      0,
      1,
      1,
      1,
      1,
      0,
      0,
      0,
      1,
      0,
      1,
      1,
      1,
      1,
      0,
      0,
      1,
      1,
      1,
      1,
      1,
      1,
      0,
      0,
      1,
      1,
      1,
      0,
      0,
      0,
      1,
      1,
      1,
      1,
      0,
      1,
      1,
      0,
      1,
      0,
      0,
      1,
      1,
      1,
      0,
      1,
      1,
      1,
      1,
      0,
      1,
      0,
      1,
      0,
      1,
      1,
      1,
      0,
      1,
      0,
      1,
      1,
      0,
      1,
      1
    ],
    "binary_probs": [
      0.7499990083332926,
      0.7470657416933857,
      0.7986769167321355,
      0.7122615169206485,
      0.7241046863934323,
      0.714386663220739,
      0.819341973858686,
      0.8061269411823266,
      0.694425575144018,
      0.7547845954703345,
      0.713509709067356,
      0.7389584949179822,
      0.6261522255158587,
      0.7656551764641255,
      0.8243802558970617,
      0.7180635621130298,
      0.7611999486735823,
      0.7108613521890343,
      0.7875571777392419,
      0.7439894025023182,
      0.7645365598770579,
      0.6713680062628257,
      0.7264230841726376,
      0.7111893229243904,
      0.6490105630305196,
      0.6839287809733179,
      0.756780317078585,
      0.7404721554219278,
      0.7828710590835347,
      0.7535289843025135,
      0.7295370673052182,
      0.7846864768040408,
      0.6924434083757267,
      0.7361181133129038,
      0.7123322641378805,
      0.7309958379939792,
      0.6917467253421699,
      0.6269662583755409,
      0.8565628274481649,
      0.7802670617741845,
      0.7444234643937966,
      0.8433524424976566,
      0.7689213893930741,
      0.7133307249666295,
      0.7648773675933105,
      0.6681962571160611,
      0.7305989460638123,
      0.700614832819332,
      0.7881958806909911,
      0.7840482749071132,
      0.8230648990952565,
      0.7584091257523262,
      0.7725594408743172,
      0.7976500916375054,
      0.7208872055036332,
      0.729510783465734,
      0.7579667178676608,
      0.7880787282585155,
      0.7322429344657917,
      0.7362888101035489,
      0.7566637642574059,
      0.7191123352121293,
      0.7082061390721284,
      0.7170295422076389,
      0.7109004687339532,
      0.7334720126143432,
      0.722373174878782,
      0.7734977026516979,
      0.7657590311958246,
      0.7978653659865718,
      0.7281868819570766,
      0.6620156082265112,
      0.7129417120323842,
      0.7909456321259503,
      0.7170833285550827,
      0.8000040865940052,
      0.7455449046197704,
      0.6949018581012757,
      0.7855599333514851,
      0.7089399174966935,
      0.7398109390807206,
      0.7511265065286052,
      0.7234291016995986,
      0.788558431454792,
      0.6890215984311858,
      0.6447997629381308,
      0.7932655868816096,
      0.7257067211375564,
      0.8114202909442781,
      0.6325331615380188,
      0.6842521023766128,
      0.7705389126684563,
      0.7742211468684661,
      0.6632228501206783,
      0.738316312455984,
      0.6878327939660775,
      0.8020868457421377,
      0.7267569629678644,
      0.6942582777488981,
      0.6950968344592596,
      0.7846351202552659,
      0.7679088926734996,
      0.7042652959375479,
      0.7258381419642232,
      0.6919752913318273
    ]
  }
}