{
  "config": {
    "dataset": "mnm",
    "backbone": "dinov3",
    "model_name": "dinov3_vits16",
    "eval_mode": "logreg",
    "freeze_backbone": true,
    "pooling": "gap",
    "embed_dim": 384,
    "best_hyperparam": 0.0003162277571391314,
    "hyperparam_name": "C",
    "num_classes": 5,
    "class_names": [
      "NOR",
      "DCM",
      "HCM",
      "ARV",
      "HHD"
    ]
  },
  "sweep_results": [
    {
      "param_value": 9.999999974752427e-07,
      "mean_cv_acc": 0.25806451612903225,
      "std_cv_acc": 0.0
    },
    {
      "param_value": 1.7782793975129607e-06,
      "mean_cv_acc": 0.25806451612903225,
      "std_cv_acc": 0.0
    },
    {
      "param_value": 3.1622776077711023e-06,
      "mean_cv_acc": 0.25806451612903225,
      "std_cv_acc": 0.0
    },
    {
      "param_value": 5.6234130170196295e-06,
      "mean_cv_acc": 0.25806451612903225,
      "std_cv_acc": 0.0
    },
    {
      "param_value": 9.999999747378752e-06,
      "mean_cv_acc": 0.2903225806451613,
      "std_cv_acc": 0.0
    },
    {
      "param_value": 1.778279329300858e-05,
      "mean_cv_acc": 0.3548387096774194,
      "std_cv_acc": 0.0
    },
    {
      "param_value": 3.162277789670043e-05,
      "mean_cv_acc": 0.45161290322580644,
      "std_cv_acc": 0.0
    },
    {
      "param_value": 5.62341338081751e-05,
      "mean_cv_acc": 0.45161290322580644,
      "std_cv_acc": 0.0
    },
    {
      "param_value": 9.999999747378752e-05,
      "mean_cv_acc": 0.4838709677419355,
      "std_cv_acc": 0.0
    },
    {
      "param_value": 0.00017782794020604342,
      "mean_cv_acc": 0.4838709677419355,
      "std_cv_acc": 0.0
    },
    {
      "param_value": 0.0003162277571391314,
      "mean_cv_acc": 0.5161290322580645,
      "std_cv_acc": 0.0
    },
    {
      "param_value": 0.000562341301701963,
      "mean_cv_acc": 0.5161290322580645,
      "std_cv_acc": 0.0
    },
    {
      "param_value": 0.0010000000474974513,
      "mean_cv_acc": 0.5161290322580645,
      "std_cv_acc": 0.0
    },
    {
      "param_value": 0.0017782794311642647,
      "mean_cv_acc": 0.5161290322580645,
      "std_cv_acc": 0.0
    },
    {
      "param_value": 0.003162277629598975,
      "mean_cv_acc": 0.5161290322580645,
      "std_cv_acc": 0.0
    },
    {
      "param_value": 0.005623413249850273,
      "mean_cv_acc": 0.5161290322580645,
      "std_cv_acc": 0.0
    },
    {
      "param_value": 0.009999999776482582,
      "mean_cv_acc": 0.4838709677419355,
      "std_cv_acc": 0.0
    },
    {
      "param_value": 0.017782794311642647,
      "mean_cv_acc": 0.4838709677419355,
      "std_cv_acc": 0.0
    },
    {
      "param_value": 0.03162277489900589,
      "mean_cv_acc": 0.4838709677419355,
      "std_cv_acc": 0.0
    },
    {
      "param_value": 0.05623413249850273,
      "mean_cv_acc": 0.4838709677419355,
      "std_cv_acc": 0.0
    },
    {
      "param_value": 0.10000000149011612,
      "mean_cv_acc": 0.4838709677419355,
      "std_cv_acc": 0.0
    },
    {
      "param_value": 0.17782793939113617,
      "mean_cv_acc": 0.4838709677419355,
      "std_cv_acc": 0.0
    },
    {
      "param_value": 0.3162277638912201,
      "mean_cv_acc": 0.4838709677419355,
      "std_cv_acc": 0.0
    },
    {
      "param_value": 0.5623413324356079,
      "mean_cv_acc": 0.4838709677419355,
      "std_cv_acc": 0.0
    },
    {
      "param_value": 1.0,
      "mean_cv_acc": 0.4838709677419355,
      "std_cv_acc": 0.0
    },
    {
      "param_value": 1.778279423713684,
      "mean_cv_acc": 0.4838709677419355,
      "std_cv_acc": 0.0
    },
    {
      "param_value": 3.1622776985168457,
      "mean_cv_acc": 0.4838709677419355,
      "std_cv_acc": 0.0
    },
    {
      "param_value": 5.6234130859375,
      "mean_cv_acc": 0.4838709677419355,
      "std_cv_acc": 0.0
    },
    {
      "param_value": 10.0,
      "mean_cv_acc": 0.4838709677419355,
      "std_cv_acc": 0.0
    },
    {
      "param_value": 17.782794952392578,
      "mean_cv_acc": 0.4838709677419355,
      "std_cv_acc": 0.0
    },
    {
      "param_value": 31.62277603149414,
      "mean_cv_acc": 0.4838709677419355,
      "std_cv_acc": 0.0
    },
    {
      "param_value": 56.234130859375,
      "mean_cv_acc": 0.4838709677419355,
      "std_cv_acc": 0.0
    },
    {
      "param_value": 100.0,
      "mean_cv_acc": 0.4838709677419355,
      "std_cv_acc": 0.0
    },
    {
      "param_value": 177.82794189453125,
      "mean_cv_acc": 0.4838709677419355,
      "std_cv_acc": 0.0
    },
    {
      "param_value": 316.2277526855469,
      "mean_cv_acc": 0.4838709677419355,
      "std_cv_acc": 0.0
    },
    {
      "param_value": 562.34130859375,
      "mean_cv_acc": 0.4838709677419355,
      "std_cv_acc": 0.0
    },
    {
      "param_value": 1000.0,
      "mean_cv_acc": 0.4838709677419355,
      "std_cv_acc": 0.0
    },
    {
      "param_value": 1778.2794189453125,
      "mean_cv_acc": 0.4838709677419355,
      "std_cv_acc": 0.0
    },
    {
      "param_value": 3162.277587890625,
      "mean_cv_acc": 0.4838709677419355,
      "std_cv_acc": 0.0
    },
    {
      "param_value": 5623.4130859375,
      "mean_cv_acc": 0.4838709677419355,
      "std_cv_acc": 0.0
    },
    {
      "param_value": 10000.0,
      "mean_cv_acc": 0.4838709677419355,
      "std_cv_acc": 0.0
    },
    {
      "param_value": 17782.794921875,
      "mean_cv_acc": 0.4838709677419355,
      "std_cv_acc": 0.0
    },
    {
      "param_value": 31622.77734375,
      "mean_cv_acc": 0.4838709677419355,
      "std_cv_acc": 0.0
    },
    {
      "param_value": 56234.1328125,
      "mean_cv_acc": 0.4838709677419355,
      "std_cv_acc": 0.0
    },
    {
      "param_value": 100000.0,
      "mean_cv_acc": 0.4838709677419355,
      "std_cv_acc": 0.0
    }
  ],
  "five_way": {
    "accuracy": 0.4,
    "macro_f1": 0.23011764705882354,
    "macro_sensitivity": 0.2958765778401122,
    "macro_specificity": 0.8342160278745645,
    "per_class_sensitivity": {
      "NOR": 0.0967741935483871,
      "DCM": 0.6,
      "HCM": 0.782608695652174,
      "ARV": 0.0,
      "HHD": 0.0
    },
    "per_class_specificity": {
      "NOR": 1.0,
      "DCM": 0.5857142857142857,
      "HCM": 0.5853658536585366,
      "ARV": 1.0,
      "HHD": 1.0
    },
    "confusion_matrix": [
      [
        3,
        16,
        12,
        0,
        0
      ],
      [
        0,
        21,
        14,
        0,
        0
      ],
      [
        0,
        5,
        18,
        0,
        0
      ],
      [
        0,
        3,
        3,
        0,
        0
      ],
      [
        0,
        5,
        5,
        0,
        0
      ]
    ],
    "classification_report": {
      "NOR": {
        "precision": 1.0,
        "recall": 0.0967741935483871,
        "f1-score": 0.17647058823529413,
        "support": 31.0
      },
      "DCM": {
        "precision": 0.42,
        "recall": 0.6,
        "f1-score": 0.49411764705882355,
        "support": 35.0
      },
      "HCM": {
        "precision": 0.34615384615384615,
        "recall": 0.782608695652174,
        "f1-score": 0.48,
        "support": 23.0
      },
      "ARV": {
        "precision": 0.0,
        "recall": 0.0,
        "f1-score": 0.0,
        "support": 6.0
      },
      "HHD": {
        "precision": 0.0,
        "recall": 0.0,
        "f1-score": 0.0,
        "support": 10.0
      },
      "accuracy": 0.4,
      "macro avg": {
        "precision": 0.35323076923076924,
        "recall": 0.2958765778401122,
        "f1-score": 0.23011764705882354,
        "support": 105.0
      },
      "weighted avg": {
        "precision": 0.5110622710622711,
        "recall": 0.4,
        "f1-score": 0.3219495798319328,
        "support": 105.0
      }
    },
    "probabilities": [
      [
        0.27075993851177804,
        0.3870013156858532,
        0.28983936509445074,
        0.045460342661148054,
        0.0069390380467699445
      ],
      [
        0.24801409117388223,
        0.2247615942563557,
        0.4844974541674323,
        0.035611999404818816,
        0.007114860997511011
      ],
      [
        0.23800916736890382,
        0.41330311549047016,
        0.2545741371343974,
        0.08706424038148633,
        0.00704933962474224
      ],
      [
        0.31000139837472573,
        0.39971947759759013,
        0.2452363566127798,
        0.03836326650881923,
        0.006679500906085208
      ],
      [
        0.24455378389148136,
        0.3224382194177407,
        0.37456143524378943,
        0.05151036333381621,
        0.006936198113172348
      ],
      [
        0.2763165028701308,
        0.28124485340419736,
        0.3938056261528312,
        0.04140472718700096,
        0.007228290385839679
      ],
      [
        0.17853338365426857,
        0.2739296997790769,
        0.4846394768946626,
        0.056067005334605166,
        0.006830434337386808
      ],
      [
        0.2911410648946068,
        0.19085989772236342,
        0.4758164443853212,
        0.035206295656940306,
        0.00697629734076846
      ],
      [
        0.3239745932268606,
        0.38267263248406413,
        0.24775134617238914,
        0.038419588630037055,
        0.007181839486648973
      ],
      [
        0.21420857703792615,
        0.24121815923285772,
        0.4824295791263812,
        0.055173991168563016,
        0.0069696934342719005
      ],
      [
        0.25117396375190054,
        0.36500961662170694,
        0.3312935111496388,
        0.0455594845753436,
        0.006963423901410182
      ],
      [
        0.254694748485947,
        0.21622597646606032,
        0.4659444298263115,
        0.05596977993523723,
        0.007165065286444018
      ],
      [
        0.2991426531528755,
        0.2338591993869452,
        0.4044829574520355,
        0.05546417970802662,
        0.007051010300117245
      ],
      [
        0.21547132027182703,
        0.16612202655893923,
        0.5717586364811388,
        0.04012792359807326,
        0.006520093090021689
      ],
      [
        0.22205868979722898,
        0.29243101811867517,
        0.4216263247310693,
        0.05683577716832756,
        0.007048190184699006
      ],
      [
        0.24298737232462292,
        0.322248968117018,
        0.366998183674387,
        0.060551567179285073,
        0.007213908704687108
      ],
      [
        0.20572997493432607,
        0.43626548346457245,
        0.3111267599557304,
        0.04032326744365212,
        0.006554514201719057
      ],
      [
        0.28832935381032837,
        0.24948657312203387,
        0.415784629117773,
        0.03920006951203474,
        0.007199374437830166
      ],
      [
        0.1785118116239262,
        0.28497807430825134,
        0.48874727148588315,
        0.04098352466416175,
        0.006779317917777615
      ],
      [
        0.2439941782985431,
        0.29433854216319766,
        0.3983047309649264,
        0.056309256895585705,
        0.0070532916777470474
      ],
      [
        0.21050844326510143,
        0.3885281445804558,
        0.3325625512225904,
        0.06167583253938757,
        0.0067250283924648775
      ],
      [
        0.3159010287554184,
        0.43743667238081585,
        0.2021981117057307,
        0.037706973835565955,
        0.006757213322469002
      ],
      [
        0.23663512105909967,
        0.5748764089938286,
        0.15334596766445904,
        0.02920600095720462,
        0.005936501325408037
      ],
      [
        0.2811006600912445,
        0.23664129421594088,
        0.4413388702714714,
        0.03383606428562135,
        0.007083111135721624
      ],
      [
        0.34963115962592844,
        0.3281438037356863,
        0.24311401993639156,
        0.0720827434846021,
        0.007028273217391609
      ],
      [
        0.32277695680676133,
        0.3766501276331881,
        0.2512084307012712,
        0.0421842844535596,
        0.007180200405219855
      ],
      [
        0.23845660677253389,
        0.44172931758630346,
        0.275598988353628,
        0.037450628252056674,
        0.006764459035477918
      ],
      [
        0.2707407717709765,
        0.24543019056840787,
        0.41594415761746545,
        0.06058609065746059,
        0.007298789385689578
      ],
      [
        0.2311538018958509,
        0.26030465200796676,
        0.45937433037754577,
        0.04230473411598437,
        0.006862481602652195
      ],
      [
        0.25826289492808696,
        0.4089157928376209,
        0.23953334083457295,
        0.08619931790105531,
        0.007088653498663857
      ],
      [
        0.2593994828546757,
        0.26828791287569564,
        0.41349955233083807,
        0.05157243040016921,
        0.007240621538621484
      ],
      [
        0.20503451666790204,
        0.5054158777615481,
        0.24938442889304022,
        0.03389725981550434,
        0.006267916862005416
      ],
      [
        0.24579229057017826,
        0.5110486963401555,
        0.17844875641619698,
        0.058387721657741004,
        0.00632253501572826
      ],
      [
        0.2572055534100047,
        0.26730327657838515,
        0.43035236740223826,
        0.037911085989718415,
        0.007227716619653401
      ],
      [
        0.24914711351430252,
        0.17720899312164465,
        0.5137504898343647,
        0.05303041114704191,
        0.006862992382646237
      ],
      [
        0.25410745930655304,
        0.3478774401910104,
        0.3191222476259277,
        0.07155333670242749,
        0.007339516174081326
      ],
      [
        0.34752482068977625,
        0.37037720289049986,
        0.23969149829573597,
        0.03555336528454545,
        0.00685311283944248
      ],
      [
        0.3174920898683673,
        0.44075659624062075,
        0.19760189530700698,
        0.03737815572859461,
        0.006771262855410451
      ],
      [
        0.13155507383956977,
        0.2542152916398791,
        0.537442894495743,
        0.07037717555780029,
        0.006409564467007933
      ],
      [
        0.2254165834604355,
        0.29965056204232315,
        0.4252040294795306,
        0.04263516264685083,
        0.007093662370859933
      ],
      [
        0.24049996022336737,
        0.29139771097983047,
        0.4117516659345313,
        0.049221850280185914,
        0.0071288125820851075
      ],
      [
        0.13647022623567812,
        0.23019571388222176,
        0.5510313372724415,
        0.07581819769393931,
        0.006484524915719282
      ],
      [
        0.2504133720145157,
        0.5192245626927278,
        0.1803698500381417,
        0.04366242227417814,
        0.006329792980436591
      ],
      [
        0.2663502559034118,
        0.2182165575650254,
        0.46236142813676084,
        0.045994455184084786,
        0.007077303210716987
      ],
      [
        0.24962806220405512,
        0.37534661264219793,
        0.3336783770637166,
        0.03441601048839717,
        0.006930937601633024
      ],
      [
        0.28172211722603285,
        0.22907100014522996,
        0.429625039497635,
        0.05243031271322338,
        0.007151530417879003
      ],
      [
        0.31723723268136633,
        0.20463183901211907,
        0.4298850612960739,
        0.0410138953666141,
        0.007231971643826732
      ],
      [
        0.2694435153785858,
        0.2591240750492531,
        0.4022425242001311,
        0.06208625227167101,
        0.007103633100358893
      ],
      [
        0.23454834671144634,
        0.1298656182641841,
        0.5893274070523907,
        0.03979637948713502,
        0.0064622484848437635
      ],
      [
        0.2279177971036339,
        0.37813759621610504,
        0.34130627274542563,
        0.04564217460938552,
        0.006996159325449827
      ],
      [
        0.18736524310202143,
        0.3463655946946819,
        0.4035597199745354,
        0.055937180611160243,
        0.006772261617600915
      ],
      [
        0.25808126511393775,
        0.45537817645456813,
        0.2339271929743562,
        0.04586524752915357,
        0.006748117927984432
      ],
      [
        0.2458851088042728,
        0.4617254851895353,
        0.20010367577728244,
        0.0854611473478493,
        0.006824582881060049
      ],
      [
        0.19761191155525643,
        0.44625744186520583,
        0.3120154713431481,
        0.03742233712936621,
        0.006692838107023558
      ],
      [
        0.25646753529967,
        0.40997171722999987,
        0.28560770551035225,
        0.04104946865619786,
        0.00690357330378008
      ],
      [
        0.30229550542722283,
        0.4027952361327512,
        0.24932098215787432,
        0.03874638478501122,
        0.006841891497140234
      ],
      [
        0.2608084581736464,
        0.2957783805796275,
        0.3967914324278725,
        0.03944674153243971,
        0.007174987286413795
      ],
      [
        0.21227219302266623,
        0.23859206236564767,
        0.4910410666334974,
        0.05122272633013092,
        0.006871951648057716
      ],
      [
        0.2758214358070093,
        0.19912922528878013,
        0.476717808069996,
        0.04124977342704609,
        0.0070817574071687485
      ],
      [
        0.27625940412266703,
        0.4504417431241417,
        0.18882249855689656,
        0.07794812792379141,
        0.0065282262725033045
      ],
      [
        0.24484072492950787,
        0.30907539160041886,
        0.38788664052940275,
        0.050934903846521114,
        0.00726233909414965
      ],
      [
        0.30783051010260276,
        0.37434130508710234,
        0.23331610448332568,
        0.07757061402044427,
        0.006941466306524945
      ],
      [
        0.3385198348789284,
        0.39546737982469926,
        0.1834740277764287,
        0.07588062508565814,
        0.006658132434285514
      ],
      [
        0.2519418928543682,
        0.5748695438936964,
        0.12930092430304507,
        0.0381840981307019,
        0.005703540818188453
      ],
      [
        0.26881549894621243,
        0.45935123850723375,
        0.23169121116373573,
        0.033524689627696384,
        0.0066173617551216575
      ],
      [
        0.2377747798102942,
        0.5564416490150881,
        0.16388662795394088,
        0.035855530805671026,
        0.00604141241500582
      ],
      [
        0.29356598581734306,
        0.3269586545050545,
        0.3151646656750706,
        0.05688897908879804,
        0.0074217149137338345
      ],
      [
        0.2806811859425094,
        0.4099678093653249,
        0.21939140937884802,
        0.08270784114202656,
        0.007251754171291069
      ],
      [
        0.2101986068296089,
        0.6130741839261128,
        0.13299105685530185,
        0.03798241979120195,
        0.005753732597774525
      ],
      [
        0.2040381461710621,
        0.4231225459045914,
        0.28922375720166466,
        0.07666827194630862,
        0.006947278776373116
      ],
      [
        0.22509643483010627,
        0.2893180226817479,
        0.4334916754043668,
        0.04513273307490125,
        0.006961134008877784
      ],
      [
        0.26734915516158414,
        0.16713434000290348,
        0.5094910657978085,
        0.04925928741190848,
        0.006766151625795417
      ],
      [
        0.259356880430532,
        0.43235973727323773,
        0.2563362135493744,
        0.04508809072097474,
        0.006859078025881388
      ],
      [
        0.22558886275425777,
        0.46975464271700623,
        0.260976642628561,
        0.03712788571294576,
        0.006551966187229151
      ],
      [
        0.3080722636119366,
        0.3535051030887987,
        0.25387304489020524,
        0.07732224624230476,
        0.007227342166754735
      ],
      [
        0.21940419845099207,
        0.3713510333038724,
        0.3655234691346887,
        0.03675803477521711,
        0.006963264335229552
      ],
      [
        0.21369904267981338,
        0.5634767236283296,
        0.16955325506544272,
        0.04734260585490835,
        0.005928372771506041
      ],
      [
        0.2949468389237856,
        0.1723901350308364,
        0.4739024809396218,
        0.05178899408533327,
        0.006971551020422879
      ],
      [
        0.24957286641391804,
        0.26667390454862194,
        0.4275140592774209,
        0.04912513379044261,
        0.007114035969596519
      ],
      [
        0.2629196295115647,
        0.46728587604630534,
        0.21881511659056863,
        0.04441251462034756,
        0.0065668632312136715
      ],
      [
        0.26921751152067686,
        0.250889511089566,
        0.4225681474408431,
        0.05016906044342733,
        0.007155769505486916
      ],
      [
        0.23944507312568902,
        0.24189931184421984,
        0.4488780843175871,
        0.06255076038821518,
        0.0072267703242889
      ],
      [
        0.2623561008584565,
        0.353032619003955,
        0.3433269483231609,
        0.03438114251593147,
        0.006903189298496185
      ],
      [
        0.2588855500675833,
        0.20405728610065205,
        0.4856358334350631,
        0.04420579131601328,
        0.00721553908068834
      ],
      [
        0.2690616499731338,
        0.28404269593120374,
        0.3837261157637149,
        0.05599551422000212,
        0.007174024111945496
      ],
      [
        0.2969530198494965,
        0.2711492146625374,
        0.3828211734897435,
        0.04210243149471523,
        0.006974160503507399
      ],
      [
        0.20023764304849892,
        0.44301225997162935,
        0.30399555852369176,
        0.046134592697649905,
        0.006619945758530008
      ],
      [
        0.2548233504124252,
        0.5494099297095147,
        0.1612190758167227,
        0.028517488474214564,
        0.006030155587122871
      ],
      [
        0.19256748350274636,
        0.24151904307340233,
        0.5103353357204026,
        0.04888771874131538,
        0.0066904189621333895
      ],
      [
        0.3922414075156607,
        0.295684819118592,
        0.26181896024275303,
        0.04319955863356006,
        0.007055254489434157
      ],
      [
        0.29893942765745196,
        0.35060775006026884,
        0.30013287118177867,
        0.043196914255602716,
        0.007123036844897629
      ],
      [
        0.2536035478605169,
        0.3098368289992692,
        0.3787307184282946,
        0.05076995716619182,
        0.007058947545727506
      ],
      [
        0.24243872335765182,
        0.16834664239941066,
        0.5437610261559872,
        0.03870885124707066,
        0.0067447568398798135
      ],
      [
        0.25420266963340254,
        0.5214827144769577,
        0.18808662381905158,
        0.029857919930285175,
        0.006370072140302957
      ],
      [
        0.2354571843102943,
        0.3948993504321713,
        0.2901347813087913,
        0.07237379764978853,
        0.0071348862989545365
      ],
      [
        0.2815075294575088,
        0.42607600147959157,
        0.2553387082980473,
        0.030380095317356397,
        0.0066976654474960725
      ],
      [
        0.1713078152586141,
        0.4341951705713416,
        0.3496612009708405,
        0.03785211727403393,
        0.006983695925169817
      ],
      [
        0.26444767269688013,
        0.4346202184438082,
        0.23698147247778545,
        0.05726926723942643,
        0.006681369142099653
      ],
      [
        0.3171325326265619,
        0.2995441006047981,
        0.3340084010665418,
        0.04191504671762748,
        0.007399918984470831
      ],
      [
        0.2670172340439312,
        0.3070700324958612,
        0.37001462107463734,
        0.04892297087847664,
        0.006975141507093587
      ],
      [
        0.22368832765568467,
        0.2171039329388103,
        0.49900824357560264,
        0.05326053165706215,
        0.006938964172840215
      ],
      [
        0.23606895879860304,
        0.19893965661427296,
        0.5052484292509644,
        0.05296444987641032,
        0.006778505459749322
      ],
      [
        0.3672559376877804,
        0.24587113486814166,
        0.33975961690181344,
        0.03993278608287939,
        0.00718052445938523
      ],
      [
        0.2809807994743949,
        0.1881615793056131,
        0.4692213954599188,
        0.05472773847531842,
        0.006908487284754597
      ],
      [
        0.3109691723010492,
        0.3014667545785183,
        0.3439945835602252,
        0.036398659221672874,
        0.007170830338534347
      ]
    ],
    "predictions": [
      1,
      2,
      1,
      1,
      2,
      2,
      2,
      2,
      1,
      2,
      1,
      2,
      2,
      2,
      2,
      2,
      1,
      2,
      2,
      2,
      1,
      1,
      1,
      2,
      0,
      1,
      1,
      2,
      2,
      1,
      2,
      1,
      1,
      2,
      2,
      1,
      1,
      1,
      2,
      2,
      2,
      2,
      1,
      2,
      1,
      2,
      2,
      2,
      2,
      1,
      2,
      1,
      1,
      1,
      1,
      1,
      2,
      2,
      2,
      1,
      2,
      1,
      1,
      1,
      1,
      1,
      1,
      1,
      1,
      1,
      2,
      2,
      1,
      1,
      1,
      1,
      1,
      2,
      2,
      1,
      2,
      2,
      1,
      2,
      2,
      2,
      1,
      1,
      2,
      0,
      1,
      2,
      2,
      1,
      1,
      1,
      1,
      1,
      2,
      2,
      2,
      2,
      0,
      2,
      2
    ],
    "true_labels": [
      1,
      4,
      1,
      4,
      4,
      1,
      2,
      2,
      4,
      2,
      0,
      2,
      2,
      2,
      1,
      1,
      2,
      2,
      0,
      0,
      1,
      0,
      1,
      0,
      0,
      1,
      1,
      2,
      1,
      3,
      2,
      0,
      1,
      2,
      2,
      4,
      1,
      0,
      3,
      1,
      0,
      3,
      2,
      1,
      1,
      0,
      0,
      0,
      2,
      0,
      2,
      3,
      1,
      4,
      0,
      0,
      1,
      2,
      4,
      1,
      1,
      1,
      0,
      0,
      1,
      1,
      2,
      0,
      0,
      0,
      3,
      4,
      1,
      4,
      0,
      1,
      1,
      0,
      1,
      0,
      0,
      1,
      2,
      1,
      0,
      2,
      2,
      1,
      2,
      0,
      1,
      0,
      2,
      0,
      3,
      1,
      1,
      0,
      1,
      0,
      4,
      1,
      0,
      2,
      1
    ],
    "patient_ids": [
      "A1K2P5",
      "A2H5K9",
      "A2L1N6",
      "A3H5R1",
      "A3P9V7",
      "A4A8V9",
      "A4K8R4",
      "A5D0G0",
      "A5H1Q2",
      "A5P5W0",
      "A5Q1W8",
      "A6A8H0",
      "A6B7Y4",
      "A6J0Y2",
      "A7E4J0",
      "A7F4G2",
      "B0L3Y2",
      "B1G9J3",
      "B2L0L2",
      "B3E2W8",
      "B3F0V9",
      "B3S2Z4",
      "B4E1K1",
      "B4S1Y2",
      "B5F8L9",
      "B5L5Y4",
      "B5T6V0",
      "B6I0T4",
      "B7F5P0",
      "B9H8N8",
      "C0L7V1",
      "C0N8P4",
      "C6U4W8",
      "C7L8Z8",
      "D1L6T4",
      "D3K5Q2",
      "D3Q0W9",
      "D6E9U8",
      "D9F5P1",
      "D9I8O7",
      "E0J2Z9",
      "E0J7L9",
      "E1L7M3",
      "E3L8U8",
      "E4I9O7",
      "E5J6L2",
      "E5S7W7",
      "E6H0V9",
      "E6J4N8",
      "E7L0N6",
      "E9V9Z2",
      "F0I6U8",
      "F0K4T6",
      "F5I1Z8",
      "G1J5K3",
      "G1K1V3",
      "G3M5S4",
      "G4I7V2",
      "G7N8R7",
      "G7S6V0",
      "G8K0M3",
      "G9N5V9",
      "H1N8S6",
      "H2M9S1",
      "H7K5U5",
      "H8K2K7",
      "I0I2J8",
      "I2J6Z6",
      "I4R8V6",
      "I5L3S2",
      "I6P4R0",
      "I6T4W8",
      "I8N8Y1",
      "I8Z0Z6",
      "J4J8Q3",
      "J9L4S2",
      "K6N4N7",
      "K7L2Y6",
      "K7N0R7",
      "L2V5Z0",
      "L5U7Y4",
      "L6T2T5",
      "L7Y7Z2",
      "L8N7Z0",
      "M2P5T8",
      "M4T4V6",
      "M6M9N1",
      "M6V2Y0",
      "N7P3T8",
      "N7W6Z8",
      "N9P5Z0",
      "N9Q4T8",
      "O4T6Y7",
      "O9V8W5",
      "P3P9S5",
      "P3R6Y5",
      "P8W4Z0",
      "Q1Q3T1",
      "Q3Q6R8",
      "Q4W5Z8",
      "Q5V8W3",
      "R3V5W7",
      "R6V5W3",
      "T2Z1Z9",
      "Y6Y9Z2"
    ]
  },
  "roc_auc": {
    "macro_auc": 0.6731129064012876,
    "per_class_auc": {
      "NOR": 0.6599825632083698,
      "DCM": 0.6379591836734694,
      "HCM": 0.7656415694591728,
      "ARV": 0.7946127946127945,
      "HHD": 0.5073684210526316
    }
  },
  "binary": {
    "accuracy": 0.7047619047619048,
    "f1": 0.8268156424581006,
    "sensitivity": 1.0,
    "specificity": 0.0,
    "roc_auc": 0.6599825632083697,
    "binary_labels": [
      1,
      1,
      1,
      1,
      1,
      1,
      1,
      1,
      1,
      1,
      0,
      1,
      1,
      1,
      1,
      1,
      1,
      1,
      0,
      0,
      1,
      0,
      1,
      0,
      0,
      1,
      1,
      1,
      1,
      1,
      1,
      0,
      1,
      1,
      1,
      1,
      1,
      0,
      1,
      1,
      0,
      1,
      1,
      1,
      1,
      0,
      0,
      0,
      1,
      0,
      1,
      1,
      1,
      1,
      0,
      0,
      1,
      1,
      1,
      1,
      1,
      1,
      0,
      0,
      1,
      1,
      1,
      0,
      0,
      0,
      1,
      1,
      1,
      1,
      0,
      1,
      1,
      0,
      1,
      0,
      0,
      1,
      1,
      1,
      0,
      1,
      1,
      1,
      1,
      0,
      1,
      0,
      1,
      0,
      1,
      1,
      1,
      0,
      1,
      0,
      1,
      1,
      0,
      1,
      1
    ],
    "binary_probs": [
      0.729240061488222,
      0.7519859088261178,
      0.7619908326310962,
      0.6899986016252743,
      0.7554462161085187,
      0.7236834971298691,
      0.8214666163457314,
      0.7088589351053932,
      0.6760254067731394,
      0.7857914229620738,
      0.7488260362480994,
      0.745305251514053,
      0.7008573468471244,
      0.784528679728173,
      0.777941310202771,
      0.757012627675377,
      0.7942700250656739,
      0.7116706461896716,
      0.8214881883760738,
      0.7560058217014569,
      0.7894915567348986,
      0.6840989712445815,
      0.7633648789409003,
      0.7188993399087555,
      0.6503688403740715,
      0.6772230431932387,
      0.7615433932274661,
      0.7292592282290236,
      0.7688461981041491,
      0.741737105071913,
      0.7406005171453243,
      0.7949654833320979,
      0.7542077094298217,
      0.7427944465899954,
      0.7508528864856975,
      0.7458925406934469,
      0.6524751793102237,
      0.6825079101316327,
      0.8684449261604302,
      0.7745834165395645,
      0.7595000397766326,
      0.8635297737643219,
      0.7495866279854844,
      0.7336497440965881,
      0.7503719377959449,
      0.7182778827739671,
      0.6827627673186336,
      0.7305564846214142,
      0.7654516532885537,
      0.7720822028963661,
      0.8126347568979786,
      0.7419187348860623,
      0.7541148911957272,
      0.8023880884447436,
      0.7435324647003301,
      0.6977044945727772,
      0.7391915418263536,
      0.7877278069773338,
      0.7241785641929908,
      0.723740595877333,
      0.7551592750704921,
      0.6921694898973972,
      0.6614801651210716,
      0.7480581071456318,
      0.7311845010537876,
      0.7622252201897057,
      0.7064340141826569,
      0.7193188140574907,
      0.7898013931703911,
      0.7959618538289379,
      0.7749035651698937,
      0.7326508448384159,
      0.740643119569468,
      0.7744111372457423,
      0.6919277363880634,
      0.780595801549008,
      0.7863009573201867,
      0.7050531610762144,
      0.7504271335860819,
      0.7370803704884352,
      0.7307824884793231,
      0.760554926874311,
      0.7376438991415435,
      0.7411144499324167,
      0.7309383500268662,
      0.7030469801505035,
      0.7997623569515011,
      0.7451766495875748,
      0.8074325164972537,
      0.6077585924843393,
      0.701060572342548,
      0.746396452139483,
      0.7575612766423482,
      0.7457973303665975,
      0.7645428156897057,
      0.7184924705424912,
      0.828692184741386,
      0.7355523273031199,
      0.6828674673734381,
      0.7329827659560688,
      0.7763116723443153,
      0.763931041201397,
      0.6327440623122196,
      0.7190192005256051,
      0.6890308276989507
    ]
  }
}