{
  "config": {
    "dataset": "mnm",
    "backbone": "dinov3",
    "model_name": "dinov3_vitl16",
    "eval_mode": "logreg",
    "pooling": "cls",
    "embed_dim": 1024,
    "best_hyperparam": 0.0010000000474974513,
    "hyperparam_name": "C",
    "num_classes": 5,
    "class_names": [
      "NOR",
      "DCM",
      "HCM",
      "ARV",
      "HHD"
    ]
  },
  "sweep_results": [
    {
      "param_value": 9.999999974752427e-07,
      "mean_cv_acc": 0.25806451612903225,
      "std_cv_acc": 0.0
    },
    {
      "param_value": 1.7782793975129607e-06,
      "mean_cv_acc": 0.25806451612903225,
      "std_cv_acc": 0.0
    },
    {
      "param_value": 3.1622776077711023e-06,
      "mean_cv_acc": 0.25806451612903225,
      "std_cv_acc": 0.0
    },
    {
      "param_value": 5.6234130170196295e-06,
      "mean_cv_acc": 0.2903225806451613,
      "std_cv_acc": 0.0
    },
    {
      "param_value": 9.999999747378752e-06,
      "mean_cv_acc": 0.3548387096774194,
      "std_cv_acc": 0.0
    },
    {
      "param_value": 1.778279329300858e-05,
      "mean_cv_acc": 0.3548387096774194,
      "std_cv_acc": 0.0
    },
    {
      "param_value": 3.162277789670043e-05,
      "mean_cv_acc": 0.41935483870967744,
      "std_cv_acc": 0.0
    },
    {
      "param_value": 5.62341338081751e-05,
      "mean_cv_acc": 0.45161290322580644,
      "std_cv_acc": 0.0
    },
    {
      "param_value": 9.999999747378752e-05,
      "mean_cv_acc": 0.45161290322580644,
      "std_cv_acc": 0.0
    },
    {
      "param_value": 0.00017782794020604342,
      "mean_cv_acc": 0.4838709677419355,
      "std_cv_acc": 0.0
    },
    {
      "param_value": 0.0003162277571391314,
      "mean_cv_acc": 0.45161290322580644,
      "std_cv_acc": 0.0
    },
    {
      "param_value": 0.000562341301701963,
      "mean_cv_acc": 0.4838709677419355,
      "std_cv_acc": 0.0
    },
    {
      "param_value": 0.0010000000474974513,
      "mean_cv_acc": 0.5161290322580645,
      "std_cv_acc": 0.0
    },
    {
      "param_value": 0.0017782794311642647,
      "mean_cv_acc": 0.4838709677419355,
      "std_cv_acc": 0.0
    },
    {
      "param_value": 0.003162277629598975,
      "mean_cv_acc": 0.4838709677419355,
      "std_cv_acc": 0.0
    },
    {
      "param_value": 0.005623413249850273,
      "mean_cv_acc": 0.45161290322580644,
      "std_cv_acc": 0.0
    },
    {
      "param_value": 0.009999999776482582,
      "mean_cv_acc": 0.41935483870967744,
      "std_cv_acc": 0.0
    },
    {
      "param_value": 0.017782794311642647,
      "mean_cv_acc": 0.41935483870967744,
      "std_cv_acc": 0.0
    },
    {
      "param_value": 0.03162277489900589,
      "mean_cv_acc": 0.41935483870967744,
      "std_cv_acc": 0.0
    },
    {
      "param_value": 0.05623413249850273,
      "mean_cv_acc": 0.41935483870967744,
      "std_cv_acc": 0.0
    },
    {
      "param_value": 0.10000000149011612,
      "mean_cv_acc": 0.41935483870967744,
      "std_cv_acc": 0.0
    },
    {
      "param_value": 0.17782793939113617,
      "mean_cv_acc": 0.41935483870967744,
      "std_cv_acc": 0.0
    },
    {
      "param_value": 0.3162277638912201,
      "mean_cv_acc": 0.41935483870967744,
      "std_cv_acc": 0.0
    },
    {
      "param_value": 0.5623413324356079,
      "mean_cv_acc": 0.41935483870967744,
      "std_cv_acc": 0.0
    },
    {
      "param_value": 1.0,
      "mean_cv_acc": 0.41935483870967744,
      "std_cv_acc": 0.0
    },
    {
      "param_value": 1.778279423713684,
      "mean_cv_acc": 0.41935483870967744,
      "std_cv_acc": 0.0
    },
    {
      "param_value": 3.1622776985168457,
      "mean_cv_acc": 0.41935483870967744,
      "std_cv_acc": 0.0
    },
    {
      "param_value": 5.6234130859375,
      "mean_cv_acc": 0.41935483870967744,
      "std_cv_acc": 0.0
    },
    {
      "param_value": 10.0,
      "mean_cv_acc": 0.45161290322580644,
      "std_cv_acc": 0.0
    },
    {
      "param_value": 17.782794952392578,
      "mean_cv_acc": 0.45161290322580644,
      "std_cv_acc": 0.0
    },
    {
      "param_value": 31.62277603149414,
      "mean_cv_acc": 0.45161290322580644,
      "std_cv_acc": 0.0
    },
    {
      "param_value": 56.234130859375,
      "mean_cv_acc": 0.45161290322580644,
      "std_cv_acc": 0.0
    },
    {
      "param_value": 100.0,
      "mean_cv_acc": 0.45161290322580644,
      "std_cv_acc": 0.0
    },
    {
      "param_value": 177.82794189453125,
      "mean_cv_acc": 0.45161290322580644,
      "std_cv_acc": 0.0
    },
    {
      "param_value": 316.2277526855469,
      "mean_cv_acc": 0.45161290322580644,
      "std_cv_acc": 0.0
    },
    {
      "param_value": 562.34130859375,
      "mean_cv_acc": 0.45161290322580644,
      "std_cv_acc": 0.0
    },
    {
      "param_value": 1000.0,
      "mean_cv_acc": 0.45161290322580644,
      "std_cv_acc": 0.0
    },
    {
      "param_value": 1778.2794189453125,
      "mean_cv_acc": 0.45161290322580644,
      "std_cv_acc": 0.0
    },
    {
      "param_value": 3162.277587890625,
      "mean_cv_acc": 0.45161290322580644,
      "std_cv_acc": 0.0
    },
    {
      "param_value": 5623.4130859375,
      "mean_cv_acc": 0.45161290322580644,
      "std_cv_acc": 0.0
    },
    {
      "param_value": 10000.0,
      "mean_cv_acc": 0.45161290322580644,
      "std_cv_acc": 0.0
    },
    {
      "param_value": 17782.794921875,
      "mean_cv_acc": 0.45161290322580644,
      "std_cv_acc": 0.0
    },
    {
      "param_value": 31622.77734375,
      "mean_cv_acc": 0.45161290322580644,
      "std_cv_acc": 0.0
    },
    {
      "param_value": 56234.1328125,
      "mean_cv_acc": 0.45161290322580644,
      "std_cv_acc": 0.0
    },
    {
      "param_value": 100000.0,
      "mean_cv_acc": 0.45161290322580644,
      "std_cv_acc": 0.0
    }
  ],
  "five_way": {
    "accuracy": 0.4666666666666667,
    "macro_f1": 0.2912599028878099,
    "macro_sensitivity": 0.323886996593869,
    "macro_specificity": 0.8503248893492795,
    "per_class_sensitivity": {
      "NOR": 0.3548387096774194,
      "DCM": 0.7428571428571429,
      "HCM": 0.5217391304347826,
      "ARV": 0.0,
      "HHD": 0.0
    },
    "per_class_specificity": {
      "NOR": 0.8648648648648649,
      "DCM": 0.6428571428571429,
      "HCM": 0.7439024390243902,
      "ARV": 1.0,
      "HHD": 1.0
    },
    "confusion_matrix": [
      [
        11,
        13,
        7,
        0,
        0
      ],
      [
        3,
        26,
        6,
        0,
        0
      ],
      [
        5,
        6,
        12,
        0,
        0
      ],
      [
        0,
        2,
        4,
        0,
        0
      ],
      [
        2,
        4,
        4,
        0,
        0
      ]
    ],
    "classification_report": {
      "NOR": {
        "precision": 0.5238095238095238,
        "recall": 0.3548387096774194,
        "f1-score": 0.4230769230769231,
        "support": 31.0
      },
      "DCM": {
        "precision": 0.5098039215686274,
        "recall": 0.7428571428571429,
        "f1-score": 0.6046511627906976,
        "support": 35.0
      },
      "HCM": {
        "precision": 0.36363636363636365,
        "recall": 0.5217391304347826,
        "f1-score": 0.42857142857142855,
        "support": 23.0
      },
      "ARV": {
        "precision": 0.0,
        "recall": 0.0,
        "f1-score": 0.0,
        "support": 6.0
      },
      "HHD": {
        "precision": 0.0,
        "recall": 0.0,
        "f1-score": 0.0,
        "support": 10.0
      },
      "accuracy": 0.4666666666666667,
      "macro avg": {
        "precision": 0.279449961802903,
        "recall": 0.323886996593869,
        "f1-score": 0.2912599028878099,
        "support": 105.0
      },
      "weighted avg": {
        "precision": 0.40423684625365297,
        "recall": 0.4666666666666667,
        "f1-score": 0.4203363635257322,
        "support": 105.0
      }
    },
    "probabilities": [
      [
        0.30513375965306017,
        0.5251109895273767,
        0.14338928077579835,
        0.018840254310712238,
        0.0075257157330527145
      ],
      [
        0.16071795240794767,
        0.03963484610472885,
        0.7817088307917144,
        0.010882214121663228,
        0.007056156573945892
      ],
      [
        0.2030946653149217,
        0.581095479440595,
        0.10265802533389823,
        0.1072283604780543,
        0.005923469432530791
      ],
      [
        0.2643759009810542,
        0.3997208348501913,
        0.31662773215718953,
        0.011569400508053794,
        0.007706131503511143
      ],
      [
        0.2181481526110816,
        0.4852221554783032,
        0.2490784587605098,
        0.04022803354780177,
        0.007323199602303618
      ],
      [
        0.31968717258351614,
        0.36099509566124965,
        0.29018270687466513,
        0.018946818605395124,
        0.010188206275173913
      ],
      [
        0.1375395253481673,
        0.28488519237448845,
        0.47941414548498523,
        0.0889434020450152,
        0.00921773474734398
      ],
      [
        0.13709292599200384,
        0.04631232046557971,
        0.8061036326508589,
        0.005276774015367691,
        0.005214346876189606
      ],
      [
        0.4894433252573825,
        0.2726896816185714,
        0.21430998899756434,
        0.013783363569084654,
        0.009773640557397038
      ],
      [
        0.23374424409242836,
        0.3456434518447306,
        0.36978986690768034,
        0.04142249082111221,
        0.0093999463340484
      ],
      [
        0.43197212506503563,
        0.35531894900109623,
        0.18093431694224507,
        0.024019632368466208,
        0.007754976623157058
      ],
      [
        0.36918216859484176,
        0.2164501664104377,
        0.3401117953688173,
        0.06343865726223599,
        0.010817212363667084
      ],
      [
        0.5841678052934626,
        0.2071125805803943,
        0.16093987344024047,
        0.03969806158245394,
        0.008081679103448631
      ],
      [
        0.15585935660393813,
        0.06836477277256331,
        0.7528301614160562,
        0.016120758781053075,
        0.006824950426389247
      ],
      [
        0.06432812513183297,
        0.8536880421058098,
        0.05082617263512628,
        0.027221383777619686,
        0.003936276349611421
      ],
      [
        0.47429902191382545,
        0.24090972113505546,
        0.2358990973866534,
        0.039442983144181966,
        0.009449176420283614
      ],
      [
        0.1641221686881268,
        0.6634497930407233,
        0.14187351226333464,
        0.023784294288604277,
        0.006770231719211144
      ],
      [
        0.3043815189808869,
        0.06669627153310054,
        0.607707829350936,
        0.013923784672694083,
        0.007290595462382421
      ],
      [
        0.12371169586074972,
        0.14892462499753623,
        0.7016417870294412,
        0.016811030430662108,
        0.008910861681610711
      ],
      [
        0.23001279710755962,
        0.38428596603657594,
        0.3321816942948322,
        0.046093246994010954,
        0.00742629556702146
      ],
      [
        0.3202059695085103,
        0.35619215469008103,
        0.23622780966172527,
        0.082874335887925,
        0.00449973025175844
      ],
      [
        0.5196782607707643,
        0.29594302658731747,
        0.15240558719445976,
        0.022180342160236798,
        0.009792783287221739
      ],
      [
        0.1686101274072481,
        0.7697755185888637,
        0.04930856131491,
        0.006688064448053221,
        0.005617728240924982
      ],
      [
        0.28123870470323176,
        0.08121643104709554,
        0.6199304340508561,
        0.008693242180127007,
        0.00892118801868954
      ],
      [
        0.5266469382343487,
        0.15617503426148904,
        0.1935926842423709,
        0.1169994449171589,
        0.006585898344632581
      ],
      [
        0.17623457207941973,
        0.7952909002512805,
        0.01858846589888249,
        0.006360183441033084,
        0.0035258783293842704
      ],
      [
        0.12564912786143903,
        0.6909519701765935,
        0.15784100436892703,
        0.017234482486244738,
        0.008323415106795665
      ],
      [
        0.2443579187110611,
        0.41833953872265445,
        0.2741072683239582,
        0.053693703845223935,
        0.009501570397102331
      ],
      [
        0.1469577121399726,
        0.7228319408356383,
        0.08905138665504053,
        0.03383176150576285,
        0.007327198863585928
      ],
      [
        0.17783028429858078,
        0.5500156856802476,
        0.1446776771967075,
        0.12089448313690258,
        0.006581869687561473
      ],
      [
        0.3605625927552737,
        0.1888868783971777,
        0.40706302874453076,
        0.03598961325333037,
        0.007497886849687619
      ],
      [
        0.1042288987402068,
        0.7689508993235715,
        0.11209931287916464,
        0.009295445360788327,
        0.0054254436962687305
      ],
      [
        0.4473243875485405,
        0.45515471556127834,
        0.05915521027459373,
        0.0332458812737031,
        0.005119805341884376
      ],
      [
        0.31993000761491386,
        0.13526981819937234,
        0.5161614694421319,
        0.01641039939945589,
        0.012228305344126049
      ],
      [
        0.3492188335965879,
        0.12964446501544,
        0.46101349652587253,
        0.050915297550008384,
        0.00920790731209118
      ],
      [
        0.20031335764615119,
        0.3335961135408978,
        0.40183568454493956,
        0.056294035195962086,
        0.007960809072049334
      ],
      [
        0.3252973616132247,
        0.4810111566661036,
        0.17869115306574318,
        0.0066781322257678626,
        0.008322196429160418
      ],
      [
        0.587053316296365,
        0.33007097990754036,
        0.06390658311120472,
        0.011069867756072145,
        0.007899252928817697
      ],
      [
        0.05429840991781069,
        0.08436076984853656,
        0.7710037370028566,
        0.08651143843356202,
        0.0038256447972340956
      ],
      [
        0.3270908023186671,
        0.2619891289844253,
        0.3860614068288068,
        0.015153894927225539,
        0.00970476694087523
      ],
      [
        0.25694378850273386,
        0.24445784695060221,
        0.4569015945720432,
        0.031916992005592004,
        0.009779777969028545
      ],
      [
        0.05977266034757022,
        0.14543772797600293,
        0.6641142399975332,
        0.12487937798592841,
        0.00579599369296534
      ],
      [
        0.2583371402817627,
        0.6381316646355975,
        0.07078882283174372,
        0.026707143952284077,
        0.006035228298612072
      ],
      [
        0.17651276167474506,
        0.5869976557752731,
        0.20610245968870294,
        0.020466121278462115,
        0.009921001582816936
      ],
      [
        0.13062704664397357,
        0.5781729200521872,
        0.2728207606651245,
        0.010602323402146948,
        0.007776949236567716
      ],
      [
        0.3846503127149352,
        0.2683379530923747,
        0.29672100390793404,
        0.041290688611188314,
        0.009000041673567773
      ],
      [
        0.24223205432835684,
        0.048058718043240634,
        0.6912949899089663,
        0.011279421026943747,
        0.007134816692492458
      ],
      [
        0.3303660142902392,
        0.3346058190586861,
        0.2843869218515447,
        0.043271616108054606,
        0.00736962869147524
      ],
      [
        0.16394022557869636,
        0.08446096809598203,
        0.7250098297097142,
        0.016932943309397337,
        0.009656033306210107
      ],
      [
        0.11731297804180454,
        0.44482411018225143,
        0.4118482574390695,
        0.018500417051488274,
        0.007514237285386135
      ],
      [
        0.0849614776969856,
        0.6721985097836962,
        0.20320585424521023,
        0.03338835651906477,
        0.0062458017550431335
      ],
      [
        0.09819044319735913,
        0.63573261155564,
        0.24597676917381942,
        0.014130632383712292,
        0.005969543689469099
      ],
      [
        0.24899570639747304,
        0.5494037156170315,
        0.11799733201004493,
        0.07726764982282269,
        0.006335596152627999
      ],
      [
        0.1135377670751662,
        0.6359230486853874,
        0.22813953387550215,
        0.015737142613896554,
        0.006662507750047745
      ],
      [
        0.3620134711826254,
        0.33990132220630725,
        0.2658083343126618,
        0.023863860655216156,
        0.008413011643189427
      ],
      [
        0.263643768755947,
        0.32343502846051525,
        0.39328899426477315,
        0.010929515145909471,
        0.00870269337285501
      ],
      [
        0.2551644341228583,
        0.5578668608189495,
        0.1586178922087317,
        0.020204199671824834,
        0.008146613177635615
      ],
      [
        0.1774328909380884,
        0.4627203007550805,
        0.29230563167943274,
        0.05814334159228451,
        0.009397835035113978
      ],
      [
        0.27776112882131826,
        0.03589312209624788,
        0.6633187806891382,
        0.01567747982491916,
        0.007349488568376607
      ],
      [
        0.3361140212445401,
        0.2781041036992597,
        0.12745675711508614,
        0.25229685793490225,
        0.006028260006211692
      ],
      [
        0.2567678282212213,
        0.34811626213461405,
        0.34521436142263917,
        0.037327614424387735,
        0.012573933797137725
      ],
      [
        0.2779643821276876,
        0.3085491021270289,
        0.18828803376498196,
        0.21758866557919848,
        0.0076098164011031075
      ],
      [
        0.2120136325055233,
        0.630391898480919,
        0.06915659044452127,
        0.08410092709793245,
        0.0043369514711038525
      ],
      [
        0.1648649652254422,
        0.7597247244264709,
        0.05371744569980638,
        0.016276028037999643,
        0.005416836610280805
      ],
      [
        0.15294976860140752,
        0.7670654702577833,
        0.061360583745258344,
        0.011241076265940324,
        0.007383101129610548
      ],
      [
        0.0800934913284675,
        0.8846840446557542,
        0.0240741518578096,
        0.0076067075728665215,
        0.0035416045851019273
      ],
      [
        0.4212033346454265,
        0.1361801379755485,
        0.38194181772270475,
        0.050332216864153685,
        0.010342492792166558
      ],
      [
        0.23383915604105876,
        0.5863306112586751,
        0.06052067029780541,
        0.1132861552962955,
        0.006023407106165218
      ],
      [
        0.12439167834816721,
        0.8221165412588732,
        0.03515155665682425,
        0.01398020652638977,
        0.004360017209745476
      ],
      [
        0.16272813564323044,
        0.5974942269227544,
        0.1167555796081554,
        0.116030238470345,
        0.006991819355514651
      ],
      [
        0.22353758387134817,
        0.1771868161076551,
        0.5752031774836883,
        0.016885910132793176,
        0.007186512404515202
      ],
      [
        0.7043329548724699,
        0.06591036564255615,
        0.16864940459523345,
        0.05414214810121539,
        0.00696512678852519
      ],
      [
        0.2995116239876929,
        0.46052995345633513,
        0.2156098725473605,
        0.01584600249585981,
        0.008502547512751644
      ],
      [
        0.11798948268724935,
        0.5674801199562837,
        0.2999051492621276,
        0.007694044298019423,
        0.006931203796320055
      ],
      [
        0.29847655177121046,
        0.4110060435507446,
        0.16885246240767957,
        0.11535503658156335,
        0.006309905688802038
      ],
      [
        0.06628692697214106,
        0.8403909475442088,
        0.08012306267192665,
        0.0076074695314559465,
        0.005591593280267544
      ],
      [
        0.43165359678230225,
        0.40485062487667206,
        0.08341040408791232,
        0.0732436989782618,
        0.006841675274851515
      ],
      [
        0.4064521581424129,
        0.023880727149274538,
        0.5499608637613416,
        0.014572135266365704,
        0.005134115680605316
      ],
      [
        0.25156999535807756,
        0.35044330726527967,
        0.3644287689119293,
        0.024626011857868186,
        0.008931916606845215
      ],
      [
        0.2100737543167555,
        0.611509463282435,
        0.1490482055357405,
        0.022597765537639182,
        0.006770811327429746
      ],
      [
        0.28092967919603684,
        0.14026220097621317,
        0.5355894595708831,
        0.03457333225964674,
        0.008645327997219997
      ],
      [
        0.31837208541469114,
        0.22670578749253573,
        0.3820533839753679,
        0.06418230005304261,
        0.008686443064362606
      ],
      [
        0.4839762106601321,
        0.24034709828222034,
        0.2482235034274047,
        0.015729227180213537,
        0.01172396045002921
      ],
      [
        0.12168705458552705,
        0.394737661590788,
        0.45261457854733067,
        0.019732191936966036,
        0.011228513339388171
      ],
      [
        0.41628246230458493,
        0.31075686449205514,
        0.21880112275787372,
        0.04609390222433881,
        0.008065648221147458
      ],
      [
        0.5046490151031454,
        0.07881903172279213,
        0.39310332571829454,
        0.01574401436857797,
        0.0076846130871899565
      ],
      [
        0.09687133340872109,
        0.7143309116005515,
        0.15894717082817106,
        0.02259857384910999,
        0.007252010313446162
      ],
      [
        0.16822769755177816,
        0.7881715145996008,
        0.031919065574521135,
        0.006432176441432266,
        0.005249545832667576
      ],
      [
        0.15701836188624332,
        0.3252108499448989,
        0.47028697732036706,
        0.03982927569125089,
        0.007654535157239834
      ],
      [
        0.6847663653471835,
        0.17474209357937295,
        0.11238317496241969,
        0.021182223297930673,
        0.006926142813093062
      ],
      [
        0.2884368246311662,
        0.26279430372896245,
        0.41570405696460505,
        0.02383099396506208,
        0.009233820710204243
      ],
      [
        0.2261896439605961,
        0.4180890691668893,
        0.3164974371635231,
        0.03128366310102706,
        0.007940186607964373
      ],
      [
        0.23889602001504112,
        0.09057953095740333,
        0.6414612401866906,
        0.019510653320867825,
        0.009552555519997164
      ],
      [
        0.5417876141833936,
        0.36244116831302725,
        0.07749878658608572,
        0.008793533838253128,
        0.009478897079240337
      ],
      [
        0.2741867450830481,
        0.25752683197324505,
        0.3223728654135657,
        0.13668616806759648,
        0.009227389462544625
      ],
      [
        0.20310750511680786,
        0.6622157019047117,
        0.11841973097301746,
        0.0082447725155007,
        0.008012289489962205
      ],
      [
        0.06623680581880514,
        0.7790248734316494,
        0.1345211785855481,
        0.012477128314475951,
        0.007740013849521608
      ],
      [
        0.2827855618166218,
        0.48646183476249727,
        0.15448788833443716,
        0.0687983968990616,
        0.0074663181873821545
      ],
      [
        0.23558012901170217,
        0.6246183018945604,
        0.09984859599994717,
        0.029035984899080314,
        0.010916988194709942
      ],
      [
        0.39291450031562275,
        0.20506669793873245,
        0.359666848066797,
        0.03429161628912179,
        0.008060337389725924
      ],
      [
        0.11700829569496861,
        0.2608171180822565,
        0.574276286335202,
        0.03866404099562699,
        0.009234258891945787
      ],
      [
        0.25884910207373996,
        0.27990543536217577,
        0.42278365527414574,
        0.029453410282016868,
        0.009008397007921718
      ],
      [
        0.4458861587489043,
        0.11491406396078985,
        0.41530542156961786,
        0.015168340595102303,
        0.008726015125585565
      ],
      [
        0.28393767516644297,
        0.2594756059904854,
        0.39639571526502976,
        0.05047306118388763,
        0.009717942394154036
      ],
      [
        0.3357675514261654,
        0.3468570934300481,
        0.29614084508107874,
        0.010691469736289734,
        0.010543040326418
      ]
    ],
    "predictions": [
      1,
      2,
      1,
      1,
      1,
      1,
      2,
      2,
      0,
      2,
      0,
      0,
      0,
      2,
      1,
      0,
      1,
      2,
      2,
      1,
      1,
      0,
      1,
      2,
      0,
      1,
      1,
      1,
      1,
      1,
      2,
      1,
      1,
      2,
      2,
      2,
      1,
      0,
      2,
      2,
      2,
      2,
      1,
      1,
      1,
      0,
      2,
      1,
      2,
      1,
      1,
      1,
      1,
      1,
      0,
      2,
      1,
      1,
      2,
      0,
      1,
      1,
      1,
      1,
      1,
      1,
      0,
      1,
      1,
      1,
      2,
      0,
      1,
      1,
      1,
      1,
      0,
      2,
      2,
      1,
      2,
      2,
      0,
      2,
      0,
      0,
      1,
      1,
      2,
      0,
      2,
      1,
      2,
      0,
      2,
      1,
      1,
      1,
      1,
      0,
      2,
      2,
      0,
      2,
      1
    ],
    "true_labels": [
      1,
      4,
      1,
      4,
      4,
      1,
      2,
      2,
      4,
      2,
      0,
      2,
      2,
      2,
      1,
      1,
      2,
      2,
      0,
      0,
      1,
      0,
      1,
      0,
      0,
      1,
      1,
      2,
      1,
      3,
      2,
      0,
      1,
      2,
      2,
      4,
      1,
      0,
      3,
      1,
      0,
      3,
      2,
      1,
      1,
      0,
      0,
      0,
      2,
      0,
      2,
      3,
      1,
      4,
      0,
      0,
      1,
      2,
      4,
      1,
      1,
      1,
      0,
      0,
      1,
      1,
      2,
      0,
      0,
      0,
      3,
      4,
      1,
      4,
      0,
      1,
      1,
      0,
      1,
      0,
      0,
      1,
      2,
      1,
      0,
      2,
      2,
      1,
      2,
      0,
      1,
      0,
      2,
      0,
      3,
      1,
      1,
      0,
      1,
      0,
      4,
      1,
      0,
      2,
      1
    ],
    "patient_ids": [
      "A1K2P5",
      "A2H5K9",
      "A2L1N6",
      "A3H5R1",
      "A3P9V7",
      "A4A8V9",
      "A4K8R4",
      "A5D0G0",
      "A5H1Q2",
      "A5P5W0",
      "A5Q1W8",
      "A6A8H0",
      "A6B7Y4",
      "A6J0Y2",
      "A7E4J0",
      "A7F4G2",
      "B0L3Y2",
      "B1G9J3",
      "B2L0L2",
      "B3E2W8",
      "B3F0V9",
      "B3S2Z4",
      "B4E1K1",
      "B4S1Y2",
      "B5F8L9",
      "B5L5Y4",
      "B5T6V0",
      "B6I0T4",
      "B7F5P0",
      "B9H8N8",
      "C0L7V1",
      "C0N8P4",
      "C6U4W8",
      "C7L8Z8",
      "D1L6T4",
      "D3K5Q2",
      "D3Q0W9",
      "D6E9U8",
      "D9F5P1",
      "D9I8O7",
      "E0J2Z9",
      "E0J7L9",
      "E1L7M3",
      "E3L8U8",
      "E4I9O7",
      "E5J6L2",
      "E5S7W7",
      "E6H0V9",
      "E6J4N8",
      "E7L0N6",
      "E9V9Z2",
      "F0I6U8",
      "F0K4T6",
      "F5I1Z8",
      "G1J5K3",
      "G1K1V3",
      "G3M5S4",
      "G4I7V2",
      "G7N8R7",
      "G7S6V0",
      "G8K0M3",
      "G9N5V9",
      "H1N8S6",
      "H2M9S1",
      "H7K5U5",
      "H8K2K7",
      "I0I2J8",
      "I2J6Z6",
      "I4R8V6",
      "I5L3S2",
      "I6P4R0",
      "I6T4W8",
      "I8N8Y1",
      "I8Z0Z6",
      "J4J8Q3",
      "J9L4S2",
      "K6N4N7",
      "K7L2Y6",
      "K7N0R7",
      "L2V5Z0",
      "L5U7Y4",
      "L6T2T5",
      "L7Y7Z2",
      "L8N7Z0",
      "M2P5T8",
      "M4T4V6",
      "M6M9N1",
      "M6V2Y0",
      "N7P3T8",
      "N7W6Z8",
      "N9P5Z0",
      "N9Q4T8",
      "O4T6Y7",
      "O9V8W5",
      "P3P9S5",
      "P3R6Y5",
      "P8W4Z0",
      "Q1Q3T1",
      "Q3Q6R8",
      "Q4W5Z8",
      "Q5V8W3",
      "R3V5W7",
      "R6V5W3",
      "T2Z1Z9",
      "Y6Y9Z2"
    ]
  },
  "roc_auc": {
    "macro_auc": 0.6634912073628849,
    "per_class_auc": {
      "NOR": 0.6399302528334786,
      "DCM": 0.753469387755102,
      "HCM": 0.7073170731707318,
      "ARV": 0.744107744107744,
      "HHD": 0.4726315789473684
    }
  },
  "binary": {
    "accuracy": 0.7238095238095238,
    "f1": 0.8304093567251462,
    "sensitivity": 0.9594594594594594,
    "specificity": 0.16129032258064516,
    "roc_auc": 0.6399302528334787,
    "binary_labels": [
      1,
      1,
      1,
      1,
      1,
      1,
      1,
      1,
      1,
      1,
      0,
      1,
      1,
      1,
      1,
      1,
      1,
      1,
      0,
      0,
      1,
      0,
      1,
      0,
      0,
      1,
      1,
      1,
      1,
      1,
      1,
      0,
      1,
      1,
      1,
      1,
      1,
      0,
      1,
      1,
      0,
      1,
      1,
      1,
      1,
      0,
      0,
      0,
      1,
      0,
      1,
      1,
      1,
      1,
      0,
      0,
      1,
      1,
      1,
      1,
      1,
      1,
      0,
      0,
      1,
      1,
      1,
      0,
      0,
      0,
      1,
      1,
      1,
      1,
      0,
      1,
      1,
      0,
      1,
      0,
      0,
      1,
      1,
      1,
      0,
      1,
      1,
      1,
      1,
      0,
      1,
      0,
      1,
      0,
      1,
      1,
      1,
      0,
      1,
      0,
      1,
      1,
      0,
      1,
      1
    ],
    "binary_probs": [
      0.6948662403469399,
      0.8392820475920524,
      0.7969053346850783,
      0.7356240990189458,
      0.7818518473889184,
      0.6803128274164838,
      0.8624604746518327,
      0.8629070740079962,
      0.5105566747426176,
      0.7662557559075717,
      0.5680278749349643,
      0.6308178314051582,
      0.41583219470653743,
      0.8441406433960619,
      0.935671874868167,
      0.5257009780861746,
      0.8358778313118732,
      0.695618481019113,
      0.8762883041392503,
      0.7699872028924404,
      0.6797940304914897,
      0.4803217392292357,
      0.8313898725927519,
      0.7187612952967682,
      0.4733530617656513,
      0.8237654279205803,
      0.874350872138561,
      0.7556420812889388,
      0.8530422878600274,
      0.8221697157014192,
      0.6394374072447263,
      0.8957711012597932,
      0.5526756124514596,
      0.6800699923850861,
      0.6507811664034121,
      0.7996866423538488,
      0.6747026383867754,
      0.41294668370363496,
      0.9457015900821893,
      0.6729091976813328,
      0.7430562114972661,
      0.9402273396524298,
      0.7416628597182373,
      0.8234872383252549,
      0.8693729533560264,
      0.6153496872850648,
      0.7577679456716432,
      0.6696339857097608,
      0.8360597744213036,
      0.8826870219581955,
      0.9150385223030144,
      0.9018095568026409,
      0.751004293602527,
      0.8864622329248338,
      0.6379865288173746,
      0.736356231244053,
      0.7448355658771417,
      0.8225671090619115,
      0.7222388711786818,
      0.6638859787554598,
      0.7432321717787786,
      0.7220356178723124,
      0.7879863674944767,
      0.8351350347745579,
      0.8470502313985925,
      0.9199065086715325,
      0.5787966653545735,
      0.7661608439589412,
      0.8756083216518328,
      0.8372718643567696,
      0.7764624161286519,
      0.29566704512753006,
      0.7004883760123071,
      0.8820105173127506,
      0.7015234482287895,
      0.9337130730278589,
      0.5683464032176977,
      0.593547841857587,
      0.7484300046419224,
      0.7899262456832445,
      0.7190703208039632,
      0.6816279145853088,
      0.5160237893398679,
      0.8783129454144729,
      0.5837175376954151,
      0.4953509848968546,
      0.9031286665912789,
      0.8317723024482219,
      0.8429816381137567,
      0.3152336346528165,
      0.7115631753688338,
      0.7738103560394038,
      0.7611039799849588,
      0.4582123858166064,
      0.7258132549169519,
      0.7968924948831921,
      0.9337631941811948,
      0.7172144381833783,
      0.7644198709882979,
      0.6070854996843773,
      0.8829917043050314,
      0.74115089792626,
      0.5541138412510958,
      0.716062324833557,
      0.6642324485738347
    ]
  }
}