{
  "config": {
    "dataset": "mnm",
    "backbone": "dinov3",
    "model_name": "dinov3_vitl16",
    "eval_mode": "logreg",
    "freeze_backbone": true,
    "pooling": "cls",
    "embed_dim": 1024,
    "best_hyperparam": 0.0010000000474974513,
    "hyperparam_name": "C",
    "num_classes": 5,
    "class_names": [
      "NOR",
      "DCM",
      "HCM",
      "ARV",
      "HHD"
    ]
  },
  "sweep_results": [
    {
      "param_value": 9.999999974752427e-07,
      "mean_cv_acc": 0.25806451612903225,
      "std_cv_acc": 0.0
    },
    {
      "param_value": 1.7782793975129607e-06,
      "mean_cv_acc": 0.25806451612903225,
      "std_cv_acc": 0.0
    },
    {
      "param_value": 3.1622776077711023e-06,
      "mean_cv_acc": 0.25806451612903225,
      "std_cv_acc": 0.0
    },
    {
      "param_value": 5.6234130170196295e-06,
      "mean_cv_acc": 0.2903225806451613,
      "std_cv_acc": 0.0
    },
    {
      "param_value": 9.999999747378752e-06,
      "mean_cv_acc": 0.3548387096774194,
      "std_cv_acc": 0.0
    },
    {
      "param_value": 1.778279329300858e-05,
      "mean_cv_acc": 0.3548387096774194,
      "std_cv_acc": 0.0
    },
    {
      "param_value": 3.162277789670043e-05,
      "mean_cv_acc": 0.41935483870967744,
      "std_cv_acc": 0.0
    },
    {
      "param_value": 5.62341338081751e-05,
      "mean_cv_acc": 0.45161290322580644,
      "std_cv_acc": 0.0
    },
    {
      "param_value": 9.999999747378752e-05,
      "mean_cv_acc": 0.45161290322580644,
      "std_cv_acc": 0.0
    },
    {
      "param_value": 0.00017782794020604342,
      "mean_cv_acc": 0.4838709677419355,
      "std_cv_acc": 0.0
    },
    {
      "param_value": 0.0003162277571391314,
      "mean_cv_acc": 0.45161290322580644,
      "std_cv_acc": 0.0
    },
    {
      "param_value": 0.000562341301701963,
      "mean_cv_acc": 0.4838709677419355,
      "std_cv_acc": 0.0
    },
    {
      "param_value": 0.0010000000474974513,
      "mean_cv_acc": 0.5161290322580645,
      "std_cv_acc": 0.0
    },
    {
      "param_value": 0.0017782794311642647,
      "mean_cv_acc": 0.4838709677419355,
      "std_cv_acc": 0.0
    },
    {
      "param_value": 0.003162277629598975,
      "mean_cv_acc": 0.4838709677419355,
      "std_cv_acc": 0.0
    },
    {
      "param_value": 0.005623413249850273,
      "mean_cv_acc": 0.45161290322580644,
      "std_cv_acc": 0.0
    },
    {
      "param_value": 0.009999999776482582,
      "mean_cv_acc": 0.41935483870967744,
      "std_cv_acc": 0.0
    },
    {
      "param_value": 0.017782794311642647,
      "mean_cv_acc": 0.41935483870967744,
      "std_cv_acc": 0.0
    },
    {
      "param_value": 0.03162277489900589,
      "mean_cv_acc": 0.41935483870967744,
      "std_cv_acc": 0.0
    },
    {
      "param_value": 0.05623413249850273,
      "mean_cv_acc": 0.41935483870967744,
      "std_cv_acc": 0.0
    },
    {
      "param_value": 0.10000000149011612,
      "mean_cv_acc": 0.41935483870967744,
      "std_cv_acc": 0.0
    },
    {
      "param_value": 0.17782793939113617,
      "mean_cv_acc": 0.41935483870967744,
      "std_cv_acc": 0.0
    },
    {
      "param_value": 0.3162277638912201,
      "mean_cv_acc": 0.41935483870967744,
      "std_cv_acc": 0.0
    },
    {
      "param_value": 0.5623413324356079,
      "mean_cv_acc": 0.41935483870967744,
      "std_cv_acc": 0.0
    },
    {
      "param_value": 1.0,
      "mean_cv_acc": 0.41935483870967744,
      "std_cv_acc": 0.0
    },
    {
      "param_value": 1.778279423713684,
      "mean_cv_acc": 0.41935483870967744,
      "std_cv_acc": 0.0
    },
    {
      "param_value": 3.1622776985168457,
      "mean_cv_acc": 0.41935483870967744,
      "std_cv_acc": 0.0
    },
    {
      "param_value": 5.6234130859375,
      "mean_cv_acc": 0.41935483870967744,
      "std_cv_acc": 0.0
    },
    {
      "param_value": 10.0,
      "mean_cv_acc": 0.45161290322580644,
      "std_cv_acc": 0.0
    },
    {
      "param_value": 17.782794952392578,
      "mean_cv_acc": 0.45161290322580644,
      "std_cv_acc": 0.0
    },
    {
      "param_value": 31.62277603149414,
      "mean_cv_acc": 0.45161290322580644,
      "std_cv_acc": 0.0
    },
    {
      "param_value": 56.234130859375,
      "mean_cv_acc": 0.45161290322580644,
      "std_cv_acc": 0.0
    },
    {
      "param_value": 100.0,
      "mean_cv_acc": 0.45161290322580644,
      "std_cv_acc": 0.0
    },
    {
      "param_value": 177.82794189453125,
      "mean_cv_acc": 0.45161290322580644,
      "std_cv_acc": 0.0
    },
    {
      "param_value": 316.2277526855469,
      "mean_cv_acc": 0.45161290322580644,
      "std_cv_acc": 0.0
    },
    {
      "param_value": 562.34130859375,
      "mean_cv_acc": 0.45161290322580644,
      "std_cv_acc": 0.0
    },
    {
      "param_value": 1000.0,
      "mean_cv_acc": 0.45161290322580644,
      "std_cv_acc": 0.0
    },
    {
      "param_value": 1778.2794189453125,
      "mean_cv_acc": 0.45161290322580644,
      "std_cv_acc": 0.0
    },
    {
      "param_value": 3162.277587890625,
      "mean_cv_acc": 0.45161290322580644,
      "std_cv_acc": 0.0
    },
    {
      "param_value": 5623.4130859375,
      "mean_cv_acc": 0.45161290322580644,
      "std_cv_acc": 0.0
    },
    {
      "param_value": 10000.0,
      "mean_cv_acc": 0.45161290322580644,
      "std_cv_acc": 0.0
    },
    {
      "param_value": 17782.794921875,
      "mean_cv_acc": 0.45161290322580644,
      "std_cv_acc": 0.0
    },
    {
      "param_value": 31622.77734375,
      "mean_cv_acc": 0.45161290322580644,
      "std_cv_acc": 0.0
    },
    {
      "param_value": 56234.1328125,
      "mean_cv_acc": 0.45161290322580644,
      "std_cv_acc": 0.0
    },
    {
      "param_value": 100000.0,
      "mean_cv_acc": 0.45161290322580644,
      "std_cv_acc": 0.0
    }
  ],
  "five_way": {
    "accuracy": 0.4666666666666667,
    "macro_f1": 0.2912599028878099,
    "macro_sensitivity": 0.323886996593869,
    "macro_specificity": 0.8503248893492795,
    "per_class_sensitivity": {
      "NOR": 0.3548387096774194,
      "DCM": 0.7428571428571429,
      "HCM": 0.5217391304347826,
      "ARV": 0.0,
      "HHD": 0.0
    },
    "per_class_specificity": {
      "NOR": 0.8648648648648649,
      "DCM": 0.6428571428571429,
      "HCM": 0.7439024390243902,
      "ARV": 1.0,
      "HHD": 1.0
    },
    "confusion_matrix": [
      [
        11,
        13,
        7,
        0,
        0
      ],
      [
        3,
        26,
        6,
        0,
        0
      ],
      [
        5,
        6,
        12,
        0,
        0
      ],
      [
        0,
        2,
        4,
        0,
        0
      ],
      [
        2,
        4,
        4,
        0,
        0
      ]
    ],
    "classification_report": {
      "NOR": {
        "precision": 0.5238095238095238,
        "recall": 0.3548387096774194,
        "f1-score": 0.4230769230769231,
        "support": 31.0
      },
      "DCM": {
        "precision": 0.5098039215686274,
        "recall": 0.7428571428571429,
        "f1-score": 0.6046511627906976,
        "support": 35.0
      },
      "HCM": {
        "precision": 0.36363636363636365,
        "recall": 0.5217391304347826,
        "f1-score": 0.42857142857142855,
        "support": 23.0
      },
      "ARV": {
        "precision": 0.0,
        "recall": 0.0,
        "f1-score": 0.0,
        "support": 6.0
      },
      "HHD": {
        "precision": 0.0,
        "recall": 0.0,
        "f1-score": 0.0,
        "support": 10.0
      },
      "accuracy": 0.4666666666666667,
      "macro avg": {
        "precision": 0.279449961802903,
        "recall": 0.323886996593869,
        "f1-score": 0.2912599028878099,
        "support": 105.0
      },
      "weighted avg": {
        "precision": 0.40423684625365297,
        "recall": 0.4666666666666667,
        "f1-score": 0.4203363635257322,
        "support": 105.0
      }
    },
    "probabilities": [
      [
        0.30513406901452056,
        0.5251109831115797,
        0.14338895950698727,
        0.018840232153422544,
        0.0075257562134899555
      ],
      [
        0.16071781068795787,
        0.03963493074752933,
        0.7817088592791663,
        0.010882201968073098,
        0.007056197317273567
      ],
      [
        0.2030945315396854,
        0.5810957950375328,
        0.10265794035901461,
        0.10722822689749444,
        0.005923506166272772
      ],
      [
        0.2643761303966611,
        0.3997207032806242,
        0.31662761067744516,
        0.011569386110724488,
        0.007706169534544979
      ],
      [
        0.21814809320089723,
        0.48522233177182317,
        0.2490783108774181,
        0.04022802079264359,
        0.007323243357217918
      ],
      [
        0.3196874195006594,
        0.36099532949865576,
        0.2901821637404668,
        0.01894681960551197,
        0.010188267654706217
      ],
      [
        0.1375398408939392,
        0.2848852801609335,
        0.47941371939240607,
        0.08894335588250164,
        0.00921780367021949
      ],
      [
        0.13709311573049224,
        0.046312399858473956,
        0.8061033417714312,
        0.0052767639508044155,
        0.005214378688798353
      ],
      [
        0.4894434086779272,
        0.2726899282486819,
        0.21430962902804493,
        0.013783347649018942,
        0.00977368639632725
      ],
      [
        0.2337447033916671,
        0.3456436743795889,
        0.36978913889595066,
        0.041422475333098466,
        0.009400007999694784
      ],
      [
        0.4319725289786219,
        0.3553187024595145,
        0.18093414128506405,
        0.024019606655821472,
        0.0077550206209780264
      ],
      [
        0.3691824473376018,
        0.21645028147185694,
        0.3401114206421778,
        0.06343857441889851,
        0.01081727612946484
      ],
      [
        0.5841683754042435,
        0.20711251985712983,
        0.16093945158957657,
        0.03969793147616592,
        0.008081721672884217
      ],
      [
        0.15585957615733298,
        0.06836509984512139,
        0.7528295479837382,
        0.016120775551493476,
        0.006825000462313877
      ],
      [
        0.06432805345946455,
        0.8536884257688422,
        0.05082590362361987,
        0.027221322176853302,
        0.00393629497122016
      ],
      [
        0.4742991182938619,
        0.24090977339897318,
        0.2358988983850943,
        0.039442977097993395,
        0.009449232824077202
      ],
      [
        0.16412230517503207,
        0.6634497946982642,
        0.1418733774612938,
        0.02378425210964243,
        0.006770270555767637
      ],
      [
        0.30438151573784056,
        0.0666964036397595,
        0.6077076639483715,
        0.013923779632438694,
        0.007290637041589667
      ],
      [
        0.12371190442281224,
        0.14892487628778364,
        0.7016412878371049,
        0.0168110165503422,
        0.008910914901956956
      ],
      [
        0.23001305121654422,
        0.38428648427403744,
        0.33218093773859253,
        0.046093186197165174,
        0.007426340573660719
      ],
      [
        0.3202053906776667,
        0.35619293729069357,
        0.23622777079610233,
        0.08287414321754251,
        0.004499758017994903
      ],
      [
        0.5196780430226456,
        0.29594354039051984,
        0.15240530213057357,
        0.022180284660592603,
        0.009792829795668307
      ],
      [
        0.1686103057515972,
        0.769775449438192,
        0.04930844647872884,
        0.006688043453468864,
        0.005617754878012976
      ],
      [
        0.28123861695413827,
        0.0812165679160419,
        0.6199303555283644,
        0.008693225892051896,
        0.008921233709403478
      ],
      [
        0.5266473850805925,
        0.15617495396572037,
        0.19359245673897824,
        0.11699926763229335,
        0.006585936582415568
      ],
      [
        0.17623452199842718,
        0.7952909465291192,
        0.01858845761376722,
        0.006360176367274633,
        0.003525897491411595
      ],
      [
        0.12564921617898503,
        0.6909523962241833,
        0.15784047877610002,
        0.017234455885832636,
        0.008323452934899157
      ],
      [
        0.2443581495401337,
        0.4183396744668715,
        0.2741068363898677,
        0.05369370599658153,
        0.009501633606545398
      ],
      [
        0.14695767994899595,
        0.7228321258939758,
        0.08905119840073596,
        0.03383175252891956,
        0.007327243227372477
      ],
      [
        0.17783020597490848,
        0.5500159029417776,
        0.14467754593324406,
        0.1208944366248126,
        0.006581908525257317
      ],
      [
        0.36056301007208463,
        0.1888869946771054,
        0.40706248946517704,
        0.03598956934752711,
        0.007497936438105907
      ],
      [
        0.10422910911507025,
        0.7689507913035796,
        0.11209919149835583,
        0.009295435057560066,
        0.005425473025434383
      ],
      [
        0.4473242249833897,
        0.455154891184461,
        0.059155151598770626,
        0.03324589527480213,
        0.005119836958576486
      ],
      [
        0.31992993877216513,
        0.13526987108560096,
        0.5161614362881725,
        0.016410385885844335,
        0.01222836796821716
      ],
      [
        0.34921905979854667,
        0.1296446022772855,
        0.46101311758376284,
        0.05091525753801251,
        0.009207962802392654
      ],
      [
        0.2003131823233216,
        0.3335962632095456,
        0.4018357767800017,
        0.05629393160334063,
        0.007960846083790349
      ],
      [
        0.325297202527636,
        0.4810115785022355,
        0.17869086547165133,
        0.006678119367197718,
        0.008322234131279369
      ],
      [
        0.5870530429849713,
        0.33007128235615535,
        0.06390654182203231,
        0.011069842332012032,
        0.007899290504828942
      ],
      [
        0.05429841798714891,
        0.08436092830435055,
        0.7710035722299703,
        0.08651141112179479,
        0.0038256703567355207
      ],
      [
        0.32709113096401543,
        0.26198942845357015,
        0.38606074778273425,
        0.015153875911517614,
        0.00970481688816256
      ],
      [
        0.2569444850985538,
        0.2444577449324432,
        0.4569009472862278,
        0.031916980973677817,
        0.00977984170909741
      ],
      [
        0.05977259739574471,
        0.14543752510700783,
        0.6641146662199482,
        0.12487918652740987,
        0.005796024749889346
      ],
      [
        0.2583370376325167,
        0.638131949745625,
        0.07078864996528629,
        0.02670709908422568,
        0.006035263572346346
      ],
      [
        0.17651279039522036,
        0.586997947548827,
        0.20610211003715645,
        0.020466096978097405,
        0.00992105504069886
      ],
      [
        0.13062705092477309,
        0.5781734117618932,
        0.2728202524416391,
        0.010602302569588004,
        0.007776982302106665
      ],
      [
        0.38465067256778623,
        0.2683378891164845,
        0.2967207099552712,
        0.04129063426033902,
        0.009000094100119033
      ],
      [
        0.24223226508307075,
        0.048058773426281315,
        0.6912947167901092,
        0.011279394176807712,
        0.007134850523731066
      ],
      [
        0.3303665158221059,
        0.3346058373834929,
        0.28438640776832536,
        0.04327156544855894,
        0.007369673577516801
      ],
      [
        0.1639400822949255,
        0.08446089768878301,
        0.7250100493827235,
        0.016932895620155198,
        0.009656075013412898
      ],
      [
        0.11731297324217309,
        0.44482398030987064,
        0.4118483665398969,
        0.018500403665986487,
        0.007514276242072855
      ],
      [
        0.08496161506672723,
        0.6721985429300559,
        0.20320567758521832,
        0.03338832394702675,
        0.006245840470971997
      ],
      [
        0.09819045528129422,
        0.635732878978829,
        0.2459764828697768,
        0.014130608769595309,
        0.005969574100504573
      ],
      [
        0.24899572780151932,
        0.5494038295659134,
        0.11799719354905827,
        0.07726761082794223,
        0.0063356382555667815
      ],
      [
        0.11353803186849888,
        0.6359222427460569,
        0.22814006382455518,
        0.015737111996836264,
        0.006662549564052822
      ],
      [
        0.36201352934756537,
        0.33990206469089573,
        0.2658075129885182,
        0.023863833978939118,
        0.008413058994081592
      ],
      [
        0.26364379868098725,
        0.32343520533330916,
        0.39328875317568684,
        0.010929507261228674,
        0.008702735548788181
      ],
      [
        0.25516459195059504,
        0.5578670090333244,
        0.1586175545562233,
        0.020204181526907755,
        0.008146662932949448
      ],
      [
        0.1774332113230242,
        0.4627204363470424,
        0.29230521059004444,
        0.05814324870165467,
        0.009397893038234352
      ],
      [
        0.27776086581657483,
        0.03589315529850364,
        0.6633189927290111,
        0.01567746024690132,
        0.0073495259090091665
      ],
      [
        0.33611400243846135,
        0.2781043546569444,
        0.12745674839790433,
        0.2522965931351948,
        0.00602830137149509
      ],
      [
        0.2567677768251803,
        0.34811644200637115,
        0.34521420881044146,
        0.037327570000931044,
        0.012574002357075877
      ],
      [
        0.27796451526327276,
        0.30854902695262976,
        0.18828783267629443,
        0.2175887594571661,
        0.0076098656506369995
      ],
      [
        0.21201374975421078,
        0.6303918172426983,
        0.0691565571615383,
        0.08410089701327711,
        0.004336978828275617
      ],
      [
        0.1648650002372077,
        0.7597247980782894,
        0.05371733885428838,
        0.01627599863526359,
        0.005416864194950963
      ],
      [
        0.15294979156270644,
        0.7670654439051774,
        0.06136056702534032,
        0.011241054830880181,
        0.007383142675895484
      ],
      [
        0.08009362772870332,
        0.8846839583815497,
        0.024074088698370473,
        0.007606700258320846,
        0.00354162493305559
      ],
      [
        0.42120304676027115,
        0.13618041614911294,
        0.38194179720857424,
        0.050332178611900584,
        0.010342561270140924
      ],
      [
        0.23383911357522247,
        0.586330818890487,
        0.06052057802341875,
        0.1132860431458108,
        0.006023446365060944
      ],
      [
        0.12439181704664798,
        0.8221163936506232,
        0.03515156802501135,
        0.013980177696095376,
        0.0043600435816221784
      ],
      [
        0.16272831128860446,
        0.5974941236696428,
        0.11675554237374842,
        0.11603015854001805,
        0.006991864127986159
      ],
      [
        0.22353805528935916,
        0.17718700206994778,
        0.5752025054203551,
        0.01688588043492414,
        0.00718655678541371
      ],
      [
        0.7043331907574369,
        0.06591041870036246,
        0.1686491342414946,
        0.05414208757222219,
        0.006965168728483737
      ],
      [
        0.29951188650724947,
        0.46053001085421125,
        0.21560953582837514,
        0.01584597264187171,
        0.008502594168292398
      ],
      [
        0.11798942312295593,
        0.5674806327196141,
        0.2999046787057856,
        0.007694029254779656,
        0.0069312361968645875
      ],
      [
        0.2984763126900517,
        0.41100661414742135,
        0.16885217424390186,
        0.11535495363808385,
        0.006309945280541069
      ],
      [
        0.06628691178060139,
        0.8403911515053469,
        0.08012286272357876,
        0.007607454962475196,
        0.0055916190279977985
      ],
      [
        0.4316537361542102,
        0.4048503481750931,
        0.08341044713095234,
        0.07324375096009017,
        0.0068417175796542315
      ],
      [
        0.40645244773320777,
        0.02388078405010539,
        0.5499604748727279,
        0.014572143551769076,
        0.005134149792189863
      ],
      [
        0.25157023599304223,
        0.35044355031788454,
        0.36442826154995656,
        0.024625979565223274,
        0.008931972573893403
      ],
      [
        0.21007373361271067,
        0.6115098856615476,
        0.1490477928253176,
        0.022597740243585688,
        0.0067708476568383285
      ],
      [
        0.2809303234607695,
        0.14026245031487292,
        0.535588488186423,
        0.03457334928283194,
        0.008645388755102644
      ],
      [
        0.3183725310046495,
        0.2267059537087852,
        0.382052738231548,
        0.06418228125903697,
        0.008686495795980105
      ],
      [
        0.483976096074483,
        0.2403473339486909,
        0.24822334182428288,
        0.015729210430402964,
        0.011724017722140361
      ],
      [
        0.12168709389268378,
        0.3947379864514849,
        0.4526141874628872,
        0.019732160159357758,
        0.011228572033586376
      ],
      [
        0.4162823686432741,
        0.31075685127715513,
        0.21880120944472384,
        0.04609386963905061,
        0.00806570099579627
      ],
      [
        0.5046493441527101,
        0.07881922720038148,
        0.3931027757020314,
        0.01574399680008343,
        0.007684656144793579
      ],
      [
        0.0968714315637747,
        0.7143308357178909,
        0.15894712968912095,
        0.022598551977345897,
        0.007252051051867458
      ],
      [
        0.16822813914731316,
        0.788171084471267,
        0.03191901895691544,
        0.006432179868749202,
        0.005249577555755127
      ],
      [
        0.15701855804925974,
        0.3252111737998119,
        0.4702864208960844,
        0.03982925947139831,
        0.007654587783445653
      ],
      [
        0.6847661328887837,
        0.17474243351189542,
        0.11238305767917246,
        0.021182190384604227,
        0.006926185535544128
      ],
      [
        0.28843679732957445,
        0.2627949097299659,
        0.41570347151932774,
        0.023830943802291615,
        0.009233877618840404
      ],
      [
        0.22618989500266112,
        0.41808930461665916,
        0.31649693360627573,
        0.03128363292453273,
        0.0079402338498712
      ],
      [
        0.23889603785390162,
        0.09057978081416118,
        0.6414609277333209,
        0.019510637212576745,
        0.00955261638603965
      ],
      [
        0.5417875950277179,
        0.36244130278944575,
        0.07749863812358289,
        0.008793520650269171,
        0.009478943408984183
      ],
      [
        0.2741867369503875,
        0.2575267733653618,
        0.3223730538951104,
        0.13668599313333823,
        0.009227442655802142
      ],
      [
        0.20310775593582048,
        0.6622155117047371,
        0.11841963960067968,
        0.008244762925441877,
        0.008012329833320862
      ],
      [
        0.06623683148106994,
        0.7790251930032318,
        0.13452082029322002,
        0.012477103486359723,
        0.007740051736118589
      ],
      [
        0.282785310559321,
        0.48646220612813007,
        0.1544877761706547,
        0.06879834078709977,
        0.007466366354794559
      ],
      [
        0.23558028611834256,
        0.6246183669406606,
        0.09984835958941547,
        0.029035946226190303,
        0.01091704112539093
      ],
      [
        0.39291484914998515,
        0.20506670637286925,
        0.35966648708564786,
        0.034291575979264924,
        0.008060381412232793
      ],
      [
        0.11700837585252531,
        0.2608167445962352,
        0.5742765847240977,
        0.038663988120751086,
        0.009234306706390768
      ],
      [
        0.25884946917884033,
        0.2799061241518234,
        0.42278255220557187,
        0.02945340061436296,
        0.009008453849401441
      ],
      [
        0.44588595179706947,
        0.11491426133596278,
        0.41530540741186944,
        0.015168320786950707,
        0.008726058668147588
      ],
      [
        0.28393778127706765,
        0.2594756819222161,
        0.39639555890679384,
        0.05047297749675096,
        0.009718000397171547
      ],
      [
        0.33576767718163625,
        0.3468573554574985,
        0.2961404164456048,
        0.010691454509550608,
        0.010543096405709771
      ]
    ],
    "predictions": [
      1,
      2,
      1,
      1,
      1,
      1,
      2,
      2,
      0,
      2,
      0,
      0,
      0,
      2,
      1,
      0,
      1,
      2,
      2,
      1,
      1,
      0,
      1,
      2,
      0,
      1,
      1,
      1,
      1,
      1,
      2,
      1,
      1,
      2,
      2,
      2,
      1,
      0,
      2,
      2,
      2,
      2,
      1,
      1,
      1,
      0,
      2,
      1,
      2,
      1,
      1,
      1,
      1,
      1,
      0,
      2,
      1,
      1,
      2,
      0,
      1,
      1,
      1,
      1,
      1,
      1,
      0,
      1,
      1,
      1,
      2,
      0,
      1,
      1,
      1,
      1,
      0,
      2,
      2,
      1,
      2,
      2,
      0,
      2,
      0,
      0,
      1,
      1,
      2,
      0,
      2,
      1,
      2,
      0,
      2,
      1,
      1,
      1,
      1,
      0,
      2,
      2,
      0,
      2,
      1
    ],
    "true_labels": [
      1,
      4,
      1,
      4,
      4,
      1,
      2,
      2,
      4,
      2,
      0,
      2,
      2,
      2,
      1,
      1,
      2,
      2,
      0,
      0,
      1,
      0,
      1,
      0,
      0,
      1,
      1,
      2,
      1,
      3,
      2,
      0,
      1,
      2,
      2,
      4,
      1,
      0,
      3,
      1,
      0,
      3,
      2,
      1,
      1,
      0,
      0,
      0,
      2,
      0,
      2,
      3,
      1,
      4,
      0,
      0,
      1,
      2,
      4,
      1,
      1,
      1,
      0,
      0,
      1,
      1,
      2,
      0,
      0,
      0,
      3,
      4,
      1,
      4,
      0,
      1,
      1,
      0,
      1,
      0,
      0,
      1,
      2,
      1,
      0,
      2,
      2,
      1,
      2,
      0,
      1,
      0,
      2,
      0,
      3,
      1,
      1,
      0,
      1,
      0,
      4,
      1,
      0,
      2,
      1
    ],
    "patient_ids": [
      "A1K2P5",
      "A2H5K9",
      "A2L1N6",
      "A3H5R1",
      "A3P9V7",
      "A4A8V9",
      "A4K8R4",
      "A5D0G0",
      "A5H1Q2",
      "A5P5W0",
      "A5Q1W8",
      "A6A8H0",
      "A6B7Y4",
      "A6J0Y2",
      "A7E4J0",
      "A7F4G2",
      "B0L3Y2",
      "B1G9J3",
      "B2L0L2",
      "B3E2W8",
      "B3F0V9",
      "B3S2Z4",
      "B4E1K1",
      "B4S1Y2",
      "B5F8L9",
      "B5L5Y4",
      "B5T6V0",
      "B6I0T4",
      "B7F5P0",
      "B9H8N8",
      "C0L7V1",
      "C0N8P4",
      "C6U4W8",
      "C7L8Z8",
      "D1L6T4",
      "D3K5Q2",
      "D3Q0W9",
      "D6E9U8",
      "D9F5P1",
      "D9I8O7",
      "E0J2Z9",
      "E0J7L9",
      "E1L7M3",
      "E3L8U8",
      "E4I9O7",
      "E5J6L2",
      "E5S7W7",
      "E6H0V9",
      "E6J4N8",
      "E7L0N6",
      "E9V9Z2",
      "F0I6U8",
      "F0K4T6",
      "F5I1Z8",
      "G1J5K3",
      "G1K1V3",
      "G3M5S4",
      "G4I7V2",
      "G7N8R7",
      "G7S6V0",
      "G8K0M3",
      "G9N5V9",
      "H1N8S6",
      "H2M9S1",
      "H7K5U5",
      "H8K2K7",
      "I0I2J8",
      "I2J6Z6",
      "I4R8V6",
      "I5L3S2",
      "I6P4R0",
      "I6T4W8",
      "I8N8Y1",
      "I8Z0Z6",
      "J4J8Q3",
      "J9L4S2",
      "K6N4N7",
      "K7L2Y6",
      "K7N0R7",
      "L2V5Z0",
      "L5U7Y4",
      "L6T2T5",
      "L7Y7Z2",
      "L8N7Z0",
      "M2P5T8",
      "M4T4V6",
      "M6M9N1",
      "M6V2Y0",
      "N7P3T8",
      "N7W6Z8",
      "N9P5Z0",
      "N9Q4T8",
      "O4T6Y7",
      "O9V8W5",
      "P3P9S5",
      "P3R6Y5",
      "P8W4Z0",
      "Q1Q3T1",
      "Q3Q6R8",
      "Q4W5Z8",
      "Q5V8W3",
      "R3V5W7",
      "R6V5W3",
      "T2Z1Z9",
      "Y6Y9Z2"
    ]
  },
  "roc_auc": {
    "macro_auc": 0.6634912073628849,
    "per_class_auc": {
      "NOR": 0.6399302528334786,
      "DCM": 0.753469387755102,
      "HCM": 0.7073170731707318,
      "ARV": 0.744107744107744,
      "HHD": 0.4726315789473684
    }
  },
  "binary": {
    "accuracy": 0.7238095238095238,
    "f1": 0.8304093567251462,
    "sensitivity": 0.9594594594594594,
    "specificity": 0.16129032258064516,
    "roc_auc": 0.6399302528334787,
    "binary_labels": [
      1,
      1,
      1,
      1,
      1,
      1,
      1,
      1,
      1,
      1,
      0,
      1,
      1,
      1,
      1,
      1,
      1,
      1,
      0,
      0,
      1,
      0,
      1,
      0,
      0,
      1,
      1,
      1,
      1,
      1,
      1,
      0,
      1,
      1,
      1,
      1,
      1,
      0,
      1,
      1,
      0,
      1,
      1,
      1,
      1,
      0,
      0,
      0,
      1,
      0,
      1,
      1,
      1,
      1,
      0,
      0,
      1,
      1,
      1,
      1,
      1,
      1,
      0,
      0,
      1,
      1,
      1,
      0,
      0,
      0,
      1,
      1,
      1,
      1,
      0,
      1,
      1,
      0,
      1,
      0,
      0,
      1,
      1,
      1,
      0,
      1,
      1,
      1,
      1,
      0,
      1,
      0,
      1,
      0,
      1,
      1,
      1,
      0,
      1,
      0,
      1,
      1,
      0,
      1,
      1
    ],
    "binary_probs": [
      0.6948659309854794,
      0.8392821893120421,
      0.7969054684603146,
      0.7356238696033389,
      0.7818519067991028,
      0.6803125804993406,
      0.8624601591060608,
      0.8629068842695078,
      0.5105565913220729,
      0.7662552966083329,
      0.5680274710213782,
      0.6308175526623983,
      0.4158316245957565,
      0.8441404238426671,
      0.9356719465405354,
      0.5257008817061382,
      0.835877694824968,
      0.6956184842621594,
      0.8762880955771878,
      0.7699869487834557,
      0.6797946093223333,
      0.48032195697735436,
      0.8313896942484028,
      0.7187613830458617,
      0.4733526149194075,
      0.8237654780015728,
      0.8743507838210149,
      0.7556418504598663,
      0.853042320051004,
      0.8221697940250915,
      0.6394369899279153,
      0.8957708908849298,
      0.5526757750166102,
      0.6800700612278349,
      0.6507809402014533,
      0.7996868176766784,
      0.6747027974723641,
      0.4129469570150287,
      0.945701582012851,
      0.6729088690359846,
      0.7430555149014462,
      0.9402274026042553,
      0.7416629623674833,
      0.8234872096047796,
      0.8693729490752269,
      0.6153493274322137,
      0.7577677349169293,
      0.6696334841778941,
      0.8360599177050745,
      0.882687026757827,
      0.9150383849332728,
      0.9018095447187058,
      0.7510042721984806,
      0.8864619681315011,
      0.6379864706524346,
      0.7363562013190128,
      0.744835408049405,
      0.8225667886769759,
      0.7222391341834251,
      0.6638859975615387,
      0.7432322231748196,
      0.7220354847367272,
      0.7879862502457893,
      0.8351349997627923,
      0.8470502084372935,
      0.9199063722712967,
      0.5787969532397288,
      0.7661608864247775,
      0.875608182953352,
      0.8372716887113956,
      0.7764619447106409,
      0.29566680924256306,
      0.7004881134927505,
      0.8820105768770441,
      0.7015236873099483,
      0.9337130882193986,
      0.5683462638457898,
      0.5935475522667922,
      0.7484297640069577,
      0.7899262663872894,
      0.7190696765392305,
      0.6816274689953505,
      0.516023903925517,
      0.8783129061073163,
      0.5837176313567258,
      0.4953506558472899,
      0.9031285684362254,
      0.8317718608526868,
      0.8429814419507402,
      0.31523386711121626,
      0.7115632026704255,
      0.7738101049973389,
      0.7611039621460984,
      0.4582124049722821,
      0.7258132630496126,
      0.7968922440641795,
      0.93376316851893,
      0.717214689440679,
      0.7644197138816574,
      0.6070851508500148,
      0.8829916241474747,
      0.7411505308211597,
      0.5541140482029305,
      0.7160622187229324,
      0.6642323228183638
    ]
  }
}