{
  "config": {
    "dataset": "mnm",
    "backbone": "dinov3",
    "model_name": "dinov3_vitb16",
    "eval_mode": "logreg",
    "pooling": "cls",
    "embed_dim": 768,
    "best_hyperparam": 0.3162277638912201,
    "hyperparam_name": "C",
    "num_classes": 5,
    "class_names": [
      "NOR",
      "DCM",
      "HCM",
      "ARV",
      "HHD"
    ]
  },
  "sweep_results": [
    {
      "param_value": 9.999999974752427e-07,
      "mean_cv_acc": 0.25806451612903225,
      "std_cv_acc": 0.0
    },
    {
      "param_value": 1.7782793975129607e-06,
      "mean_cv_acc": 0.25806451612903225,
      "std_cv_acc": 0.0
    },
    {
      "param_value": 3.1622776077711023e-06,
      "mean_cv_acc": 0.25806451612903225,
      "std_cv_acc": 0.0
    },
    {
      "param_value": 5.6234130170196295e-06,
      "mean_cv_acc": 0.25806451612903225,
      "std_cv_acc": 0.0
    },
    {
      "param_value": 9.999999747378752e-06,
      "mean_cv_acc": 0.3548387096774194,
      "std_cv_acc": 0.0
    },
    {
      "param_value": 1.778279329300858e-05,
      "mean_cv_acc": 0.3870967741935484,
      "std_cv_acc": 0.0
    },
    {
      "param_value": 3.162277789670043e-05,
      "mean_cv_acc": 0.45161290322580644,
      "std_cv_acc": 0.0
    },
    {
      "param_value": 5.62341338081751e-05,
      "mean_cv_acc": 0.45161290322580644,
      "std_cv_acc": 0.0
    },
    {
      "param_value": 9.999999747378752e-05,
      "mean_cv_acc": 0.4838709677419355,
      "std_cv_acc": 0.0
    },
    {
      "param_value": 0.00017782794020604342,
      "mean_cv_acc": 0.5161290322580645,
      "std_cv_acc": 0.0
    },
    {
      "param_value": 0.0003162277571391314,
      "mean_cv_acc": 0.5161290322580645,
      "std_cv_acc": 0.0
    },
    {
      "param_value": 0.000562341301701963,
      "mean_cv_acc": 0.5161290322580645,
      "std_cv_acc": 0.0
    },
    {
      "param_value": 0.0010000000474974513,
      "mean_cv_acc": 0.5161290322580645,
      "std_cv_acc": 0.0
    },
    {
      "param_value": 0.0017782794311642647,
      "mean_cv_acc": 0.5161290322580645,
      "std_cv_acc": 0.0
    },
    {
      "param_value": 0.003162277629598975,
      "mean_cv_acc": 0.5161290322580645,
      "std_cv_acc": 0.0
    },
    {
      "param_value": 0.005623413249850273,
      "mean_cv_acc": 0.5161290322580645,
      "std_cv_acc": 0.0
    },
    {
      "param_value": 0.009999999776482582,
      "mean_cv_acc": 0.5806451612903226,
      "std_cv_acc": 0.0
    },
    {
      "param_value": 0.017782794311642647,
      "mean_cv_acc": 0.5806451612903226,
      "std_cv_acc": 0.0
    },
    {
      "param_value": 0.03162277489900589,
      "mean_cv_acc": 0.5806451612903226,
      "std_cv_acc": 0.0
    },
    {
      "param_value": 0.05623413249850273,
      "mean_cv_acc": 0.5806451612903226,
      "std_cv_acc": 0.0
    },
    {
      "param_value": 0.10000000149011612,
      "mean_cv_acc": 0.5806451612903226,
      "std_cv_acc": 0.0
    },
    {
      "param_value": 0.17782793939113617,
      "mean_cv_acc": 0.5806451612903226,
      "std_cv_acc": 0.0
    },
    {
      "param_value": 0.3162277638912201,
      "mean_cv_acc": 0.6129032258064516,
      "std_cv_acc": 0.0
    },
    {
      "param_value": 0.5623413324356079,
      "mean_cv_acc": 0.6129032258064516,
      "std_cv_acc": 0.0
    },
    {
      "param_value": 1.0,
      "mean_cv_acc": 0.6129032258064516,
      "std_cv_acc": 0.0
    },
    {
      "param_value": 1.778279423713684,
      "mean_cv_acc": 0.6129032258064516,
      "std_cv_acc": 0.0
    },
    {
      "param_value": 3.1622776985168457,
      "mean_cv_acc": 0.6129032258064516,
      "std_cv_acc": 0.0
    },
    {
      "param_value": 5.6234130859375,
      "mean_cv_acc": 0.6129032258064516,
      "std_cv_acc": 0.0
    },
    {
      "param_value": 10.0,
      "mean_cv_acc": 0.6129032258064516,
      "std_cv_acc": 0.0
    },
    {
      "param_value": 17.782794952392578,
      "mean_cv_acc": 0.6129032258064516,
      "std_cv_acc": 0.0
    },
    {
      "param_value": 31.62277603149414,
      "mean_cv_acc": 0.6129032258064516,
      "std_cv_acc": 0.0
    },
    {
      "param_value": 56.234130859375,
      "mean_cv_acc": 0.6129032258064516,
      "std_cv_acc": 0.0
    },
    {
      "param_value": 100.0,
      "mean_cv_acc": 0.6129032258064516,
      "std_cv_acc": 0.0
    },
    {
      "param_value": 177.82794189453125,
      "mean_cv_acc": 0.6129032258064516,
      "std_cv_acc": 0.0
    },
    {
      "param_value": 316.2277526855469,
      "mean_cv_acc": 0.6129032258064516,
      "std_cv_acc": 0.0
    },
    {
      "param_value": 562.34130859375,
      "mean_cv_acc": 0.6129032258064516,
      "std_cv_acc": 0.0
    },
    {
      "param_value": 1000.0,
      "mean_cv_acc": 0.6129032258064516,
      "std_cv_acc": 0.0
    },
    {
      "param_value": 1778.2794189453125,
      "mean_cv_acc": 0.6129032258064516,
      "std_cv_acc": 0.0
    },
    {
      "param_value": 3162.277587890625,
      "mean_cv_acc": 0.5806451612903226,
      "std_cv_acc": 0.0
    },
    {
      "param_value": 5623.4130859375,
      "mean_cv_acc": 0.5806451612903226,
      "std_cv_acc": 0.0
    },
    {
      "param_value": 10000.0,
      "mean_cv_acc": 0.5806451612903226,
      "std_cv_acc": 0.0
    },
    {
      "param_value": 17782.794921875,
      "mean_cv_acc": 0.5806451612903226,
      "std_cv_acc": 0.0
    },
    {
      "param_value": 31622.77734375,
      "mean_cv_acc": 0.5806451612903226,
      "std_cv_acc": 0.0
    },
    {
      "param_value": 56234.1328125,
      "mean_cv_acc": 0.5806451612903226,
      "std_cv_acc": 0.0
    },
    {
      "param_value": 100000.0,
      "mean_cv_acc": 0.5806451612903226,
      "std_cv_acc": 0.0
    }
  ],
  "five_way": {
    "accuracy": 0.5047619047619047,
    "macro_f1": 0.37069484856370105,
    "macro_sensitivity": 0.3877633072864489,
    "macro_specificity": 0.8630085200816907,
    "per_class_sensitivity": {
      "NOR": 0.41935483870967744,
      "DCM": 0.6571428571428571,
      "HCM": 0.6956521739130435,
      "ARV": 0.16666666666666666,
      "HHD": 0.0
    },
    "per_class_specificity": {
      "NOR": 0.8648648648648649,
      "DCM": 0.7285714285714285,
      "HCM": 0.7317073170731707,
      "ARV": 0.98989898989899,
      "HHD": 1.0
    },
    "confusion_matrix": [
      [
        13,
        10,
        8,
        0,
        0
      ],
      [
        4,
        23,
        7,
        1,
        0
      ],
      [
        4,
        3,
        16,
        0,
        0
      ],
      [
        0,
        3,
        2,
        1,
        0
      ],
      [
        2,
        3,
        5,
        0,
        0
      ]
    ],
    "classification_report": {
      "NOR": {
        "precision": 0.5652173913043478,
        "recall": 0.41935483870967744,
        "f1-score": 0.48148148148148145,
        "support": 31.0
      },
      "DCM": {
        "precision": 0.5476190476190477,
        "recall": 0.6571428571428571,
        "f1-score": 0.5974025974025974,
        "support": 35.0
      },
      "HCM": {
        "precision": 0.42105263157894735,
        "recall": 0.6956521739130435,
        "f1-score": 0.5245901639344263,
        "support": 23.0
      },
      "ARV": {
        "precision": 0.5,
        "recall": 0.16666666666666666,
        "f1-score": 0.25,
        "support": 6.0
      },
      "HHD": {
        "precision": 0.0,
        "recall": 0.0,
        "f1-score": 0.0,
        "support": 10.0
      },
      "accuracy": 0.5047619047619047,
      "macro avg": {
        "precision": 0.4067778141004686,
        "recall": 0.3877633072864489,
        "f1-score": 0.37069484856370105,
        "support": 105.0
      },
      "weighted avg": {
        "precision": 0.47021539355635467,
        "recall": 0.5047619047619047,
        "f1-score": 0.4704818152905584,
        "support": 105.0
      }
    },
    "probabilities": [
      [
        0.8927865677790928,
        0.09529000727515827,
        0.010431472208223885,
        0.0011195693621295132,
        0.0003723833753952881
      ],
      [
        0.0023979164311973104,
        1.2987492052726194e-05,
        0.9966091681969808,
        4.555232244723562e-05,
        0.0009343755573222159
      ],
      [
        0.22114594870471932,
        0.6639298477371519,
        0.05204940996571894,
        0.062437439204950526,
        0.00043735438745945323
      ],
      [
        0.04842774448718045,
        0.9260511302900777,
        0.024916450742146067,
        0.00021038578038632983,
        0.0003942887002096124
      ],
      [
        0.10295971143573857,
        0.29379444967011925,
        0.5981796039327214,
        0.004747747881306708,
        0.000318487080114098
      ],
      [
        0.009686845971849965,
        0.15586356773235582,
        0.8310416209511021,
        0.00013533263260063103,
        0.0032726327120913565
      ],
      [
        0.021188260368332004,
        0.18057108679030737,
        0.498943543182742,
        0.2968969162788584,
        0.0024001933797601765
      ],
      [
        0.002784340769329471,
        6.759118429000433e-06,
        0.9969987946718363,
        3.4085806387205977e-06,
        0.00020669685976657665
      ],
      [
        0.9712190613666886,
        0.0010687180423953279,
        0.025822386121304292,
        0.0006259537195831695,
        0.001263880750028825
      ],
      [
        0.030667545203117395,
        0.20707419055445725,
        0.7491384288386741,
        0.010007841318612848,
        0.0031119940851384144
      ],
      [
        0.9833904354967163,
        0.006022024844818567,
        0.009223146799859524,
        0.0011680517395735697,
        0.0001963411190319882
      ],
      [
        0.8818211417152808,
        0.0018152906514228354,
        0.11008104090330614,
        0.00473481011583848,
        0.0015477166141514894
      ],
      [
        0.9599740969339453,
        0.00015346090665010605,
        0.038998384897362924,
        0.0007455537633638273,
        0.00012850349867779526
      ],
      [
        0.05462944856619609,
        0.0009254299332002568,
        0.9389174674956775,
        0.00518369034780727,
        0.00034396365711858955
      ],
      [
        0.0006587305928679012,
        0.9955226777531047,
        0.00020787416313510534,
        0.0035916028339774086,
        1.911465691486795e-05
      ],
      [
        0.38054349572429635,
        0.5079303490578732,
        0.10105349083548662,
        0.00853162134739148,
        0.0019410430349523328
      ],
      [
        0.004088663618201153,
        0.9848753143852822,
        0.010259199829583319,
        0.0005983153459158184,
        0.00017850682101747486
      ],
      [
        0.03635728225499768,
        0.00036954203945083517,
        0.9624750445468429,
        0.00033438032582819516,
        0.00046375083288037943
      ],
      [
        0.0041840284973884275,
        0.02118321876694296,
        0.9734291137514031,
        0.0007637598738693011,
        0.00043987911039621046
      ],
      [
        0.06107385306715175,
        0.17437685273860554,
        0.7206479207792174,
        0.04146948837963947,
        0.002431885035385954
      ],
      [
        0.012086189641020576,
        0.017771295261900775,
        0.9689096718969066,
        0.0012036965413577743,
        2.9146658814334042e-05
      ],
      [
        0.9798695238242604,
        0.014986299924356399,
        0.0026304762434160656,
        0.001673984407643625,
        0.0008397156003235179
      ],
      [
        0.027680974417983072,
        0.9717096003189597,
        0.00010594100137404345,
        1.7487394298911058e-05,
        0.0004859968673844852
      ],
      [
        0.1201191781936767,
        0.00010631288092603856,
        0.8792003433555718,
        5.911727479214677e-05,
        0.0005150482950334526
      ],
      [
        0.2513621853968325,
        0.0064974499112047494,
        0.6970661963659318,
        0.04426960808712009,
        0.0008045602389107834
      ],
      [
        0.00014307870926496207,
        0.9998451467650702,
        6.0361192462858425e-06,
        1.9970616209725315e-06,
        3.7413447976972837e-06
      ],
      [
        0.0027137778752323286,
        0.9811169768203388,
        0.015215530107094921,
        0.0006129146658297077,
        0.0003408005315042822
      ],
      [
        0.21997227306518907,
        0.02110749406087902,
        0.6335518790462059,
        0.12317086907963114,
        0.002197484748094772
      ],
      [
        0.0004326094197457898,
        0.9720077909767744,
        0.026720997477802388,
        0.0007405571576168574,
        9.804496806072895e-05
      ],
      [
        0.046375339531095384,
        0.8742412473822888,
        0.03270062837337449,
        0.046235881337163394,
        0.00044690337607789963
      ],
      [
        0.4696932437477972,
        0.013173955284669839,
        0.5101856063510196,
        0.004312155071835144,
        0.0026350395446781945
      ],
      [
        0.00019149800712022624,
        0.9994591804722849,
        0.0003301388433310887,
        1.5241331053152456e-06,
        1.7658544158570904e-05
      ],
      [
        0.1173790975996622,
        0.881926786060194,
        0.0006335740121554399,
        4.852740811705827e-05,
        1.2014919871363497e-05
      ],
      [
        0.25324988317283526,
        0.0024151622103119313,
        0.7411146095667958,
        0.0006309784678390607,
        0.0025893665822180434
      ],
      [
        0.14516816943901228,
        0.006608688427807539,
        0.8428891883791964,
        0.003537880444682576,
        0.0017960733093013636
      ],
      [
        0.009919878621852314,
        0.16969293662829577,
        0.7874629466964671,
        0.03247427813320975,
        0.0004499599201750005
      ],
      [
        0.580043228417117,
        0.4101103636386809,
        0.00856372190397393,
        9.459346715735313e-05,
        0.0011880925730708156
      ],
      [
        0.8830872377323614,
        0.11621069209379264,
        0.00020972637532665854,
        9.73025689439881e-05,
        0.0003950412295754869
      ],
      [
        0.0003790061743664728,
        0.00022288628181614797,
        0.9485952150243354,
        0.0507810698825872,
        2.1822636894812485e-05
      ],
      [
        0.7620400004236195,
        0.20615806734466904,
        0.029664091144179793,
        0.0011025335259632456,
        0.001035307561568462
      ],
      [
        0.3500011840936724,
        0.21932412988009825,
        0.41563800111623206,
        0.011637766905073406,
        0.0033989180049239388
      ],
      [
        0.0003925596397598271,
        0.0005526603586276226,
        0.5455645183596509,
        0.45345384015975015,
        3.642148221141159e-05
      ],
      [
        0.5159159677526611,
        0.4745920288072873,
        0.005318867897765517,
        0.002353078606267885,
        0.0018200569360180983
      ],
      [
        0.007841094285128428,
        0.8920749513021345,
        0.09173906727269025,
        0.006865762657979573,
        0.001479124482067017
      ],
      [
        0.0004054640027986846,
        0.750833118527917,
        0.2483543922468949,
        5.499415823584631e-05,
        0.0003520310641534327
      ],
      [
        0.8790182907809563,
        0.08144081238666093,
        0.03038431774146799,
        0.00790647340301151,
        0.001250105687903449
      ],
      [
        0.08542462461450416,
        3.9861701161177327e-05,
        0.9128054814787943,
        0.0008036928281253416,
        0.0009263393774149958
      ],
      [
        0.5722566225135164,
        0.42038252734168025,
        0.0030372442189115782,
        0.0039023197146641603,
        0.00042128621122756625
      ],
      [
        0.09717398655108779,
        0.0004412792675536839,
        0.893562508275915,
        0.00014754578421775994,
        0.008674680121225664
      ],
      [
        0.0015598169021982643,
        0.8850814324339884,
        0.1128215487151567,
        0.0002034066559310713,
        0.00033379529272576015
      ],
      [
        8.631100527117247e-06,
        0.9953187512831777,
        0.003685550750147161,
        0.0009702565815905567,
        1.6810284557211643e-05
      ],
      [
        0.0001685766445832341,
        0.9996548199028515,
        9.048398802612425e-05,
        5.852626038719084e-05,
        2.759320415213787e-05
      ],
      [
        0.03563492677199695,
        0.9565183218332578,
        0.006469949655530538,
        0.0012280905838391906,
        0.00014871115537569372
      ],
      [
        0.0001161273703672822,
        0.9902516061267862,
        0.009571502265984085,
        3.8849441451580955e-06,
        5.687929271735183e-05
      ],
      [
        0.7951266738908569,
        0.08204069615394148,
        0.11874517851429324,
        0.0015151338610493385,
        0.0025723175798589067
      ],
      [
        0.011979262228358645,
        0.98643798514624,
        0.0015409637553303343,
        5.080688503008136e-06,
        3.6708181567894984e-05
      ],
      [
        0.009958944964397093,
        0.18058377608829906,
        0.807744890933442,
        9.618686248695889e-05,
        0.0016162011513747468
      ],
      [
        0.19353020748727154,
        0.07266953090191919,
        0.6829980528792006,
        0.04732621654574839,
        0.0034759921858601986
      ],
      [
        0.006108494021033578,
        0.0006179569014180402,
        0.9927583527345049,
        0.00027257260720026463,
        0.0002426237358432785
      ],
      [
        0.15770719028771518,
        0.0678886820440383,
        0.003647275447042287,
        0.7703986960552643,
        0.0003581561659398842
      ],
      [
        0.3311425078014955,
        0.4098193825755881,
        0.23937054625663357,
        0.016829953790068995,
        0.0028376095762137417
      ],
      [
        0.003502096034570233,
        0.6290036913794261,
        0.27236557980610454,
        0.09480916404907856,
        0.0003194687308205867
      ],
      [
        0.15483358459314767,
        0.8330854483503195,
        0.005276432569044213,
        0.006705837679830788,
        9.86968076576819e-05
      ],
      [
        0.001486313999118265,
        0.9983451006657372,
        2.890748534684976e-05,
        8.997641805078413e-05,
        4.97014317469157e-05
      ],
      [
        0.04975946095696613,
        0.936421938566536,
        0.009731192473311655,
        0.0028961547546869967,
        0.0011912532484992387
      ],
      [
        0.0018813443120056703,
        0.9980925342994668,
        3.155235738557969e-06,
        9.920484954585351e-06,
        1.304566783425675e-05
      ],
      [
        0.0012018773013263702,
        0.0009889335447876668,
        0.9852507175228044,
        0.01237140296978487,
        0.00018706866129670281
      ],
      [
        0.8856249020738732,
        0.07443622175156152,
        0.00437052067369915,
        0.03514605624852705,
        0.0004222992523391148
      ],
      [
        0.12253841947341026,
        0.873684025365495,
        0.0007065830728038235,
        0.0015027070009294232,
        0.0015682650873613242
      ],
      [
        0.09957381002268109,
        0.8653804521947911,
        0.026711970489680065,
        0.007769966083908429,
        0.0005638012089392271
      ],
      [
        0.12928328210547085,
        0.598399691644001,
        0.26677645227298513,
        0.0021998291820362363,
        0.0033407447955066116
      ],
      [
        0.5806227564992845,
        1.2345501262171044e-05,
        0.41764228922311153,
        0.0014134621434131244,
        0.000309146632928796
      ],
      [
        0.11018626893170241,
        0.8607279837518993,
        0.021455736476019758,
        0.005145488583253754,
        0.0024845222571248564
      ],
      [
        0.0005625876509616688,
        0.9971812818923168,
        0.0022135114125485375,
        3.84246143084226e-06,
        3.877658274239864e-05
      ],
      [
        0.6746633962380295,
        0.043451361099615095,
        0.2543585508464743,
        0.026658137771808667,
        0.0008685540440725006
      ],
      [
        2.8249530946040738e-05,
        0.9995822668399889,
        0.00036717628061615974,
        1.0188768711240319e-05,
        1.2118579737624875e-05
      ],
      [
        0.2078442541305463,
        0.7468210519614475,
        0.02391101684832213,
        0.020853215745551594,
        0.0005704613141324372
      ],
      [
        0.2662674158758962,
        8.185779651088318e-05,
        0.7300072858102841,
        0.0031828640219312117,
        0.0004605764953776386
      ],
      [
        0.2552336830698972,
        0.42494770361815826,
        0.3023449714652941,
        0.010733212448246876,
        0.006740429398403615
      ],
      [
        0.21115193146534753,
        0.7314009326653707,
        0.054678857003236485,
        0.0021109363341456056,
        0.0006573425318997275
      ],
      [
        0.311509958960385,
        0.041640733838930716,
        0.6074919431372182,
        0.0340616051752985,
        0.005295758888167443
      ],
      [
        0.5767456772643037,
        0.10018857300694207,
        0.2803461308113328,
        0.04097029285267196,
        0.0017493260647496616
      ],
      [
        0.9699911210653385,
        0.027269928221455644,
        0.0017035693185472201,
        0.0004523919055374527,
        0.0005829894891212956
      ],
      [
        0.0011776200878741106,
        0.11780749596167525,
        0.8732914504808004,
        0.001146511707236838,
        0.00657692176241326
      ],
      [
        0.8382030736587743,
        0.09064606435176112,
        0.028551599512675482,
        0.04168830013541232,
        0.0009109623413765346
      ],
      [
        0.4514277614365664,
        0.009052465563046185,
        0.538028133981891,
        0.0007535800030005356,
        0.0007380590154960104
      ],
      [
        9.550392713137624e-06,
        0.9987955147863125,
        0.0011664642544997276,
        1.5448048916547623e-05,
        1.302251755790444e-05
      ],
      [
        0.06026989963140413,
        0.9392560966150683,
        0.00010633239787107755,
        1.8250865497392284e-05,
        0.0003494204901590628
      ],
      [
        0.0017914427280435674,
        0.0017504220374921471,
        0.9956382278331491,
        0.0007583263168512329,
        6.158108446383975e-05
      ],
      [
        0.9461807628883897,
        0.010025836577533129,
        0.0256666775802985,
        0.0166913656488973,
        0.0014353573048815696
      ],
      [
        0.019813285634043172,
        0.1525157737468222,
        0.8253672613149299,
        0.00024380419336107552,
        0.0020598751108437483
      ],
      [
        0.1496537143165644,
        0.3604092400705582,
        0.34146617484279956,
        0.14630294431622512,
        0.002167926453852717
      ],
      [
        0.02729846499340948,
        0.00260373572259524,
        0.9696064254032454,
        0.00019797961001865235,
        0.0002933942707310619
      ],
      [
        0.9400397440983708,
        0.05913317800218294,
        6.8734373628788e-05,
        3.590871106431848e-05,
        0.0007224348147532968
      ],
      [
        0.012882533736910581,
        0.19109740986590426,
        0.044485401291544796,
        0.7507482886916647,
        0.000786366413975683
      ],
      [
        0.010708079427964005,
        0.9879782875938413,
        0.001197114189077065,
        1.0251654598639212e-05,
        0.00010626713451879398
      ],
      [
        4.239296685337417e-05,
        0.99689374097595,
        0.0022562397656473734,
        7.01497121226164e-05,
        0.0007374765794265048
      ],
      [
        0.001771519746779443,
        0.9884392503620387,
        0.00936540906854148,
        0.00036515434695792904,
        5.866647568221848e-05
      ],
      [
        0.023260559271893706,
        0.8658654036148848,
        0.09604955162506265,
        0.007206252372716451,
        0.007618233115442302
      ],
      [
        0.6508769844203496,
        0.013043273126401168,
        0.319678484961361,
        0.014668149561679694,
        0.001733107930208569
      ],
      [
        0.00019025418137784048,
        0.2103712008946902,
        0.7884674904462013,
        0.00045272651574359066,
        0.0005183279619870737
      ],
      [
        0.4638917400932478,
        0.014612354978573652,
        0.5158217972028074,
        0.0037309121950546216,
        0.0019431955303165164
      ],
      [
        0.9235984711845552,
        0.0005908841074502022,
        0.07404464120395915,
        0.00030464279639445807,
        0.0014613607076408538
      ],
      [
        0.03625403564841059,
        0.007720746248752163,
        0.9478792063462336,
        0.006529876493392921,
        0.001616135263210675
      ],
      [
        0.07879200105832716,
        0.15803313514908587,
        0.7497797762990424,
        0.0010200106856040037,
        0.012375076807940416
      ]
    ],
    "predictions": [
      0,
      2,
      1,
      1,
      2,
      2,
      2,
      2,
      0,
      2,
      0,
      0,
      0,
      2,
      1,
      1,
      1,
      2,
      2,
      2,
      2,
      0,
      1,
      2,
      2,
      1,
      1,
      2,
      1,
      1,
      2,
      1,
      1,
      2,
      2,
      2,
      0,
      0,
      2,
      0,
      2,
      2,
      0,
      1,
      1,
      0,
      2,
      0,
      2,
      1,
      1,
      1,
      1,
      1,
      0,
      1,
      2,
      2,
      2,
      3,
      1,
      1,
      1,
      1,
      1,
      1,
      2,
      0,
      1,
      1,
      1,
      0,
      1,
      1,
      0,
      1,
      1,
      2,
      1,
      1,
      2,
      0,
      0,
      2,
      0,
      2,
      1,
      1,
      2,
      0,
      2,
      1,
      2,
      0,
      3,
      1,
      1,
      1,
      1,
      0,
      2,
      2,
      0,
      2,
      2
    ],
    "true_labels": [
      1,
      4,
      1,
      4,
      4,
      1,
      2,
      2,
      4,
      2,
      0,
      2,
      2,
      2,
      1,
      1,
      2,
      2,
      0,
      0,
      1,
      0,
      1,
      0,
      0,
      1,
      1,
      2,
      1,
      3,
      2,
      0,
      1,
      2,
      2,
      4,
      1,
      0,
      3,
      1,
      0,
      3,
      2,
      1,
      1,
      0,
      0,
      0,
      2,
      0,
      2,
      3,
      1,
      4,
      0,
      0,
      1,
      2,
      4,
      1,
      1,
      1,
      0,
      0,
      1,
      1,
      2,
      0,
      0,
      0,
      3,
      4,
      1,
      4,
      0,
      1,
      1,
      0,
      1,
      0,
      0,
      1,
      2,
      1,
      0,
      2,
      2,
      1,
      2,
      0,
      1,
      0,
      2,
      0,
      3,
      1,
      1,
      0,
      1,
      0,
      4,
      1,
      0,
      2,
      1
    ],
    "patient_ids": [
      "A1K2P5",
      "A2H5K9",
      "A2L1N6",
      "A3H5R1",
      "A3P9V7",
      "A4A8V9",
      "A4K8R4",
      "A5D0G0",
      "A5H1Q2",
      "A5P5W0",
      "A5Q1W8",
      "A6A8H0",
      "A6B7Y4",
      "A6J0Y2",
      "A7E4J0",
      "A7F4G2",
      "B0L3Y2",
      "B1G9J3",
      "B2L0L2",
      "B3E2W8",
      "B3F0V9",
      "B3S2Z4",
      "B4E1K1",
      "B4S1Y2",
      "B5F8L9",
      "B5L5Y4",
      "B5T6V0",
      "B6I0T4",
      "B7F5P0",
      "B9H8N8",
      "C0L7V1",
      "C0N8P4",
      "C6U4W8",
      "C7L8Z8",
      "D1L6T4",
      "D3K5Q2",
      "D3Q0W9",
      "D6E9U8",
      "D9F5P1",
      "D9I8O7",
      "E0J2Z9",
      "E0J7L9",
      "E1L7M3",
      "E3L8U8",
      "E4I9O7",
      "E5J6L2",
      "E5S7W7",
      "E6H0V9",
      "E6J4N8",
      "E7L0N6",
      "E9V9Z2",
      "F0I6U8",
      "F0K4T6",
      "F5I1Z8",
      "G1J5K3",
      "G1K1V3",
      "G3M5S4",
      "G4I7V2",
      "G7N8R7",
      "G7S6V0",
      "G8K0M3",
      "G9N5V9",
      "H1N8S6",
      "H2M9S1",
      "H7K5U5",
      "H8K2K7",
      "I0I2J8",
      "I2J6Z6",
      "I4R8V6",
      "I5L3S2",
      "I6P4R0",
      "I6T4W8",
      "I8N8Y1",
      "I8Z0Z6",
      "J4J8Q3",
      "J9L4S2",
      "K6N4N7",
      "K7L2Y6",
      "K7N0R7",
      "L2V5Z0",
      "L5U7Y4",
      "L6T2T5",
      "L7Y7Z2",
      "L8N7Z0",
      "M2P5T8",
      "M4T4V6",
      "M6M9N1",
      "M6V2Y0",
      "N7P3T8",
      "N7W6Z8",
      "N9P5Z0",
      "N9Q4T8",
      "O4T6Y7",
      "O9V8W5",
      "P3P9S5",
      "P3R6Y5",
      "P8W4Z0",
      "Q1Q3T1",
      "Q3Q6R8",
      "Q4W5Z8",
      "Q5V8W3",
      "R3V5W7",
      "R6V5W3",
      "T2Z1Z9",
      "Y6Y9Z2"
    ]
  },
  "roc_auc": {
    "macro_auc": 0.6595558307704745,
    "per_class_auc": {
      "NOR": 0.7188317349607671,
      "DCM": 0.7457142857142857,
      "HCM": 0.7110286320254507,
      "ARV": 0.7643097643097644,
      "HHD": 0.35789473684210527
    }
  },
  "binary": {
    "accuracy": 0.7333333333333333,
    "f1": 0.8205128205128205,
    "sensitivity": 0.8648648648648649,
    "specificity": 0.41935483870967744,
    "roc_auc": 0.7188317349607672,
    "binary_labels": [
      1,
      1,
      1,
      1,
      1,
      1,
      1,
      1,
      1,
      1,
      0,
      1,
      1,
      1,
      1,
      1,
      1,
      1,
      0,
      0,
      1,
      0,
      1,
      0,
      0,
      1,
      1,
      1,
      1,
      1,
      1,
      0,
      1,
      1,
      1,
      1,
      1,
      0,
      1,
      1,
      0,
      1,
      1,
      1,
      1,
      0,
      0,
      0,
      1,
      0,
      1,
      1,
      1,
      1,
      0,
      0,
      1,
      1,
      1,
      1,
      1,
      1,
      0,
      0,
      1,
      1,
      1,
      0,
      0,
      0,
      1,
      1,
      1,
      1,
      0,
      1,
      1,
      0,
      1,
      0,
      0,
      1,
      1,
      1,
      0,
      1,
      1,
      1,
      1,
      0,
      1,
      0,
      1,
      0,
      1,
      1,
      1,
      0,
      1,
      0,
      1,
      1,
      0,
      1,
      1
    ],
    "binary_probs": [
      0.10721343222090718,
      0.9976020835688026,
      0.7788540512952806,
      0.9515722555128195,
      0.8970402885642614,
      0.99031315402815,
      0.978811739631668,
      0.9972156592306706,
      0.028780938633311437,
      0.9693324547968826,
      0.016609564503283658,
      0.11817885828471919,
      0.04002590306605469,
      0.9453705514338039,
      0.9993412694071321,
      0.6194565042757036,
      0.9959113363817989,
      0.9636427177450023,
      0.9958159715026116,
      0.9389261469328483,
      0.9879138103589794,
      0.020130476175739598,
      0.9723190255820169,
      0.8798808218063233,
      0.7486378146031675,
      0.999856921290735,
      0.9972862221247677,
      0.7800277269348109,
      0.9995673905802542,
      0.9536246604689046,
      0.5303067562522028,
      0.9998085019928797,
      0.8826209024003377,
      0.7467501168271647,
      0.8548318305609877,
      0.9900801213781477,
      0.419956771582883,
      0.11691276226763858,
      0.9996209938256335,
      0.23795999957638048,
      0.6499988159063276,
      0.9996074403602402,
      0.48408403224733887,
      0.9921589057148715,
      0.9995945359972013,
      0.12098170921904372,
      0.9145753753854958,
      0.4277433774864836,
      0.9028260134489122,
      0.9984401830978017,
      0.9999913688994729,
      0.9998314233554167,
      0.964365073228003,
      0.9998838726296327,
      0.2048733261091431,
      0.9880207377716413,
      0.9900410550356029,
      0.8064697925127284,
      0.9938915059789665,
      0.8422928097122848,
      0.6688574921985044,
      0.9964979039654298,
      0.8451664154068523,
      0.9985136860008818,
      0.9502405390430338,
      0.9981186556879943,
      0.9987981226986736,
      0.11437509792612677,
      0.8774615805265897,
      0.9004261899773189,
      0.8707167178945292,
      0.4193772435007155,
      0.8898137310682976,
      0.9994374123490384,
      0.3253366037619705,
      0.999971750469054,
      0.7921557458694537,
      0.7337325841241038,
      0.7447663169301029,
      0.7888480685346525,
      0.688490041039615,
      0.4232543227356963,
      0.03000887893466153,
      0.9988223799121259,
      0.16179692634122567,
      0.5485722385634336,
      0.9999904496072869,
      0.9397301003685958,
      0.9982085572719565,
      0.053819237111610296,
      0.9801867143659568,
      0.8503462856834356,
      0.9727015350065905,
      0.059960255901629234,
      0.9871174662630894,
      0.989291920572036,
      0.9999576070331466,
      0.9982284802532205,
      0.9767394407281063,
      0.3491230155796504,
      0.9998097458186221,
      0.5361082599067521,
      0.07640152881544482,
      0.9637459643515894,
      0.9212079989416728
    ]
  }
}