{
  "config": {
    "dataset": "mnm",
    "backbone": "dinov3",
    "model_name": "dinov3_vits16",
    "eval_mode": "logreg",
    "pooling": "gap",
    "embed_dim": 384,
    "best_hyperparam": 0.0003162277571391314,
    "hyperparam_name": "C",
    "num_classes": 5,
    "class_names": [
      "NOR",
      "DCM",
      "HCM",
      "ARV",
      "HHD"
    ]
  },
  "sweep_results": [
    {
      "param_value": 9.999999974752427e-07,
      "mean_cv_acc": 0.25806451612903225,
      "std_cv_acc": 0.0
    },
    {
      "param_value": 1.7782793975129607e-06,
      "mean_cv_acc": 0.25806451612903225,
      "std_cv_acc": 0.0
    },
    {
      "param_value": 3.1622776077711023e-06,
      "mean_cv_acc": 0.25806451612903225,
      "std_cv_acc": 0.0
    },
    {
      "param_value": 5.6234130170196295e-06,
      "mean_cv_acc": 0.25806451612903225,
      "std_cv_acc": 0.0
    },
    {
      "param_value": 9.999999747378752e-06,
      "mean_cv_acc": 0.2903225806451613,
      "std_cv_acc": 0.0
    },
    {
      "param_value": 1.778279329300858e-05,
      "mean_cv_acc": 0.3548387096774194,
      "std_cv_acc": 0.0
    },
    {
      "param_value": 3.162277789670043e-05,
      "mean_cv_acc": 0.45161290322580644,
      "std_cv_acc": 0.0
    },
    {
      "param_value": 5.62341338081751e-05,
      "mean_cv_acc": 0.45161290322580644,
      "std_cv_acc": 0.0
    },
    {
      "param_value": 9.999999747378752e-05,
      "mean_cv_acc": 0.4838709677419355,
      "std_cv_acc": 0.0
    },
    {
      "param_value": 0.00017782794020604342,
      "mean_cv_acc": 0.4838709677419355,
      "std_cv_acc": 0.0
    },
    {
      "param_value": 0.0003162277571391314,
      "mean_cv_acc": 0.5161290322580645,
      "std_cv_acc": 0.0
    },
    {
      "param_value": 0.000562341301701963,
      "mean_cv_acc": 0.5161290322580645,
      "std_cv_acc": 0.0
    },
    {
      "param_value": 0.0010000000474974513,
      "mean_cv_acc": 0.5161290322580645,
      "std_cv_acc": 0.0
    },
    {
      "param_value": 0.0017782794311642647,
      "mean_cv_acc": 0.5161290322580645,
      "std_cv_acc": 0.0
    },
    {
      "param_value": 0.003162277629598975,
      "mean_cv_acc": 0.5161290322580645,
      "std_cv_acc": 0.0
    },
    {
      "param_value": 0.005623413249850273,
      "mean_cv_acc": 0.5161290322580645,
      "std_cv_acc": 0.0
    },
    {
      "param_value": 0.009999999776482582,
      "mean_cv_acc": 0.4838709677419355,
      "std_cv_acc": 0.0
    },
    {
      "param_value": 0.017782794311642647,
      "mean_cv_acc": 0.4838709677419355,
      "std_cv_acc": 0.0
    },
    {
      "param_value": 0.03162277489900589,
      "mean_cv_acc": 0.4838709677419355,
      "std_cv_acc": 0.0
    },
    {
      "param_value": 0.05623413249850273,
      "mean_cv_acc": 0.4838709677419355,
      "std_cv_acc": 0.0
    },
    {
      "param_value": 0.10000000149011612,
      "mean_cv_acc": 0.4838709677419355,
      "std_cv_acc": 0.0
    },
    {
      "param_value": 0.17782793939113617,
      "mean_cv_acc": 0.4838709677419355,
      "std_cv_acc": 0.0
    },
    {
      "param_value": 0.3162277638912201,
      "mean_cv_acc": 0.4838709677419355,
      "std_cv_acc": 0.0
    },
    {
      "param_value": 0.5623413324356079,
      "mean_cv_acc": 0.4838709677419355,
      "std_cv_acc": 0.0
    },
    {
      "param_value": 1.0,
      "mean_cv_acc": 0.4838709677419355,
      "std_cv_acc": 0.0
    },
    {
      "param_value": 1.778279423713684,
      "mean_cv_acc": 0.4838709677419355,
      "std_cv_acc": 0.0
    },
    {
      "param_value": 3.1622776985168457,
      "mean_cv_acc": 0.4838709677419355,
      "std_cv_acc": 0.0
    },
    {
      "param_value": 5.6234130859375,
      "mean_cv_acc": 0.4838709677419355,
      "std_cv_acc": 0.0
    },
    {
      "param_value": 10.0,
      "mean_cv_acc": 0.4838709677419355,
      "std_cv_acc": 0.0
    },
    {
      "param_value": 17.782794952392578,
      "mean_cv_acc": 0.4838709677419355,
      "std_cv_acc": 0.0
    },
    {
      "param_value": 31.62277603149414,
      "mean_cv_acc": 0.4838709677419355,
      "std_cv_acc": 0.0
    },
    {
      "param_value": 56.234130859375,
      "mean_cv_acc": 0.4838709677419355,
      "std_cv_acc": 0.0
    },
    {
      "param_value": 100.0,
      "mean_cv_acc": 0.4838709677419355,
      "std_cv_acc": 0.0
    },
    {
      "param_value": 177.82794189453125,
      "mean_cv_acc": 0.4838709677419355,
      "std_cv_acc": 0.0
    },
    {
      "param_value": 316.2277526855469,
      "mean_cv_acc": 0.4838709677419355,
      "std_cv_acc": 0.0
    },
    {
      "param_value": 562.34130859375,
      "mean_cv_acc": 0.4838709677419355,
      "std_cv_acc": 0.0
    },
    {
      "param_value": 1000.0,
      "mean_cv_acc": 0.4838709677419355,
      "std_cv_acc": 0.0
    },
    {
      "param_value": 1778.2794189453125,
      "mean_cv_acc": 0.4838709677419355,
      "std_cv_acc": 0.0
    },
    {
      "param_value": 3162.277587890625,
      "mean_cv_acc": 0.4838709677419355,
      "std_cv_acc": 0.0
    },
    {
      "param_value": 5623.4130859375,
      "mean_cv_acc": 0.4838709677419355,
      "std_cv_acc": 0.0
    },
    {
      "param_value": 10000.0,
      "mean_cv_acc": 0.4838709677419355,
      "std_cv_acc": 0.0
    },
    {
      "param_value": 17782.794921875,
      "mean_cv_acc": 0.4838709677419355,
      "std_cv_acc": 0.0
    },
    {
      "param_value": 31622.77734375,
      "mean_cv_acc": 0.4838709677419355,
      "std_cv_acc": 0.0
    },
    {
      "param_value": 56234.1328125,
      "mean_cv_acc": 0.4838709677419355,
      "std_cv_acc": 0.0
    },
    {
      "param_value": 100000.0,
      "mean_cv_acc": 0.4838709677419355,
      "std_cv_acc": 0.0
    }
  ],
  "five_way": {
    "accuracy": 0.4,
    "macro_f1": 0.23011764705882354,
    "macro_sensitivity": 0.2958765778401122,
    "macro_specificity": 0.8342160278745645,
    "per_class_sensitivity": {
      "NOR": 0.0967741935483871,
      "DCM": 0.6,
      "HCM": 0.782608695652174,
      "ARV": 0.0,
      "HHD": 0.0
    },
    "per_class_specificity": {
      "NOR": 1.0,
      "DCM": 0.5857142857142857,
      "HCM": 0.5853658536585366,
      "ARV": 1.0,
      "HHD": 1.0
    },
    "confusion_matrix": [
      [
        3,
        16,
        12,
        0,
        0
      ],
      [
        0,
        21,
        14,
        0,
        0
      ],
      [
        0,
        5,
        18,
        0,
        0
      ],
      [
        0,
        3,
        3,
        0,
        0
      ],
      [
        0,
        5,
        5,
        0,
        0
      ]
    ],
    "classification_report": {
      "NOR": {
        "precision": 1.0,
        "recall": 0.0967741935483871,
        "f1-score": 0.17647058823529413,
        "support": 31.0
      },
      "DCM": {
        "precision": 0.42,
        "recall": 0.6,
        "f1-score": 0.49411764705882355,
        "support": 35.0
      },
      "HCM": {
        "precision": 0.34615384615384615,
        "recall": 0.782608695652174,
        "f1-score": 0.48,
        "support": 23.0
      },
      "ARV": {
        "precision": 0.0,
        "recall": 0.0,
        "f1-score": 0.0,
        "support": 6.0
      },
      "HHD": {
        "precision": 0.0,
        "recall": 0.0,
        "f1-score": 0.0,
        "support": 10.0
      },
      "accuracy": 0.4,
      "macro avg": {
        "precision": 0.35323076923076924,
        "recall": 0.2958765778401122,
        "f1-score": 0.23011764705882354,
        "support": 105.0
      },
      "weighted avg": {
        "precision": 0.5110622710622711,
        "recall": 0.4,
        "f1-score": 0.3219495798319328,
        "support": 105.0
      }
    },
    "probabilities": [
      [
        0.27075998620139086,
        0.3870011776971894,
        0.28983942577589566,
        0.045460369364584106,
        0.00693904096094009
      ],
      [
        0.24801406628531514,
        0.2247615339600842,
        0.4844975224643242,
        0.03561201452515103,
        0.0071148627651256065
      ],
      [
        0.23800913768330634,
        0.41330309120605335,
        0.25457415863020505,
        0.08706427022126076,
        0.0070493422591746185
      ],
      [
        0.31000140114093544,
        0.39971941732001215,
        0.24523638720548788,
        0.03836329065051845,
        0.006679503683046005
      ],
      [
        0.24455376783769378,
        0.32243823093858287,
        0.3745614089392904,
        0.05151039170381552,
        0.0069362005806175055
      ],
      [
        0.27631654409748746,
        0.28124471987137767,
        0.39380569584012964,
        0.041404747428754905,
        0.007228292762250471
      ],
      [
        0.17853335945372373,
        0.27392960176377623,
        0.48463957424798576,
        0.05606702879367959,
        0.006830435740834598
      ],
      [
        0.2911409666622872,
        0.19085983897574318,
        0.47581658660941745,
        0.03520630883052548,
        0.006976298922026685
      ],
      [
        0.3239746031698162,
        0.3826726218431681,
        0.2477513244287903,
        0.03841960896498411,
        0.007181841593241544
      ],
      [
        0.2142084956898202,
        0.24121813036496456,
        0.48242967451229124,
        0.0551740043456431,
        0.006969695087281053
      ],
      [
        0.2511740130816065,
        0.36500941868929276,
        0.33129362982740373,
        0.045559511640151804,
        0.006963426761545321
      ],
      [
        0.2546946572687782,
        0.21622587129036738,
        0.4659446075644003,
        0.05596979697806385,
        0.007165066898390152
      ],
      [
        0.2991426002843409,
        0.23385908080917175,
        0.4044830992365923,
        0.05546420717166878,
        0.00705101249822619
      ],
      [
        0.2154712861621739,
        0.16612193758921875,
        0.571758740654079,
        0.04012794089254111,
        0.00652009470198729
      ],
      [
        0.22205873254448372,
        0.292430986702312,
        0.4216262700633175,
        0.0568358174469888,
        0.007048193242898057
      ],
      [
        0.24298732888489713,
        0.32224891708146874,
        0.3669982493484675,
        0.060551593583647915,
        0.007213911101518874
      ],
      [
        0.20573003763220524,
        0.4362653812131567,
        0.311126771656761,
        0.04032329266607296,
        0.00655451683180418
      ],
      [
        0.2883293103259884,
        0.24948649663970568,
        0.41578473367012736,
        0.039200083126401254,
        0.0071993762377774145
      ],
      [
        0.1785117989882275,
        0.2849779316724172,
        0.4887474065887146,
        0.04098354268061177,
        0.006779320070029026
      ],
      [
        0.2439941245656514,
        0.29433841589493365,
        0.3983048851147309,
        0.056309280391900224,
        0.0070532940327838346
      ],
      [
        0.2105084838485292,
        0.3885281227266382,
        0.3325624979966496,
        0.06167586468663641,
        0.0067250307415463685
      ],
      [
        0.3159010891900656,
        0.43743660025872855,
        0.20219809262227825,
        0.037707002222128215,
        0.006757215706799415
      ],
      [
        0.23663521875149518,
        0.5748762096873482,
        0.15334603917639517,
        0.029206027997889815,
        0.005936504386871646
      ],
      [
        0.2811006872133705,
        0.23664125496392624,
        0.44133885692156377,
        0.0338360870272152,
        0.007083113873924465
      ],
      [
        0.3496311603918425,
        0.32814370124607756,
        0.24311408358639028,
        0.0720827790058821,
        0.007028275769807596
      ],
      [
        0.3227768644204532,
        0.37665003688273024,
        0.25120858234679017,
        0.04218431248064955,
        0.0071802038693767655
      ],
      [
        0.23845665708624317,
        0.44172911209220533,
        0.2755991114195963,
        0.037450657640448845,
        0.006764461761506348
      ],
      [
        0.2707407165464505,
        0.24543013374781558,
        0.415944243584797,
        0.060586114361782274,
        0.007298791759154731
      ],
      [
        0.23115378916040602,
        0.26030452957480704,
        0.45937444586489207,
        0.04230475182325075,
        0.006862483576644302
      ],
      [
        0.25826290231421045,
        0.40891578126533235,
        0.2395333020262389,
        0.08619935853802614,
        0.007088655856192206
      ],
      [
        0.25939939563028847,
        0.2682877830496651,
        0.41349974667912837,
        0.051572451228485944,
        0.007240623412432006
      ],
      [
        0.20503458719929868,
        0.5054156859723725,
        0.24938452422683685,
        0.03389728246237562,
        0.00626792013911642
      ],
      [
        0.24579230683381542,
        0.5110486060463725,
        0.17844879164502786,
        0.05838775784803875,
        0.006322537626745508
      ],
      [
        0.25720552554874593,
        0.2673032170453191,
        0.43035242883254676,
        0.03791110972725809,
        0.00722771884613011
      ],
      [
        0.24914703875897234,
        0.17720896805182307,
        0.5137505699935944,
        0.05303042887033132,
        0.006862994325278995
      ],
      [
        0.2541074101152601,
        0.3478773338610382,
        0.3191223505152973,
        0.07155338607711761,
        0.007339519431286648
      ],
      [
        0.34752487260428716,
        0.3703771280175487,
        0.2396914937360229,
        0.03555338998860625,
        0.006853115653534965
      ],
      [
        0.3174921477379515,
        0.4407563812918045,
        0.19760202082932926,
        0.03737818372365342,
        0.006771266417261466
      ],
      [
        0.1315550274483689,
        0.2542151891903524,
        0.5374430332132524,
        0.07037718485876725,
        0.006409565289259131
      ],
      [
        0.22541653702982034,
        0.2996504387462451,
        0.42520417812388056,
        0.0426351817507413,
        0.007093664349312667
      ],
      [
        0.2404998789719506,
        0.29139756432943115,
        0.41175187247896117,
        0.04922186990147381,
        0.007128814318183256
      ],
      [
        0.13647022782621687,
        0.23019569921140706,
        0.5510313031820769,
        0.07581824223442107,
        0.00648452754587815
      ],
      [
        0.25041338452258094,
        0.5192244254436308,
        0.18036994154275524,
        0.043662452459501316,
        0.006329796031531587
      ],
      [
        0.26635017456235466,
        0.21821650828083763,
        0.4623615285502504,
        0.045994483132354526,
        0.0070773054742025825
      ],
      [
        0.2496280543897676,
        0.3753465584185497,
        0.3336784183836044,
        0.034416028544332164,
        0.006930940263746364
      ],
      [
        0.2817220756425664,
        0.2290709192360466,
        0.42962513585322476,
        0.05243033653086279,
        0.007151532737299431
      ],
      [
        0.31723720508429026,
        0.20463174515818194,
        0.4298851586784141,
        0.04101391738456747,
        0.007231973694546087
      ],
      [
        0.2694434625895874,
        0.25912399342617704,
        0.40224261870704026,
        0.06208628957332475,
        0.007103635703870635
      ],
      [
        0.23454832156974287,
        0.12986550203204203,
        0.5893275350661031,
        0.03979639178483421,
        0.006462249547277773
      ],
      [
        0.22791775958856383,
        0.3781374765921351,
        0.34130639577230165,
        0.04564220616806876,
        0.006996161878930596
      ],
      [
        0.18736515444897076,
        0.34636553041359597,
        0.4035598552022583,
        0.05593719706475473,
        0.006772262870420315
      ],
      [
        0.25808124005987193,
        0.4553780524941668,
        0.23392731475450457,
        0.045865271648984185,
        0.00674812104247243
      ],
      [
        0.24588505927765247,
        0.4617254170362724,
        0.2001037473482616,
        0.08546119062304434,
        0.006824585714769237
      ],
      [
        0.19761188393977536,
        0.4462572819089701,
        0.3120156373976015,
        0.03742235606640614,
        0.006692840687247026
      ],
      [
        0.2564675635697671,
        0.4099715748348382,
        0.2856077912545891,
        0.041049494238901835,
        0.006903576101903689
      ],
      [
        0.3022954918243611,
        0.402795126169138,
        0.24932107955691876,
        0.03874640800340388,
        0.006841894446178303
      ],
      [
        0.26080850053076093,
        0.29577828780934345,
        0.3967914579226017,
        0.03944676399149905,
        0.007174989745794821
      ],
      [
        0.2122721426287546,
        0.2385919650206571,
        0.4910411915789348,
        0.05122274739650255,
        0.00687195337515096
      ],
      [
        0.2758213149083602,
        0.199129082160961,
        0.4767180566333244,
        0.041249787504293575,
        0.007081758793060888
      ],
      [
        0.27625942488694744,
        0.45044161802613564,
        0.18882254857688122,
        0.07794817956761134,
        0.006528228942424321
      ],
      [
        0.24484064890936205,
        0.3090752612441929,
        0.3878868238112721,
        0.050934924685980126,
        0.007262341349192897
      ],
      [
        0.3078304660128472,
        0.37434125394208195,
        0.23331615017167218,
        0.07757066066711792,
        0.006941469206280898
      ],
      [
        0.33851979483692274,
        0.39546730802208147,
        0.18347408434312187,
        0.0758806775121431,
        0.006658135285730701
      ],
      [
        0.25194188846585996,
        0.5748694805363816,
        0.12930095980230252,
        0.038184127787497794,
        0.005703543407957905
      ],
      [
        0.26881558232131614,
        0.4593511083183663,
        0.23169123461367078,
        0.033524710505913595,
        0.006617364240733325
      ],
      [
        0.2377747984015901,
        0.5564415056305932,
        0.16388672007657867,
        0.03585556048175224,
        0.006041415409485817
      ],
      [
        0.2935658783913666,
        0.32695859430981605,
        0.3151648056399961,
        0.056889004541422206,
        0.007421717117399256
      ],
      [
        0.28068113863280697,
        0.4099677541609493,
        0.21939146740847246,
        0.08270788285145092,
        0.007251756946320249
      ],
      [
        0.21019868541333675,
        0.6130740118518829,
        0.13299111157834137,
        0.037982455311653666,
        0.005753735844785237
      ],
      [
        0.2040381598587728,
        0.4231224598364624,
        0.2892237951751253,
        0.07666830399300703,
        0.0069472811366325824
      ],
      [
        0.2250964234873067,
        0.28931792390074235,
        0.43349175368147697,
        0.045132762289521434,
        0.00696113664095264
      ],
      [
        0.267349045229554,
        0.16713428427586904,
        0.5094912025282605,
        0.04925931461880953,
        0.006766153347506938
      ],
      [
        0.2593569277205959,
        0.4323596264999783,
        0.2563362422249032,
        0.04508812243448611,
        0.006859081120036598
      ],
      [
        0.22558888291547666,
        0.469754527188731,
        0.26097670945262685,
        0.03712791107710467,
        0.006551969366060856
      ],
      [
        0.30807231269059787,
        0.35350504367245295,
        0.2538730060573825,
        0.0773222927265648,
        0.007227344853001844
      ],
      [
        0.2194042468225898,
        0.37135083266045504,
        0.3655235949847826,
        0.03675805828978414,
        0.0069632672423885714
      ],
      [
        0.21369909295636758,
        0.5634766332725722,
        0.1695532645366944,
        0.04734263385998458,
        0.005928375374381273
      ],
      [
        0.29494687545002674,
        0.17239011397954299,
        0.47390243716568053,
        0.051789019860614974,
        0.00697155354413475
      ],
      [
        0.249572906291346,
        0.26667380475584773,
        0.4275140918719502,
        0.049125158493294456,
        0.007114038587561529
      ],
      [
        0.2629196359872226,
        0.4672857586505846,
        0.2188151920070916,
        0.04441254701584937,
        0.006566866339251787
      ],
      [
        0.2692174895170954,
        0.2508894601789146,
        0.4225681988796979,
        0.05016907982570198,
        0.007155771598590305
      ],
      [
        0.23944503437468823,
        0.2418992217380178,
        0.44887818615129593,
        0.06255078535382938,
        0.007226772382168504
      ],
      [
        0.26235615405763646,
        0.35303238103651347,
        0.3433271145242398,
        0.034381158353815576,
        0.006903192027794725
      ],
      [
        0.258885615341554,
        0.2040571590028585,
        0.48563587522724444,
        0.0442058094318739,
        0.007215540996468994
      ],
      [
        0.26906162448876997,
        0.284042635984579,
        0.38372617678698273,
        0.05599553594361629,
        0.007174026796051868
      ],
      [
        0.296953078308492,
        0.27114905293735936,
        0.38282125121958976,
        0.042102454511617655,
        0.006974163022941405
      ],
      [
        0.20023766772749035,
        0.4430120932710212,
        0.30399567161270774,
        0.04613461889169579,
        0.006619948497084902
      ],
      [
        0.2548234091536962,
        0.5494098195855175,
        0.16121910604477407,
        0.028517506977512347,
        0.006030158238499721
      ],
      [
        0.19256749760242062,
        0.24151890183962396,
        0.5103354468774607,
        0.04888773284251169,
        0.006690420837983121
      ],
      [
        0.39224138510291695,
        0.2956846517936612,
        0.26181911986526374,
        0.04319958560334125,
        0.0070552576348167665
      ],
      [
        0.29893952150462477,
        0.3506075773848884,
        0.30013291503681017,
        0.043196946363389103,
        0.0071230397102875105
      ],
      [
        0.25360354654469036,
        0.3098366581910204,
        0.3787308662593447,
        0.05076997887225168,
        0.0070589501326928815
      ],
      [
        0.24243865975676968,
        0.1683465196770309,
        0.5437611964811216,
        0.038708866263171035,
        0.0067447578219067645
      ],
      [
        0.2542026735953107,
        0.5214825844551902,
        0.18808672494479003,
        0.029857941534952907,
        0.006370075469756186
      ],
      [
        0.23545716638492029,
        0.3948992043651728,
        0.2901349079441109,
        0.07237383185240429,
        0.007134889453391706
      ],
      [
        0.2815075486639562,
        0.4260758573873435,
        0.2553388025369224,
        0.030380122399400557,
        0.006697669012377289
      ],
      [
        0.17130786475779175,
        0.43419501426289037,
        0.3496612772536858,
        0.03785214501410466,
        0.006983698711527492
      ],
      [
        0.26444768305724065,
        0.4346200630921838,
        0.23698157004035947,
        0.05726931166270345,
        0.006681372147512724
      ],
      [
        0.31713251716845786,
        0.2995438801368094,
        0.33400861645566005,
        0.041915065136261094,
        0.007399921102811589
      ],
      [
        0.2670172164225573,
        0.30706987837039174,
        0.370014769431198,
        0.04892299212437343,
        0.006975143651479304
      ],
      [
        0.22368831233028427,
        0.21710384949428654,
        0.4990083080641769,
        0.053260564042698195,
        0.0069389660685542105
      ],
      [
        0.23606893507999796,
        0.1989395460523708,
        0.5052485417994516,
        0.052964469658179594,
        0.006778507410000105
      ],
      [
        0.36725587439385965,
        0.24587100855359473,
        0.33975978548475544,
        0.03993280441082942,
        0.007180527156960795
      ],
      [
        0.2809807057383291,
        0.18816144222986908,
        0.4692216093803562,
        0.054727753936340925,
        0.00690848871510473
      ],
      [
        0.3109692413557359,
        0.301466666311147,
        0.34399457746061624,
        0.03639868193583921,
        0.0071708329366617345
      ]
    ],
    "predictions": [
      1,
      2,
      1,
      1,
      2,
      2,
      2,
      2,
      1,
      2,
      1,
      2,
      2,
      2,
      2,
      2,
      1,
      2,
      2,
      2,
      1,
      1,
      1,
      2,
      0,
      1,
      1,
      2,
      2,
      1,
      2,
      1,
      1,
      2,
      2,
      1,
      1,
      1,
      2,
      2,
      2,
      2,
      1,
      2,
      1,
      2,
      2,
      2,
      2,
      1,
      2,
      1,
      1,
      1,
      1,
      1,
      2,
      2,
      2,
      1,
      2,
      1,
      1,
      1,
      1,
      1,
      1,
      1,
      1,
      1,
      2,
      2,
      1,
      1,
      1,
      1,
      1,
      2,
      2,
      1,
      2,
      2,
      1,
      2,
      2,
      2,
      1,
      1,
      2,
      0,
      1,
      2,
      2,
      1,
      1,
      1,
      1,
      1,
      2,
      2,
      2,
      2,
      0,
      2,
      2
    ],
    "true_labels": [
      1,
      4,
      1,
      4,
      4,
      1,
      2,
      2,
      4,
      2,
      0,
      2,
      2,
      2,
      1,
      1,
      2,
      2,
      0,
      0,
      1,
      0,
      1,
      0,
      0,
      1,
      1,
      2,
      1,
      3,
      2,
      0,
      1,
      2,
      2,
      4,
      1,
      0,
      3,
      1,
      0,
      3,
      2,
      1,
      1,
      0,
      0,
      0,
      2,
      0,
      2,
      3,
      1,
      4,
      0,
      0,
      1,
      2,
      4,
      1,
      1,
      1,
      0,
      0,
      1,
      1,
      2,
      0,
      0,
      0,
      3,
      4,
      1,
      4,
      0,
      1,
      1,
      0,
      1,
      0,
      0,
      1,
      2,
      1,
      0,
      2,
      2,
      1,
      2,
      0,
      1,
      0,
      2,
      0,
      3,
      1,
      1,
      0,
      1,
      0,
      4,
      1,
      0,
      2,
      1
    ],
    "patient_ids": [
      "A1K2P5",
      "A2H5K9",
      "A2L1N6",
      "A3H5R1",
      "A3P9V7",
      "A4A8V9",
      "A4K8R4",
      "A5D0G0",
      "A5H1Q2",
      "A5P5W0",
      "A5Q1W8",
      "A6A8H0",
      "A6B7Y4",
      "A6J0Y2",
      "A7E4J0",
      "A7F4G2",
      "B0L3Y2",
      "B1G9J3",
      "B2L0L2",
      "B3E2W8",
      "B3F0V9",
      "B3S2Z4",
      "B4E1K1",
      "B4S1Y2",
      "B5F8L9",
      "B5L5Y4",
      "B5T6V0",
      "B6I0T4",
      "B7F5P0",
      "B9H8N8",
      "C0L7V1",
      "C0N8P4",
      "C6U4W8",
      "C7L8Z8",
      "D1L6T4",
      "D3K5Q2",
      "D3Q0W9",
      "D6E9U8",
      "D9F5P1",
      "D9I8O7",
      "E0J2Z9",
      "E0J7L9",
      "E1L7M3",
      "E3L8U8",
      "E4I9O7",
      "E5J6L2",
      "E5S7W7",
      "E6H0V9",
      "E6J4N8",
      "E7L0N6",
      "E9V9Z2",
      "F0I6U8",
      "F0K4T6",
      "F5I1Z8",
      "G1J5K3",
      "G1K1V3",
      "G3M5S4",
      "G4I7V2",
      "G7N8R7",
      "G7S6V0",
      "G8K0M3",
      "G9N5V9",
      "H1N8S6",
      "H2M9S1",
      "H7K5U5",
      "H8K2K7",
      "I0I2J8",
      "I2J6Z6",
      "I4R8V6",
      "I5L3S2",
      "I6P4R0",
      "I6T4W8",
      "I8N8Y1",
      "I8Z0Z6",
      "J4J8Q3",
      "J9L4S2",
      "K6N4N7",
      "K7L2Y6",
      "K7N0R7",
      "L2V5Z0",
      "L5U7Y4",
      "L6T2T5",
      "L7Y7Z2",
      "L8N7Z0",
      "M2P5T8",
      "M4T4V6",
      "M6M9N1",
      "M6V2Y0",
      "N7P3T8",
      "N7W6Z8",
      "N9P5Z0",
      "N9Q4T8",
      "O4T6Y7",
      "O9V8W5",
      "P3P9S5",
      "P3R6Y5",
      "P8W4Z0",
      "Q1Q3T1",
      "Q3Q6R8",
      "Q4W5Z8",
      "Q5V8W3",
      "R3V5W7",
      "R6V5W3",
      "T2Z1Z9",
      "Y6Y9Z2"
    ]
  },
  "roc_auc": {
    "macro_auc": 0.6731129064012876,
    "per_class_auc": {
      "NOR": 0.6599825632083698,
      "DCM": 0.6379591836734694,
      "HCM": 0.7656415694591728,
      "ARV": 0.7946127946127945,
      "HHD": 0.5073684210526316
    }
  },
  "binary": {
    "accuracy": 0.7047619047619048,
    "f1": 0.8268156424581006,
    "sensitivity": 1.0,
    "specificity": 0.0,
    "roc_auc": 0.6599825632083697,
    "binary_labels": [
      1,
      1,
      1,
      1,
      1,
      1,
      1,
      1,
      1,
      1,
      0,
      1,
      1,
      1,
      1,
      1,
      1,
      1,
      0,
      0,
      1,
      0,
      1,
      0,
      0,
      1,
      1,
      1,
      1,
      1,
      1,
      0,
      1,
      1,
      1,
      1,
      1,
      0,
      1,
      1,
      0,
      1,
      1,
      1,
      1,
      0,
      0,
      0,
      1,
      0,
      1,
      1,
      1,
      1,
      0,
      0,
      1,
      1,
      1,
      1,
      1,
      1,
      0,
      0,
      1,
      1,
      1,
      0,
      0,
      0,
      1,
      1,
      1,
      1,
      0,
      1,
      1,
      0,
      1,
      0,
      0,
      1,
      1,
      1,
      0,
      1,
      1,
      1,
      1,
      0,
      1,
      0,
      1,
      0,
      1,
      1,
      1,
      0,
      1,
      0,
      1,
      1,
      0,
      1,
      1
    ],
    "binary_probs": [
      0.7292400137986091,
      0.7519859337146848,
      0.7619908623166937,
      0.6899985988590646,
      0.7554462321623062,
      0.7236834559025125,
      0.8214666405462763,
      0.7088590333377127,
      0.6760253968301838,
      0.7857915043101797,
      0.7488259869183935,
      0.7453053427312217,
      0.7008573997156591,
      0.7845287138378261,
      0.7779412674555163,
      0.7570126711151028,
      0.7942699623677948,
      0.7116706896740116,
      0.8214882010117726,
      0.7560058754343486,
      0.7894915161514708,
      0.6840989108099345,
      0.7633647812485048,
      0.7188993127866294,
      0.6503688396081575,
      0.6772231355795468,
      0.7615433429137568,
      0.7292592834535495,
      0.7688462108395939,
      0.7417370976857895,
      0.7406006043697115,
      0.7949654128007013,
      0.7542076931661845,
      0.742794474451254,
      0.7508529612410276,
      0.7458925898847399,
      0.6524751273957128,
      0.6825078522620485,
      0.8684449725516311,
      0.7745834629701797,
      0.7595001210280494,
      0.8635297721737831,
      0.7495866154774191,
      0.7336498254376453,
      0.7503719456102325,
      0.7182779243574335,
      0.6827627949157098,
      0.7305565374104126,
      0.7654516784302572,
      0.7720822404114361,
      0.8126348455510293,
      0.741918759940128,
      0.7541149407223475,
      0.8023881160602246,
      0.7435324364302329,
      0.6977045081756389,
      0.739191499469239,
      0.7877278573712454,
      0.7241786850916399,
      0.7237405751130526,
      0.7551593510906379,
      0.6921695339871528,
      0.6614802051630773,
      0.74805811153414,
      0.7311844176786839,
      0.7622252015984099,
      0.7064341216086334,
      0.719318861367193,
      0.7898013145866633,
      0.7959618401412272,
      0.7749035765126933,
      0.7326509547704461,
      0.7406430722794042,
      0.7744111170845234,
      0.6919276873094021,
      0.7805957531774101,
      0.7863009070436324,
      0.7050531245499733,
      0.750427093708654,
      0.7370803640127774,
      0.7307825104829047,
      0.7605549656253118,
      0.7376438459423635,
      0.741114384658446,
      0.73093837551123,
      0.7030469216915081,
      0.7997623322725096,
      0.7451765908463037,
      0.8074325023975794,
      0.607758614897083,
      0.7010604784953752,
      0.7463964534553096,
      0.7575613402432303,
      0.7457973264046893,
      0.7645428336150797,
      0.7184924513360438,
      0.8286921352422083,
      0.7355523169427594,
      0.6828674828315422,
      0.7329827835774427,
      0.7763116876697157,
      0.7639310649200021,
      0.6327441256061404,
      0.7190192942616709,
      0.6890307586442641
    ]
  }
}