{
  "config": {
    "dataset": "mnm",
    "backbone": "dinov3",
    "model_name": "dinov3_vitb16",
    "eval_mode": "logreg",
    "pooling": "gap",
    "embed_dim": 768,
    "best_hyperparam": 0.0003162277571391314,
    "hyperparam_name": "C",
    "num_classes": 5,
    "class_names": [
      "NOR",
      "DCM",
      "HCM",
      "ARV",
      "HHD"
    ]
  },
  "sweep_results": [
    {
      "param_value": 9.999999974752427e-07,
      "mean_cv_acc": 0.25806451612903225,
      "std_cv_acc": 0.0
    },
    {
      "param_value": 1.7782793975129607e-06,
      "mean_cv_acc": 0.25806451612903225,
      "std_cv_acc": 0.0
    },
    {
      "param_value": 3.1622776077711023e-06,
      "mean_cv_acc": 0.25806451612903225,
      "std_cv_acc": 0.0
    },
    {
      "param_value": 5.6234130170196295e-06,
      "mean_cv_acc": 0.25806451612903225,
      "std_cv_acc": 0.0
    },
    {
      "param_value": 9.999999747378752e-06,
      "mean_cv_acc": 0.3225806451612903,
      "std_cv_acc": 0.0
    },
    {
      "param_value": 1.778279329300858e-05,
      "mean_cv_acc": 0.41935483870967744,
      "std_cv_acc": 0.0
    },
    {
      "param_value": 3.162277789670043e-05,
      "mean_cv_acc": 0.45161290322580644,
      "std_cv_acc": 0.0
    },
    {
      "param_value": 5.62341338081751e-05,
      "mean_cv_acc": 0.45161290322580644,
      "std_cv_acc": 0.0
    },
    {
      "param_value": 9.999999747378752e-05,
      "mean_cv_acc": 0.5161290322580645,
      "std_cv_acc": 0.0
    },
    {
      "param_value": 0.00017782794020604342,
      "mean_cv_acc": 0.5161290322580645,
      "std_cv_acc": 0.0
    },
    {
      "param_value": 0.0003162277571391314,
      "mean_cv_acc": 0.5483870967741935,
      "std_cv_acc": 0.0
    },
    {
      "param_value": 0.000562341301701963,
      "mean_cv_acc": 0.5161290322580645,
      "std_cv_acc": 0.0
    },
    {
      "param_value": 0.0010000000474974513,
      "mean_cv_acc": 0.4838709677419355,
      "std_cv_acc": 0.0
    },
    {
      "param_value": 0.0017782794311642647,
      "mean_cv_acc": 0.5161290322580645,
      "std_cv_acc": 0.0
    },
    {
      "param_value": 0.003162277629598975,
      "mean_cv_acc": 0.5161290322580645,
      "std_cv_acc": 0.0
    },
    {
      "param_value": 0.005623413249850273,
      "mean_cv_acc": 0.5483870967741935,
      "std_cv_acc": 0.0
    },
    {
      "param_value": 0.009999999776482582,
      "mean_cv_acc": 0.5483870967741935,
      "std_cv_acc": 0.0
    },
    {
      "param_value": 0.017782794311642647,
      "mean_cv_acc": 0.5483870967741935,
      "std_cv_acc": 0.0
    },
    {
      "param_value": 0.03162277489900589,
      "mean_cv_acc": 0.5483870967741935,
      "std_cv_acc": 0.0
    },
    {
      "param_value": 0.05623413249850273,
      "mean_cv_acc": 0.5483870967741935,
      "std_cv_acc": 0.0
    },
    {
      "param_value": 0.10000000149011612,
      "mean_cv_acc": 0.5483870967741935,
      "std_cv_acc": 0.0
    },
    {
      "param_value": 0.17782793939113617,
      "mean_cv_acc": 0.5483870967741935,
      "std_cv_acc": 0.0
    },
    {
      "param_value": 0.3162277638912201,
      "mean_cv_acc": 0.5161290322580645,
      "std_cv_acc": 0.0
    },
    {
      "param_value": 0.5623413324356079,
      "mean_cv_acc": 0.5161290322580645,
      "std_cv_acc": 0.0
    },
    {
      "param_value": 1.0,
      "mean_cv_acc": 0.5161290322580645,
      "std_cv_acc": 0.0
    },
    {
      "param_value": 1.778279423713684,
      "mean_cv_acc": 0.5161290322580645,
      "std_cv_acc": 0.0
    },
    {
      "param_value": 3.1622776985168457,
      "mean_cv_acc": 0.5161290322580645,
      "std_cv_acc": 0.0
    },
    {
      "param_value": 5.6234130859375,
      "mean_cv_acc": 0.5161290322580645,
      "std_cv_acc": 0.0
    },
    {
      "param_value": 10.0,
      "mean_cv_acc": 0.5161290322580645,
      "std_cv_acc": 0.0
    },
    {
      "param_value": 17.782794952392578,
      "mean_cv_acc": 0.5161290322580645,
      "std_cv_acc": 0.0
    },
    {
      "param_value": 31.62277603149414,
      "mean_cv_acc": 0.5161290322580645,
      "std_cv_acc": 0.0
    },
    {
      "param_value": 56.234130859375,
      "mean_cv_acc": 0.5161290322580645,
      "std_cv_acc": 0.0
    },
    {
      "param_value": 100.0,
      "mean_cv_acc": 0.5161290322580645,
      "std_cv_acc": 0.0
    },
    {
      "param_value": 177.82794189453125,
      "mean_cv_acc": 0.5161290322580645,
      "std_cv_acc": 0.0
    },
    {
      "param_value": 316.2277526855469,
      "mean_cv_acc": 0.5161290322580645,
      "std_cv_acc": 0.0
    },
    {
      "param_value": 562.34130859375,
      "mean_cv_acc": 0.5161290322580645,
      "std_cv_acc": 0.0
    },
    {
      "param_value": 1000.0,
      "mean_cv_acc": 0.5161290322580645,
      "std_cv_acc": 0.0
    },
    {
      "param_value": 1778.2794189453125,
      "mean_cv_acc": 0.5161290322580645,
      "std_cv_acc": 0.0
    },
    {
      "param_value": 3162.277587890625,
      "mean_cv_acc": 0.5161290322580645,
      "std_cv_acc": 0.0
    },
    {
      "param_value": 5623.4130859375,
      "mean_cv_acc": 0.5161290322580645,
      "std_cv_acc": 0.0
    },
    {
      "param_value": 10000.0,
      "mean_cv_acc": 0.5161290322580645,
      "std_cv_acc": 0.0
    },
    {
      "param_value": 17782.794921875,
      "mean_cv_acc": 0.5161290322580645,
      "std_cv_acc": 0.0
    },
    {
      "param_value": 31622.77734375,
      "mean_cv_acc": 0.5161290322580645,
      "std_cv_acc": 0.0
    },
    {
      "param_value": 56234.1328125,
      "mean_cv_acc": 0.5161290322580645,
      "std_cv_acc": 0.0
    },
    {
      "param_value": 100000.0,
      "mean_cv_acc": 0.5161290322580645,
      "std_cv_acc": 0.0
    }
  ],
  "five_way": {
    "accuracy": 0.4095238095238095,
    "macro_f1": 0.24714126453256888,
    "macro_sensitivity": 0.29412141855339613,
    "macro_specificity": 0.8377813353423109,
    "per_class_sensitivity": {
      "NOR": 0.16129032258064516,
      "DCM": 0.6571428571428571,
      "HCM": 0.6521739130434783,
      "ARV": 0.0,
      "HHD": 0.0
    },
    "per_class_specificity": {
      "NOR": 0.8648648648648649,
      "DCM": 0.7142857142857143,
      "HCM": 0.6097560975609756,
      "ARV": 1.0,
      "HHD": 1.0
    },
    "confusion_matrix": [
      [
        5,
        13,
        13,
        0,
        0
      ],
      [
        3,
        23,
        9,
        0,
        0
      ],
      [
        5,
        3,
        15,
        0,
        0
      ],
      [
        0,
        2,
        4,
        0,
        0
      ],
      [
        2,
        2,
        6,
        0,
        0
      ]
    ],
    "classification_report": {
      "NOR": {
        "precision": 0.3333333333333333,
        "recall": 0.16129032258064516,
        "f1-score": 0.21739130434782608,
        "support": 31.0
      },
      "DCM": {
        "precision": 0.5348837209302325,
        "recall": 0.6571428571428571,
        "f1-score": 0.5897435897435898,
        "support": 35.0
      },
      "HCM": {
        "precision": 0.3191489361702128,
        "recall": 0.6521739130434783,
        "f1-score": 0.42857142857142855,
        "support": 23.0
      },
      "ARV": {
        "precision": 0.0,
        "recall": 0.0,
        "f1-score": 0.0,
        "support": 6.0
      },
      "HHD": {
        "precision": 0.0,
        "recall": 0.0,
        "f1-score": 0.0,
        "support": 10.0
      },
      "accuracy": 0.4095238095238095,
      "macro avg": {
        "precision": 0.23747319808675577,
        "recall": 0.29412141855339613,
        "f1-score": 0.24714126453256888,
        "support": 105.0
      },
      "weighted avg": {
        "precision": 0.34661608664577487,
        "recall": 0.4095238095238095,
        "f1-score": 0.35464094221858194,
        "support": 105.0
      }
    },
    "probabilities": [
      [
        0.38252398826494,
        0.25374366333677123,
        0.31481804594399937,
        0.04147187892615237,
        0.007442423528137079
      ],
      [
        0.2928408614914187,
        0.14726910683313207,
        0.5201311840652052,
        0.03219522669062585,
        0.007563620919618087
      ],
      [
        0.21513570239523105,
        0.5559046050351071,
        0.13915170226341803,
        0.08350619585803425,
        0.00630179444820967
      ],
      [
        0.2986031039474356,
        0.44155591705488595,
        0.21447621450984847,
        0.038469022956932164,
        0.006895741530897914
      ],
      [
        0.2254514758766049,
        0.3434043139403291,
        0.37332080630321524,
        0.05074990027917324,
        0.007073503600677594
      ],
      [
        0.2981002298137469,
        0.34311934617940576,
        0.32001463141540165,
        0.031300665579361016,
        0.0074651270120846686
      ],
      [
        0.2541549435182381,
        0.21925655628291318,
        0.4475566632960204,
        0.07120283286735667,
        0.00782900403547179
      ],
      [
        0.2637578604624134,
        0.08990223087902821,
        0.6182912473632199,
        0.021691692322390467,
        0.006356968972947955
      ],
      [
        0.42922227057567186,
        0.22550094451478517,
        0.3027941356259971,
        0.03458001458529466,
        0.007902634698251074
      ],
      [
        0.21775444483724818,
        0.1646036463411125,
        0.5584759596191599,
        0.051783513201074764,
        0.007382436001404756
      ],
      [
        0.3500454059655239,
        0.2598239716388348,
        0.3385530961740069,
        0.04403669499518954,
        0.007540831226444852
      ],
      [
        0.3065593424528239,
        0.19820824382444902,
        0.433249339001196,
        0.054148755306522627,
        0.007834319415008409
      ],
      [
        0.440987048363822,
        0.20025839055841932,
        0.2902625244561239,
        0.06086412147389816,
        0.00762791514773645
      ],
      [
        0.2813615487076941,
        0.208894339950632,
        0.4534597825765615,
        0.048771949194039724,
        0.007512379571072763
      ],
      [
        0.21181256673426263,
        0.4978463642481041,
        0.22414446109564184,
        0.05922051956310513,
        0.006976088358886163
      ],
      [
        0.28863506867794064,
        0.2959717994891821,
        0.3556324602704229,
        0.05202822527598864,
        0.007732446286465704
      ],
      [
        0.22254861918546728,
        0.5383448211656156,
        0.19040495587250786,
        0.04215640040375295,
        0.006545203372656396
      ],
      [
        0.30826925178379216,
        0.17320518527734935,
        0.4801451810623351,
        0.031074665774022823,
        0.007305716102500682
      ],
      [
        0.22876083564457905,
        0.19113875824210555,
        0.5368191064254161,
        0.03601647471287021,
        0.007264824975028959
      ],
      [
        0.2446051562325449,
        0.20871415717859354,
        0.4685103958902546,
        0.07070807940001364,
        0.007462211298593225
      ],
      [
        0.18638076099646797,
        0.3310419336991697,
        0.41488115603975034,
        0.06131876980713846,
        0.006377379457473477
      ],
      [
        0.35942704563281036,
        0.32243204577756945,
        0.27017965112194486,
        0.040284016176110125,
        0.007677241291565167
      ],
      [
        0.2447354036961485,
        0.6181237896554823,
        0.10913225494298788,
        0.022202236922494033,
        0.005806314782887458
      ],
      [
        0.33950567323282976,
        0.20539256637826242,
        0.4157297894071687,
        0.03199268365507021,
        0.007379287326669001
      ],
      [
        0.4017387663413534,
        0.2698379819690079,
        0.24010268333081256,
        0.08076736544743635,
        0.007553202911389593
      ],
      [
        0.2515939951844522,
        0.6264456684632731,
        0.09261657349682513,
        0.024291946743597505,
        0.005051816111852043
      ],
      [
        0.23209732185873103,
        0.4607161761343299,
        0.25953125152239737,
        0.04032568846764497,
        0.007329562016896622
      ],
      [
        0.3327766496786074,
        0.21265599448310854,
        0.37729329883299295,
        0.06946381011648743,
        0.007810246888803718
      ],
      [
        0.2371820336206745,
        0.5613547753281399,
        0.1486702292424588,
        0.04619883405470109,
        0.006594127754025767
      ],
      [
        0.22980140816434813,
        0.44268868295901714,
        0.24018658656011707,
        0.08002247913373953,
        0.007300843182778272
      ],
      [
        0.33514700471294745,
        0.24072244559222497,
        0.36098044194965934,
        0.05518561236975072,
        0.007964495375417581
      ],
      [
        0.14623858480663804,
        0.5698388831588855,
        0.2497235539866457,
        0.028158262592660754,
        0.006040715455170025
      ],
      [
        0.2487156580734782,
        0.6102492603640319,
        0.0894113992007397,
        0.04632727484375779,
        0.00529640751799237
      ],
      [
        0.3087703664782966,
        0.2263785751459562,
        0.42034001504469115,
        0.036698479645144215,
        0.007812563685911909
      ],
      [
        0.2559597412664042,
        0.15763511422020837,
        0.5201308458212759,
        0.05895317452351977,
        0.007321124168591721
      ],
      [
        0.19114011097258513,
        0.345852415730729,
        0.38353238855839383,
        0.0718164147025515,
        0.00765867003574055
      ],
      [
        0.4284821964278581,
        0.2999303975564586,
        0.24046684944127678,
        0.024115124027268526,
        0.00700543254713795
      ],
      [
        0.3895014256189428,
        0.42783471201930723,
        0.1488177286220706,
        0.027375679124959487,
        0.006470454614719681
      ],
      [
        0.0909211033042549,
        0.1527891346159917,
        0.6868972208636077,
        0.06406804452594862,
        0.00532449669019705
      ],
      [
        0.2971680969923425,
        0.18948716736207394,
        0.47626074240933153,
        0.030060099339524967,
        0.00702389389672713
      ],
      [
        0.2931318428472678,
        0.24506747453186445,
        0.39594738588951306,
        0.05806784756478022,
        0.007785449166574456
      ],
      [
        0.13981391878133329,
        0.22597535857034382,
        0.5420487927131062,
        0.08550003138312873,
        0.006661898552087927
      ],
      [
        0.3507438999425785,
        0.35001600513131226,
        0.24729543595056983,
        0.04434124628959999,
        0.007603412685939566
      ],
      [
        0.3214723770956989,
        0.3456363688877622,
        0.2832930680068414,
        0.04184762598213853,
        0.007750560027558846
      ],
      [
        0.18030784343931291,
        0.42506603876559,
        0.35709164995851805,
        0.030664532497262666,
        0.00686993533931626
      ],
      [
        0.37044582680333715,
        0.1851141642745828,
        0.37963102537413873,
        0.057247167627264416,
        0.007561815920676794
      ],
      [
        0.33366680632723517,
        0.2071362934604665,
        0.4094840452036377,
        0.04157423743804394,
        0.008138617570616536
      ],
      [
        0.2999877611169962,
        0.23530182387417917,
        0.4063182559843746,
        0.05097481848711686,
        0.007417340537333114
      ],
      [
        0.2395988030420112,
        0.12319578089736422,
        0.6005188237762333,
        0.029664944500330578,
        0.007021647784060747
      ],
      [
        0.17800789734651176,
        0.48034000414173506,
        0.29488419375941377,
        0.03988817636468594,
        0.006879728387653481
      ],
      [
        0.17039074990968475,
        0.4279697679886429,
        0.32896248325096206,
        0.06562331941279993,
        0.00705367943791045
      ],
      [
        0.2516235671822959,
        0.47724314400348417,
        0.212616646581448,
        0.05143427931598764,
        0.00708236291678451
      ],
      [
        0.19072263699364367,
        0.5705343506662359,
        0.15447416273563974,
        0.07772223071610618,
        0.006546618888374511
      ],
      [
        0.1312233093732237,
        0.40696435120500124,
        0.4263527780043716,
        0.0288777393423442,
        0.006581822075059237
      ],
      [
        0.32724820408699623,
        0.2837454927181006,
        0.3371379836449524,
        0.04435559818419054,
        0.0075127213657601695
      ],
      [
        0.29204053649012185,
        0.3458844161468894,
        0.32754142211823994,
        0.027816824677419794,
        0.0067168005673289765
      ],
      [
        0.21617932716744218,
        0.40419517228596513,
        0.3440019948533273,
        0.028358052535844724,
        0.007265453157420815
      ],
      [
        0.27931363819935856,
        0.17391666423088842,
        0.4843266207611788,
        0.05496575533904976,
        0.007477321469524478
      ],
      [
        0.27550342949385687,
        0.12885807049875161,
        0.5575937287850881,
        0.03123385034195873,
        0.006810920880344774
      ],
      [
        0.29020826255981985,
        0.3957993348779437,
        0.18018067553485498,
        0.12666789584748456,
        0.007143831179896881
      ],
      [
        0.25485581016799863,
        0.2480551392553341,
        0.43067982721633497,
        0.058709182807447066,
        0.00770004055288513
      ],
      [
        0.26245659369235175,
        0.3816847554468857,
        0.2210950045109493,
        0.1272689749193541,
        0.007494671430459149
      ],
      [
        0.2948699175794656,
        0.49059932643182913,
        0.12098933320671383,
        0.08732841276275854,
        0.006213010019232795
      ],
      [
        0.23145401870133733,
        0.6239736927554844,
        0.10273427508147955,
        0.03627987317449764,
        0.005558140287201072
      ],
      [
        0.29057606228046284,
        0.5173841098923958,
        0.15094562937430184,
        0.034543315275840786,
        0.006550883176998788
      ],
      [
        0.21300095963277166,
        0.6911239829320618,
        0.06354861913909873,
        0.027730544086842664,
        0.004595894209225259
      ],
      [
        0.3966943937945084,
        0.16121501702890068,
        0.3787732147966989,
        0.05566796161586251,
        0.0076494127640294955
      ],
      [
        0.32223617774389873,
        0.4666915051812049,
        0.12050767624399827,
        0.08375813421901629,
        0.006806506611881715
      ],
      [
        0.20453091730886647,
        0.6213502014182705,
        0.1316976433786842,
        0.036270177688081114,
        0.006151060206097696
      ],
      [
        0.2075892065142845,
        0.5092772290238741,
        0.20264473140888145,
        0.07361454072194847,
        0.006874292331011454
      ],
      [
        0.3162703362887369,
        0.2195021640604227,
        0.4152139473123497,
        0.04125920439689464,
        0.007754347941596211
      ],
      [
        0.39928002701882037,
        0.16138897430661892,
        0.38063164537536087,
        0.05107587701385112,
        0.007623476285348611
      ],
      [
        0.31920067428157384,
        0.2674842649352912,
        0.3583101788899218,
        0.047148181675956836,
        0.007856700217256323
      ],
      [
        0.20613370929248814,
        0.5215524978305233,
        0.23395092222321287,
        0.031821941986771005,
        0.0065409286670047705
      ],
      [
        0.32471190857742116,
        0.3979464230488149,
        0.1929924919247072,
        0.07692012840929381,
        0.007429048039762902
      ],
      [
        0.1815669257414694,
        0.6136124888576898,
        0.16832960264887367,
        0.03042737181191831,
        0.006063610940048731
      ],
      [
        0.26258982448334034,
        0.3595984825080681,
        0.3031284498997223,
        0.06700497694872333,
        0.007678266160145842
      ],
      [
        0.3730895759715149,
        0.11313306512518885,
        0.46317233003938535,
        0.043679838932328,
        0.006925189931583091
      ],
      [
        0.2790973340022154,
        0.17084023174752644,
        0.4996458725783732,
        0.042808946792549304,
        0.007607614879335689
      ],
      [
        0.27510044976172865,
        0.5008465870995785,
        0.17824224258538335,
        0.039086800138758225,
        0.006723920414551288
      ],
      [
        0.31348588676353584,
        0.1586588383234419,
        0.4652963983248301,
        0.05509449274959138,
        0.007464383838600596
      ],
      [
        0.26050014672018673,
        0.17009273671140662,
        0.5010906018365766,
        0.06112454253314942,
        0.007191972198680566
      ],
      [
        0.3730565102460775,
        0.3488571197214803,
        0.2285866361544666,
        0.041865305797468645,
        0.0076344280805069045
      ],
      [
        0.26388918937840816,
        0.3340620063581445,
        0.35702750110896886,
        0.036578293518000383,
        0.008443009636478154
      ],
      [
        0.3147086298070954,
        0.20158330606311353,
        0.4190881655797432,
        0.05724627371460744,
        0.007373624835440534
      ],
      [
        0.3825811106196834,
        0.25012819622442695,
        0.3170456898341009,
        0.04286853356864311,
        0.007376469753145697
      ],
      [
        0.17795406979276712,
        0.5260873778686337,
        0.24810677522855837,
        0.04104559765029077,
        0.006806179459750114
      ],
      [
        0.19842051588906937,
        0.6878444519644764,
        0.08677992881592983,
        0.021665421058017605,
        0.005289682272506772
      ],
      [
        0.24606391251257526,
        0.1874644892736247,
        0.5003528050051498,
        0.05893214000964049,
        0.0071866531990097664
      ],
      [
        0.44406980616121455,
        0.25101837861770504,
        0.23899623602164585,
        0.05842057181055456,
        0.007495007388880142
      ],
      [
        0.3419988686877503,
        0.32219133972371217,
        0.2887301950830735,
        0.03970084474258945,
        0.007378751762874609
      ],
      [
        0.2932598415396015,
        0.2013119662670952,
        0.4347387037416116,
        0.06311047571898297,
        0.0075790127327086355
      ],
      [
        0.2440694682240909,
        0.17842931002569604,
        0.5333750052888203,
        0.0369833990433024,
        0.007142817418090275
      ],
      [
        0.4021671361192717,
        0.4182035232040501,
        0.15068051870036214,
        0.022050483497177385,
        0.006898338479138767
      ],
      [
        0.25307199519763784,
        0.30187609887242817,
        0.32680478681135006,
        0.10987660778220552,
        0.008370511336378474
      ],
      [
        0.2715012290010577,
        0.5160473541640612,
        0.18401253127387904,
        0.022185364930545542,
        0.00625352063045652
      ],
      [
        0.14793539847415427,
        0.5668202487202916,
        0.2509372546742476,
        0.027348794207687478,
        0.006958303923619223
      ],
      [
        0.30068845530448807,
        0.43182686297946826,
        0.21035902550128996,
        0.050505924536035494,
        0.006619731678718289
      ],
      [
        0.25807204233508513,
        0.4295817551603718,
        0.26175623615135163,
        0.04260537222705257,
        0.00798459412613875
      ],
      [
        0.33707115826829026,
        0.19718214692096206,
        0.4059301129320952,
        0.0521618584219557,
        0.00765472345669689
      ],
      [
        0.1970105593094555,
        0.26809816245590046,
        0.47251255752198423,
        0.054908617634981075,
        0.007470103077678645
      ],
      [
        0.28206189463636333,
        0.17163328074598502,
        0.4922998129343823,
        0.046645401961879836,
        0.007359609721389569
      ],
      [
        0.43874439970357076,
        0.20233440992797153,
        0.3172776781593722,
        0.03408860177336902,
        0.007554910435716396
      ],
      [
        0.32459922575258354,
        0.17832747015443445,
        0.43788608828500214,
        0.05144634303684017,
        0.007740872771139724
      ],
      [
        0.31862812843651356,
        0.3366298888735581,
        0.3025098716188032,
        0.03430303969372229,
        0.007929071377402723
      ]
    ],
    "predictions": [
      0,
      2,
      1,
      1,
      2,
      1,
      2,
      2,
      0,
      2,
      0,
      2,
      0,
      2,
      1,
      2,
      1,
      2,
      2,
      2,
      2,
      0,
      1,
      2,
      0,
      1,
      1,
      2,
      1,
      1,
      2,
      1,
      1,
      2,
      2,
      2,
      0,
      1,
      2,
      2,
      2,
      2,
      0,
      1,
      1,
      2,
      2,
      2,
      2,
      1,
      1,
      1,
      1,
      2,
      2,
      1,
      1,
      2,
      2,
      1,
      2,
      1,
      1,
      1,
      1,
      1,
      0,
      1,
      1,
      1,
      2,
      0,
      2,
      1,
      1,
      1,
      1,
      2,
      2,
      1,
      2,
      2,
      0,
      2,
      2,
      0,
      1,
      1,
      2,
      0,
      0,
      2,
      2,
      1,
      2,
      1,
      1,
      1,
      1,
      2,
      2,
      2,
      0,
      2,
      1
    ],
    "true_labels": [
      1,
      4,
      1,
      4,
      4,
      1,
      2,
      2,
      4,
      2,
      0,
      2,
      2,
      2,
      1,
      1,
      2,
      2,
      0,
      0,
      1,
      0,
      1,
      0,
      0,
      1,
      1,
      2,
      1,
      3,
      2,
      0,
      1,
      2,
      2,
      4,
      1,
      0,
      3,
      1,
      0,
      3,
      2,
      1,
      1,
      0,
      0,
      0,
      2,
      0,
      2,
      3,
      1,
      4,
      0,
      0,
      1,
      2,
      4,
      1,
      1,
      1,
      0,
      0,
      1,
      1,
      2,
      0,
      0,
      0,
      3,
      4,
      1,
      4,
      0,
      1,
      1,
      0,
      1,
      0,
      0,
      1,
      2,
      1,
      0,
      2,
      2,
      1,
      2,
      0,
      1,
      0,
      2,
      0,
      3,
      1,
      1,
      0,
      1,
      0,
      4,
      1,
      0,
      2,
      1
    ],
    "patient_ids": [
      "A1K2P5",
      "A2H5K9",
      "A2L1N6",
      "A3H5R1",
      "A3P9V7",
      "A4A8V9",
      "A4K8R4",
      "A5D0G0",
      "A5H1Q2",
      "A5P5W0",
      "A5Q1W8",
      "A6A8H0",
      "A6B7Y4",
      "A6J0Y2",
      "A7E4J0",
      "A7F4G2",
      "B0L3Y2",
      "B1G9J3",
      "B2L0L2",
      "B3E2W8",
      "B3F0V9",
      "B3S2Z4",
      "B4E1K1",
      "B4S1Y2",
      "B5F8L9",
      "B5L5Y4",
      "B5T6V0",
      "B6I0T4",
      "B7F5P0",
      "B9H8N8",
      "C0L7V1",
      "C0N8P4",
      "C6U4W8",
      "C7L8Z8",
      "D1L6T4",
      "D3K5Q2",
      "D3Q0W9",
      "D6E9U8",
      "D9F5P1",
      "D9I8O7",
      "E0J2Z9",
      "E0J7L9",
      "E1L7M3",
      "E3L8U8",
      "E4I9O7",
      "E5J6L2",
      "E5S7W7",
      "E6H0V9",
      "E6J4N8",
      "E7L0N6",
      "E9V9Z2",
      "F0I6U8",
      "F0K4T6",
      "F5I1Z8",
      "G1J5K3",
      "G1K1V3",
      "G3M5S4",
      "G4I7V2",
      "G7N8R7",
      "G7S6V0",
      "G8K0M3",
      "G9N5V9",
      "H1N8S6",
      "H2M9S1",
      "H7K5U5",
      "H8K2K7",
      "I0I2J8",
      "I2J6Z6",
      "I4R8V6",
      "I5L3S2",
      "I6P4R0",
      "I6T4W8",
      "I8N8Y1",
      "I8Z0Z6",
      "J4J8Q3",
      "J9L4S2",
      "K6N4N7",
      "K7L2Y6",
      "K7N0R7",
      "L2V5Z0",
      "L5U7Y4",
      "L6T2T5",
      "L7Y7Z2",
      "L8N7Z0",
      "M2P5T8",
      "M4T4V6",
      "M6M9N1",
      "M6V2Y0",
      "N7P3T8",
      "N7W6Z8",
      "N9P5Z0",
      "N9Q4T8",
      "O4T6Y7",
      "O9V8W5",
      "P3P9S5",
      "P3R6Y5",
      "P8W4Z0",
      "Q1Q3T1",
      "Q3Q6R8",
      "Q4W5Z8",
      "Q5V8W3",
      "R3V5W7",
      "R6V5W3",
      "T2Z1Z9",
      "Y6Y9Z2"
    ]
  },
  "roc_auc": {
    "macro_auc": 0.688196943653438,
    "per_class_auc": {
      "NOR": 0.6843940714908457,
      "DCM": 0.7191836734693877,
      "HCM": 0.7221633085896076,
      "ARV": 0.7962962962962963,
      "HHD": 0.5189473684210526
    }
  },
  "binary": {
    "accuracy": 0.7047619047619048,
    "f1": 0.8268156424581006,
    "sensitivity": 1.0,
    "specificity": 0.0,
    "roc_auc": 0.6843940714908456,
    "binary_labels": [
      1,
      1,
      1,
      1,
      1,
      1,
      1,
      1,
      1,
      1,
      0,
      1,
      1,
      1,
      1,
      1,
      1,
      1,
      0,
      0,
      1,
      0,
      1,
      0,
      0,
      1,
      1,
      1,
      1,
      1,
      1,
      0,
      1,
      1,
      1,
      1,
      1,
      0,
      1,
      1,
      0,
      1,
      1,
      1,
      1,
      0,
      0,
      0,
      1,
      0,
      1,
      1,
      1,
      1,
      0,
      0,
      1,
      1,
      1,
      1,
      1,
      1,
      0,
      0,
      1,
      1,
      1,
      0,
      0,
      0,
      1,
      1,
      1,
      1,
      0,
      1,
      1,
      0,
      1,
      0,
      0,
      1,
      1,
      1,
      0,
      1,
      1,
      1,
      1,
      0,
      1,
      0,
      1,
      0,
      1,
      1,
      1,
      0,
      1,
      0,
      1,
      1,
      0,
      1,
      1
    ],
    "binary_probs": [
      0.61747601173506,
      0.7071591385085814,
      0.784864297604769,
      0.7013968960525644,
      0.7745485241233951,
      0.701899770186253,
      0.7458450564817619,
      0.7362421395375867,
      0.5707777294243281,
      0.7822455551627518,
      0.6499545940344761,
      0.6934406575471761,
      0.5590129516361779,
      0.7186384512923059,
      0.7881874332657374,
      0.7113649313220594,
      0.7774513808145327,
      0.6917307482162078,
      0.771239164355421,
      0.7553948437674551,
      0.8136192390035321,
      0.6405729543671896,
      0.7552645963038516,
      0.6604943267671702,
      0.5982612336586466,
      0.7484060048155479,
      0.767902678141269,
      0.6672233503213927,
      0.7628179663793255,
      0.7701985918356519,
      0.6648529952870526,
      0.8537614151933619,
      0.7512843419265218,
      0.6912296335217034,
      0.7440402587335958,
      0.8088598890274149,
      0.5715178035721419,
      0.6104985743810571,
      0.909078896695745,
      0.7028319030076575,
      0.7068681571527322,
      0.8601860812186667,
      0.6492561000574215,
      0.6785276229043011,
      0.8196921565606871,
      0.6295541731966628,
      0.6663331936727648,
      0.7000122388830038,
      0.7604011969579888,
      0.8219921026534882,
      0.8296092500903153,
      0.748376432817704,
      0.8092773630063563,
      0.8687766906267763,
      0.6727517959130038,
      0.7079594635098782,
      0.7838206728325579,
      0.7206863618006414,
      0.7244965705061431,
      0.7097917374401801,
      0.7451441898320014,
      0.7375434063076483,
      0.7051300824205344,
      0.7685459812986627,
      0.7094239377195372,
      0.7869990403672283,
      0.6033056062054916,
      0.6777638222561013,
      0.7954690826911335,
      0.7924107934857155,
      0.6837296637112631,
      0.6007199729811796,
      0.6807993257184262,
      0.7938662907075118,
      0.6752880914225788,
      0.8184330742585306,
      0.7374101755166597,
      0.6269104240284851,
      0.7209026659977846,
      0.7248995502382714,
      0.6865141132364642,
      0.7394998532798133,
      0.6269434897539226,
      0.7361108106215919,
      0.6852913701929046,
      0.6174188893803165,
      0.8220459302072329,
      0.8015794841109306,
      0.7539360874874248,
      0.5559301938387855,
      0.6580011313122497,
      0.7067401584603985,
      0.7559305317759091,
      0.5978328638807283,
      0.7469280048023621,
      0.7284987709989423,
      0.8520646015258457,
      0.6993115446955119,
      0.7419279576649149,
      0.6629288417317097,
      0.8029894406905445,
      0.7179381053636367,
      0.5612556002964293,
      0.6754007742474164,
      0.6813718715634864
    ]
  }
}