{
  "config": {
    "dataset": "mnm",
    "backbone": "dinov3",
    "model_name": "dinov3_vits16",
    "eval_mode": "logreg",
    "pooling": "gap",
    "embed_dim": 384,
    "best_hyperparam": 0.0003162277571391314,
    "hyperparam_name": "C",
    "num_classes": 5,
    "class_names": [
      "NOR",
      "DCM",
      "HCM",
      "ARV",
      "HHD"
    ]
  },
  "sweep_results": [
    {
      "param_value": 9.999999974752427e-07,
      "mean_cv_acc": 0.25806451612903225,
      "std_cv_acc": 0.0
    },
    {
      "param_value": 1.7782793975129607e-06,
      "mean_cv_acc": 0.25806451612903225,
      "std_cv_acc": 0.0
    },
    {
      "param_value": 3.1622776077711023e-06,
      "mean_cv_acc": 0.25806451612903225,
      "std_cv_acc": 0.0
    },
    {
      "param_value": 5.6234130170196295e-06,
      "mean_cv_acc": 0.25806451612903225,
      "std_cv_acc": 0.0
    },
    {
      "param_value": 9.999999747378752e-06,
      "mean_cv_acc": 0.2903225806451613,
      "std_cv_acc": 0.0
    },
    {
      "param_value": 1.778279329300858e-05,
      "mean_cv_acc": 0.3548387096774194,
      "std_cv_acc": 0.0
    },
    {
      "param_value": 3.162277789670043e-05,
      "mean_cv_acc": 0.45161290322580644,
      "std_cv_acc": 0.0
    },
    {
      "param_value": 5.62341338081751e-05,
      "mean_cv_acc": 0.45161290322580644,
      "std_cv_acc": 0.0
    },
    {
      "param_value": 9.999999747378752e-05,
      "mean_cv_acc": 0.4838709677419355,
      "std_cv_acc": 0.0
    },
    {
      "param_value": 0.00017782794020604342,
      "mean_cv_acc": 0.4838709677419355,
      "std_cv_acc": 0.0
    },
    {
      "param_value": 0.0003162277571391314,
      "mean_cv_acc": 0.5161290322580645,
      "std_cv_acc": 0.0
    },
    {
      "param_value": 0.000562341301701963,
      "mean_cv_acc": 0.5161290322580645,
      "std_cv_acc": 0.0
    },
    {
      "param_value": 0.0010000000474974513,
      "mean_cv_acc": 0.5161290322580645,
      "std_cv_acc": 0.0
    },
    {
      "param_value": 0.0017782794311642647,
      "mean_cv_acc": 0.5161290322580645,
      "std_cv_acc": 0.0
    },
    {
      "param_value": 0.003162277629598975,
      "mean_cv_acc": 0.5161290322580645,
      "std_cv_acc": 0.0
    },
    {
      "param_value": 0.005623413249850273,
      "mean_cv_acc": 0.5161290322580645,
      "std_cv_acc": 0.0
    },
    {
      "param_value": 0.009999999776482582,
      "mean_cv_acc": 0.4838709677419355,
      "std_cv_acc": 0.0
    },
    {
      "param_value": 0.017782794311642647,
      "mean_cv_acc": 0.4838709677419355,
      "std_cv_acc": 0.0
    },
    {
      "param_value": 0.03162277489900589,
      "mean_cv_acc": 0.4838709677419355,
      "std_cv_acc": 0.0
    },
    {
      "param_value": 0.05623413249850273,
      "mean_cv_acc": 0.4838709677419355,
      "std_cv_acc": 0.0
    },
    {
      "param_value": 0.10000000149011612,
      "mean_cv_acc": 0.4838709677419355,
      "std_cv_acc": 0.0
    },
    {
      "param_value": 0.17782793939113617,
      "mean_cv_acc": 0.4838709677419355,
      "std_cv_acc": 0.0
    },
    {
      "param_value": 0.3162277638912201,
      "mean_cv_acc": 0.4838709677419355,
      "std_cv_acc": 0.0
    },
    {
      "param_value": 0.5623413324356079,
      "mean_cv_acc": 0.4838709677419355,
      "std_cv_acc": 0.0
    },
    {
      "param_value": 1.0,
      "mean_cv_acc": 0.4838709677419355,
      "std_cv_acc": 0.0
    },
    {
      "param_value": 1.778279423713684,
      "mean_cv_acc": 0.4838709677419355,
      "std_cv_acc": 0.0
    },
    {
      "param_value": 3.1622776985168457,
      "mean_cv_acc": 0.4838709677419355,
      "std_cv_acc": 0.0
    },
    {
      "param_value": 5.6234130859375,
      "mean_cv_acc": 0.4838709677419355,
      "std_cv_acc": 0.0
    },
    {
      "param_value": 10.0,
      "mean_cv_acc": 0.4838709677419355,
      "std_cv_acc": 0.0
    },
    {
      "param_value": 17.782794952392578,
      "mean_cv_acc": 0.4838709677419355,
      "std_cv_acc": 0.0
    },
    {
      "param_value": 31.62277603149414,
      "mean_cv_acc": 0.4838709677419355,
      "std_cv_acc": 0.0
    },
    {
      "param_value": 56.234130859375,
      "mean_cv_acc": 0.4838709677419355,
      "std_cv_acc": 0.0
    },
    {
      "param_value": 100.0,
      "mean_cv_acc": 0.4838709677419355,
      "std_cv_acc": 0.0
    },
    {
      "param_value": 177.82794189453125,
      "mean_cv_acc": 0.4838709677419355,
      "std_cv_acc": 0.0
    },
    {
      "param_value": 316.2277526855469,
      "mean_cv_acc": 0.4838709677419355,
      "std_cv_acc": 0.0
    },
    {
      "param_value": 562.34130859375,
      "mean_cv_acc": 0.4838709677419355,
      "std_cv_acc": 0.0
    },
    {
      "param_value": 1000.0,
      "mean_cv_acc": 0.4838709677419355,
      "std_cv_acc": 0.0
    },
    {
      "param_value": 1778.2794189453125,
      "mean_cv_acc": 0.4838709677419355,
      "std_cv_acc": 0.0
    },
    {
      "param_value": 3162.277587890625,
      "mean_cv_acc": 0.4838709677419355,
      "std_cv_acc": 0.0
    },
    {
      "param_value": 5623.4130859375,
      "mean_cv_acc": 0.4838709677419355,
      "std_cv_acc": 0.0
    },
    {
      "param_value": 10000.0,
      "mean_cv_acc": 0.4838709677419355,
      "std_cv_acc": 0.0
    },
    {
      "param_value": 17782.794921875,
      "mean_cv_acc": 0.4838709677419355,
      "std_cv_acc": 0.0
    },
    {
      "param_value": 31622.77734375,
      "mean_cv_acc": 0.4838709677419355,
      "std_cv_acc": 0.0
    },
    {
      "param_value": 56234.1328125,
      "mean_cv_acc": 0.4838709677419355,
      "std_cv_acc": 0.0
    },
    {
      "param_value": 100000.0,
      "mean_cv_acc": 0.4838709677419355,
      "std_cv_acc": 0.0
    }
  ],
  "five_way": {
    "accuracy": 0.4,
    "macro_f1": 0.23011764705882354,
    "macro_sensitivity": 0.2958765778401122,
    "macro_specificity": 0.8342160278745645,
    "per_class_sensitivity": {
      "NOR": 0.0967741935483871,
      "DCM": 0.6,
      "HCM": 0.782608695652174,
      "ARV": 0.0,
      "HHD": 0.0
    },
    "per_class_specificity": {
      "NOR": 1.0,
      "DCM": 0.5857142857142857,
      "HCM": 0.5853658536585366,
      "ARV": 1.0,
      "HHD": 1.0
    },
    "confusion_matrix": [
      [
        3,
        16,
        12,
        0,
        0
      ],
      [
        0,
        21,
        14,
        0,
        0
      ],
      [
        0,
        5,
        18,
        0,
        0
      ],
      [
        0,
        3,
        3,
        0,
        0
      ],
      [
        0,
        5,
        5,
        0,
        0
      ]
    ],
    "classification_report": {
      "NOR": {
        "precision": 1.0,
        "recall": 0.0967741935483871,
        "f1-score": 0.17647058823529413,
        "support": 31.0
      },
      "DCM": {
        "precision": 0.42,
        "recall": 0.6,
        "f1-score": 0.49411764705882355,
        "support": 35.0
      },
      "HCM": {
        "precision": 0.34615384615384615,
        "recall": 0.782608695652174,
        "f1-score": 0.48,
        "support": 23.0
      },
      "ARV": {
        "precision": 0.0,
        "recall": 0.0,
        "f1-score": 0.0,
        "support": 6.0
      },
      "HHD": {
        "precision": 0.0,
        "recall": 0.0,
        "f1-score": 0.0,
        "support": 10.0
      },
      "accuracy": 0.4,
      "macro avg": {
        "precision": 0.35323076923076924,
        "recall": 0.2958765778401122,
        "f1-score": 0.23011764705882354,
        "support": 105.0
      },
      "weighted avg": {
        "precision": 0.5110622710622711,
        "recall": 0.4,
        "f1-score": 0.3219495798319328,
        "support": 105.0
      }
    },
    "probabilities": [
      [
        0.27075960240483055,
        0.3870015707774466,
        0.2898394003104454,
        0.04546039509240219,
        0.006939031414875224
      ],
      [
        0.2480140142555844,
        0.22476173877090255,
        0.4844973219767818,
        0.03561206683269996,
        0.0071148581640311315
      ],
      [
        0.2380091543530844,
        0.4133032576587589,
        0.2545739653379507,
        0.0870642901490165,
        0.007049332501189467
      ],
      [
        0.31000144779101846,
        0.39971910658933896,
        0.24523661246574532,
        0.03836333544401589,
        0.006679497709881258
      ],
      [
        0.2445528806845911,
        0.32243877145053995,
        0.3745617663656805,
        0.05151039423475147,
        0.006936187264437001
      ],
      [
        0.2763163692427509,
        0.2812448218868977,
        0.3938057060405905,
        0.04140481846760167,
        0.007228284362159148
      ],
      [
        0.17853306994116522,
        0.2739301890813279,
        0.48463924575303746,
        0.05606706672674715,
        0.0068304284977222076
      ],
      [
        0.2911406197237994,
        0.19085962085751706,
        0.4758171612003418,
        0.03520630922272935,
        0.00697628899561254
      ],
      [
        0.3239745817455639,
        0.3826721362164708,
        0.2477518163796356,
        0.0384196287226455,
        0.007181836935684201
      ],
      [
        0.21420836568028506,
        0.24121830205320902,
        0.48242964801565674,
        0.05517399667739865,
        0.00696968757345049
      ],
      [
        0.2511735612940935,
        0.3650096339746902,
        0.33129381773383476,
        0.04555956815110274,
        0.006963418846278812
      ],
      [
        0.2546942172213927,
        0.21622590492048938,
        0.4659449789130861,
        0.05596984016992703,
        0.007165058775104642
      ],
      [
        0.299142375784866,
        0.23385950095877023,
        0.4044829273914781,
        0.055464191546758114,
        0.007051004318127505
      ],
      [
        0.2154718388429846,
        0.16612260737327975,
        0.5717574019936118,
        0.04012805353015058,
        0.006520098259973351
      ],
      [
        0.2220588858697691,
        0.2924312454388903,
        0.4216258647434513,
        0.056835816357500235,
        0.00704818759038917
      ],
      [
        0.24298736760058068,
        0.3222494534792693,
        0.36699763438397054,
        0.06055164133950143,
        0.007213903196677991
      ],
      [
        0.20573020391454222,
        0.4362653268289379,
        0.31112660272238063,
        0.040323355370975734,
        0.006554511163163579
      ],
      [
        0.2883291656478763,
        0.24948668876786456,
        0.4157846534181798,
        0.03920012273465148,
        0.00719936943142792
      ],
      [
        0.17851199650499347,
        0.2849788111543034,
        0.48874624352200763,
        0.04098363111361482,
        0.00677931770508062
      ],
      [
        0.24399403471229658,
        0.2943384912862493,
        0.3983048629484876,
        0.05630932474083606,
        0.0070532863121304645
      ],
      [
        0.21050816662334018,
        0.38852849041098075,
        0.3325623942077789,
        0.061675926403514277,
        0.006725022354385914
      ],
      [
        0.3159016309151612,
        0.4374352529268421,
        0.2021988545545842,
        0.0377070467156934,
        0.006757214887719245
      ],
      [
        0.23663476156087848,
        0.574876602047619,
        0.1533461091046374,
        0.029206030762357723,
        0.005936496524507424
      ],
      [
        0.2811005228659229,
        0.23664132086592626,
        0.4413389243759237,
        0.03383612460235157,
        0.007083107289875329
      ],
      [
        0.34963100554601867,
        0.3281439399431827,
        0.24311403284123065,
        0.07208275454474067,
        0.00702826712482753
      ],
      [
        0.3227764411812179,
        0.37665046682624415,
        0.251208534225835,
        0.04218436153053702,
        0.007180196236165946
      ],
      [
        0.23845666204739024,
        0.4417291986908326,
        0.2755990406069509,
        0.037450645230046674,
        0.0067644534247795545
      ],
      [
        0.27074032045153684,
        0.2454309117285452,
        0.41594381252526874,
        0.060586169073588526,
        0.007298786221060762
      ],
      [
        0.23115383375896922,
        0.2603058200139861,
        0.4593730604509442,
        0.04230480695087228,
        0.006862478825227906
      ],
      [
        0.2582627147645399,
        0.4089160942365494,
        0.23953321998095495,
        0.08619932517336065,
        0.007088645844595091
      ],
      [
        0.2593991399826292,
        0.2682881102573657,
        0.4134996224866627,
        0.05157251028476768,
        0.0072406169885746675
      ],
      [
        0.20503493855962987,
        0.5054155854143145,
        0.24938424509234702,
        0.0338973150477945,
        0.006267915885914073
      ],
      [
        0.24579232460296027,
        0.5110485454081777,
        0.17844874856011025,
        0.05838784915970674,
        0.006322532269044922
      ],
      [
        0.2572054868725169,
        0.26730337421464523,
        0.43035224920007725,
        0.037911175653109655,
        0.00722771405965106
      ],
      [
        0.24914702084796186,
        0.17720928481843845,
        0.5137502098467696,
        0.05303049295534305,
        0.006862991531487093
      ],
      [
        0.2541073373787575,
        0.3478765203571047,
        0.31912314136678044,
        0.07155349015160091,
        0.00733951074575649
      ],
      [
        0.3475249279348721,
        0.3703764498172128,
        0.2396920931760493,
        0.03555341832466957,
        0.006853110747196257
      ],
      [
        0.31749191622773226,
        0.4407563057831563,
        0.19760229559983564,
        0.03737821953453439,
        0.006771262854741549
      ],
      [
        0.13155489832220216,
        0.2542157956958277,
        0.5374423860482518,
        0.07037735930462705,
        0.006409560629091355
      ],
      [
        0.22541657690932007,
        0.29965055482988406,
        0.42520392724710604,
        0.04263528148790496,
        0.0070936595257848675
      ],
      [
        0.2404996083534542,
        0.29139768828333246,
        0.4117519239222696,
        0.04922196960117319,
        0.007128809839770681
      ],
      [
        0.13646987985453396,
        0.23019736288197393,
        0.5510298852829068,
        0.07581834711726686,
        0.006484524863318623
      ],
      [
        0.2504134151171429,
        0.5192245224730911,
        0.18036979504883735,
        0.04366248001272649,
        0.006329787348202079
      ],
      [
        0.26634952835127673,
        0.2182166397888118,
        0.4623619774911132,
        0.045994555072470966,
        0.007077299296327354
      ],
      [
        0.2496283152693564,
        0.3753456811034397,
        0.33367895678286186,
        0.03441611031883032,
        0.006930936525511792
      ],
      [
        0.2817219169449662,
        0.22907097567036447,
        0.42962514213019126,
        0.05243043824438581,
        0.007151527010092361
      ],
      [
        0.3172368299988289,
        0.20463184375471624,
        0.42988541797090846,
        0.04101394324808768,
        0.007231965027458844
      ],
      [
        0.269442925379222,
        0.2591245985002541,
        0.40224247648374417,
        0.06208637038122499,
        0.0071036292555548995
      ],
      [
        0.23454821942085902,
        0.12986563605408724,
        0.5893274630225982,
        0.03979643685115318,
        0.006462244651302372
      ],
      [
        0.2279177734052674,
        0.3781368787975514,
        0.34130697436231233,
        0.04564221943717535,
        0.006996153997693564
      ],
      [
        0.1873648498916359,
        0.34636547639296317,
        0.40356029996082066,
        0.05593712133745055,
        0.0067722524171296705
      ],
      [
        0.258081585130967,
        0.4553774230275458,
        0.23392753842296124,
        0.0458653358432197,
        0.006748117575306098
      ],
      [
        0.24588506837878718,
        0.4617253966230172,
        0.2001037643662019,
        0.08546119355929627,
        0.006824577072697608
      ],
      [
        0.1976120835882679,
        0.44625598295317703,
        0.31201660780745377,
        0.037422485524784666,
        0.006692840126316748
      ],
      [
        0.25646719600926127,
        0.40997135155890374,
        0.28560834670725654,
        0.04104953597735132,
        0.0069035697472270815
      ],
      [
        0.30229529251697007,
        0.40279488423222437,
        0.24932142688954229,
        0.03874650503362913,
        0.006841891327634045
      ],
      [
        0.2608084716451857,
        0.29577826739479435,
        0.39679155234973384,
        0.03944673097338224,
        0.0071749776369038655
      ],
      [
        0.21227185831050768,
        0.23859270783871053,
        0.49104067937297674,
        0.05122280583138222,
        0.006871948646422886
      ],
      [
        0.27582328446329757,
        0.1991319350165812,
        0.4767128692691848,
        0.0412501341007217,
        0.007081777150214728
      ],
      [
        0.27625858946549364,
        0.45044306394821076,
        0.18882229725069283,
        0.07794783728544323,
        0.0065282120501596
      ],
      [
        0.24484052022645886,
        0.3090757566570828,
        0.3878863815152097,
        0.05093500636865225,
        0.0072623352325962036
      ],
      [
        0.3078304901327317,
        0.3743411756595241,
        0.23331613435951606,
        0.07757073729107877,
        0.006941462557149225
      ],
      [
        0.338519785403705,
        0.395467373491288,
        0.1834739850776414,
        0.07588072810749505,
        0.006658127919870468
      ],
      [
        0.25194171927128994,
        0.5748693003017045,
        0.12930126102112985,
        0.038184178534303836,
        0.005703540871571983
      ],
      [
        0.2688154360238002,
        0.459351100364591,
        0.23169140177486208,
        0.033524704980479235,
        0.006617356856267561
      ],
      [
        0.23777365098769898,
        0.5564437162267878,
        0.16388581429809382,
        0.03585542276226109,
        0.006041395725158256
      ],
      [
        0.29356634705693746,
        0.32695855659199063,
        0.3151644188371302,
        0.056888969610199513,
        0.007421707903742229
      ],
      [
        0.28068032610911536,
        0.40996740285223915,
        0.2193926452073871,
        0.08270787297634637,
        0.007251752854912
      ],
      [
        0.2101986284985827,
        0.6130736803210639,
        0.13299148755963894,
        0.037982471774970904,
        0.005753731845743493
      ],
      [
        0.2040380460279215,
        0.42312267904724055,
        0.2892236286877454,
        0.07666837320704589,
        0.006947273030046563
      ],
      [
        0.22509618007880505,
        0.28931817157493556,
        0.43349168851289493,
        0.04513282863803219,
        0.006961131195332299
      ],
      [
        0.26734886070659636,
        0.1671348205764315,
        0.5094907986989013,
        0.049259369715628075,
        0.006766150302442715
      ],
      [
        0.2593566194146255,
        0.432359801872337,
        0.25633637348283805,
        0.045088132916853305,
        0.006859072313346101
      ],
      [
        0.22558904961344206,
        0.4697537349248012,
        0.2609772786523756,
        0.037127970986172855,
        0.006551965823208458
      ],
      [
        0.30807237917499486,
        0.35350466359907545,
        0.2538733901651583,
        0.0773222300617759,
        0.0072273369989955365
      ],
      [
        0.21940400880322064,
        0.3713514376706822,
        0.36552318919740184,
        0.036758103614092305,
        0.006963260714603159
      ],
      [
        0.2136991504933558,
        0.5634763018853954,
        0.16955345466323607,
        0.04734272233443772,
        0.005928370623575047
      ],
      [
        0.29494688132774305,
        0.17239028355447955,
        0.4739022131489874,
        0.051789074084393295,
        0.006971547884396709
      ],
      [
        0.24957259310105825,
        0.26667420072317166,
        0.42751395384732876,
        0.04912522088732333,
        0.007114031441117935
      ],
      [
        0.2629193735546053,
        0.46728697700847777,
        0.21881429864661334,
        0.044412499261261354,
        0.006566851529042196
      ],
      [
        0.2692169030166715,
        0.25088924583579514,
        0.4225689755210108,
        0.050169113899754605,
        0.007155761726767856
      ],
      [
        0.23944473972691796,
        0.2418994319975598,
        0.44887821845015113,
        0.06255084470881521,
        0.00722676511655587
      ],
      [
        0.2623561001287913,
        0.3530323708292992,
        0.3433271234508724,
        0.03438121938164807,
        0.00690318620938914
      ],
      [
        0.25888573330499726,
        0.20405744811006082,
        0.48563541426765794,
        0.04420586914138242,
        0.007215535175901688
      ],
      [
        0.26906090189655524,
        0.28404307629118214,
        0.38372644534646955,
        0.05599555866294383,
        0.007174017802849153
      ],
      [
        0.2969529509236376,
        0.27114891458136087,
        0.3828215022520935,
        0.042102476553120625,
        0.00697415568978731
      ],
      [
        0.20023765986262762,
        0.4430131450030749,
        0.30399464768094364,
        0.04613460988493812,
        0.006619937568415533
      ],
      [
        0.25482293263580297,
        0.549409673004979,
        0.1612196483262375,
        0.02851759128113918,
        0.0060301547518411495
      ],
      [
        0.19256749648375548,
        0.24151905276579666,
        0.5103352166898002,
        0.04888781792352636,
        0.006690416137121239
      ],
      [
        0.3922410420349724,
        0.29568472462372986,
        0.2618193527773446,
        0.04319962876921105,
        0.007055251794742
      ],
      [
        0.29893946233938856,
        0.35060728071032093,
        0.30013323777177076,
        0.04319698582090707,
        0.007123033357612702
      ],
      [
        0.25360309901030403,
        0.3098370973977759,
        0.37873084207767577,
        0.050770019884337596,
        0.007058941629906771
      ],
      [
        0.24243875825545327,
        0.16834651506831744,
        0.543761064484276,
        0.0387089086493135,
        0.006744753542639854
      ],
      [
        0.2542024267155887,
        0.5214824581900258,
        0.18808706219513305,
        0.029857981308731827,
        0.00637007159052047
      ],
      [
        0.23545745302938753,
        0.39489877348923563,
        0.2901350400372269,
        0.07237385161247915,
        0.007134881831670959
      ],
      [
        0.2815071462349663,
        0.4260761701513651,
        0.25533886101991127,
        0.030380160246023073,
        0.006697662347734354
      ],
      [
        0.17130760140360976,
        0.43419528539982255,
        0.3496612351940812,
        0.037852186817847716,
        0.006983691184638925
      ],
      [
        0.26444704161871724,
        0.43462023491580387,
        0.23698204446293558,
        0.05726931404602546,
        0.006681364956517901
      ],
      [
        0.3171325152599609,
        0.2995436874869193,
        0.33400879827720814,
        0.04191508586862225,
        0.007399913107289565
      ],
      [
        0.26701699845078736,
        0.30707033647910936,
        0.3700145269367939,
        0.048923002654725066,
        0.006975135478584492
      ],
      [
        0.22369038795809368,
        0.21710517755679887,
        0.499004705526011,
        0.053260749809387435,
        0.00693897914970899
      ],
      [
        0.23606845748858757,
        0.19893995522502947,
        0.5052485715444166,
        0.05296451531210525,
        0.006778500429861135
      ],
      [
        0.3672554302115467,
        0.24587099464836923,
        0.33976020975223753,
        0.03993284537299327,
        0.007180520014853323
      ],
      [
        0.2809807138618006,
        0.18816180654922357,
        0.46922120518530863,
        0.05472779140127985,
        0.0069084830023873195
      ],
      [
        0.3109689493554263,
        0.30146643526785505,
        0.3439950728796833,
        0.03639871658460741,
        0.007170825912427941
      ]
    ],
    "predictions": [
      1,
      2,
      1,
      1,
      2,
      2,
      2,
      2,
      1,
      2,
      1,
      2,
      2,
      2,
      2,
      2,
      1,
      2,
      2,
      2,
      1,
      1,
      1,
      2,
      0,
      1,
      1,
      2,
      2,
      1,
      2,
      1,
      1,
      2,
      2,
      1,
      1,
      1,
      2,
      2,
      2,
      2,
      1,
      2,
      1,
      2,
      2,
      2,
      2,
      1,
      2,
      1,
      1,
      1,
      1,
      1,
      2,
      2,
      2,
      1,
      2,
      1,
      1,
      1,
      1,
      1,
      1,
      1,
      1,
      1,
      2,
      2,
      1,
      1,
      1,
      1,
      1,
      2,
      2,
      1,
      2,
      2,
      1,
      2,
      2,
      2,
      1,
      1,
      2,
      0,
      1,
      2,
      2,
      1,
      1,
      1,
      1,
      1,
      2,
      2,
      2,
      2,
      0,
      2,
      2
    ],
    "true_labels": [
      1,
      4,
      1,
      4,
      4,
      1,
      2,
      2,
      4,
      2,
      0,
      2,
      2,
      2,
      1,
      1,
      2,
      2,
      0,
      0,
      1,
      0,
      1,
      0,
      0,
      1,
      1,
      2,
      1,
      3,
      2,
      0,
      1,
      2,
      2,
      4,
      1,
      0,
      3,
      1,
      0,
      3,
      2,
      1,
      1,
      0,
      0,
      0,
      2,
      0,
      2,
      3,
      1,
      4,
      0,
      0,
      1,
      2,
      4,
      1,
      1,
      1,
      0,
      0,
      1,
      1,
      2,
      0,
      0,
      0,
      3,
      4,
      1,
      4,
      0,
      1,
      1,
      0,
      1,
      0,
      0,
      1,
      2,
      1,
      0,
      2,
      2,
      1,
      2,
      0,
      1,
      0,
      2,
      0,
      3,
      1,
      1,
      0,
      1,
      0,
      4,
      1,
      0,
      2,
      1
    ],
    "patient_ids": [
      "A1K2P5",
      "A2H5K9",
      "A2L1N6",
      "A3H5R1",
      "A3P9V7",
      "A4A8V9",
      "A4K8R4",
      "A5D0G0",
      "A5H1Q2",
      "A5P5W0",
      "A5Q1W8",
      "A6A8H0",
      "A6B7Y4",
      "A6J0Y2",
      "A7E4J0",
      "A7F4G2",
      "B0L3Y2",
      "B1G9J3",
      "B2L0L2",
      "B3E2W8",
      "B3F0V9",
      "B3S2Z4",
      "B4E1K1",
      "B4S1Y2",
      "B5F8L9",
      "B5L5Y4",
      "B5T6V0",
      "B6I0T4",
      "B7F5P0",
      "B9H8N8",
      "C0L7V1",
      "C0N8P4",
      "C6U4W8",
      "C7L8Z8",
      "D1L6T4",
      "D3K5Q2",
      "D3Q0W9",
      "D6E9U8",
      "D9F5P1",
      "D9I8O7",
      "E0J2Z9",
      "E0J7L9",
      "E1L7M3",
      "E3L8U8",
      "E4I9O7",
      "E5J6L2",
      "E5S7W7",
      "E6H0V9",
      "E6J4N8",
      "E7L0N6",
      "E9V9Z2",
      "F0I6U8",
      "F0K4T6",
      "F5I1Z8",
      "G1J5K3",
      "G1K1V3",
      "G3M5S4",
      "G4I7V2",
      "G7N8R7",
      "G7S6V0",
      "G8K0M3",
      "G9N5V9",
      "H1N8S6",
      "H2M9S1",
      "H7K5U5",
      "H8K2K7",
      "I0I2J8",
      "I2J6Z6",
      "I4R8V6",
      "I5L3S2",
      "I6P4R0",
      "I6T4W8",
      "I8N8Y1",
      "I8Z0Z6",
      "J4J8Q3",
      "J9L4S2",
      "K6N4N7",
      "K7L2Y6",
      "K7N0R7",
      "L2V5Z0",
      "L5U7Y4",
      "L6T2T5",
      "L7Y7Z2",
      "L8N7Z0",
      "M2P5T8",
      "M4T4V6",
      "M6M9N1",
      "M6V2Y0",
      "N7P3T8",
      "N7W6Z8",
      "N9P5Z0",
      "N9Q4T8",
      "O4T6Y7",
      "O9V8W5",
      "P3P9S5",
      "P3R6Y5",
      "P8W4Z0",
      "Q1Q3T1",
      "Q3Q6R8",
      "Q4W5Z8",
      "Q5V8W3",
      "R3V5W7",
      "R6V5W3",
      "T2Z1Z9",
      "Y6Y9Z2"
    ]
  },
  "roc_auc": {
    "macro_auc": 0.6731129064012876,
    "per_class_auc": {
      "NOR": 0.6599825632083698,
      "DCM": 0.6379591836734694,
      "HCM": 0.7656415694591728,
      "ARV": 0.7946127946127945,
      "HHD": 0.5073684210526316
    }
  },
  "binary": {
    "accuracy": 0.7047619047619048,
    "f1": 0.8268156424581006,
    "sensitivity": 1.0,
    "specificity": 0.0,
    "roc_auc": 0.6599825632083697,
    "binary_labels": [
      1,
      1,
      1,
      1,
      1,
      1,
      1,
      1,
      1,
      1,
      0,
      1,
      1,
      1,
      1,
      1,
      1,
      1,
      0,
      0,
      1,
      0,
      1,
      0,
      0,
      1,
      1,
      1,
      1,
      1,
      1,
      0,
      1,
      1,
      1,
      1,
      1,
      0,
      1,
      1,
      0,
      1,
      1,
      1,
      1,
      0,
      0,
      0,
      1,
      0,
      1,
      1,
      1,
      1,
      0,
      0,
      1,
      1,
      1,
      1,
      1,
      1,
      0,
      0,
      1,
      1,
      1,
      0,
      0,
      0,
      1,
      1,
      1,
      1,
      0,
      1,
      1,
      0,
      1,
      0,
      0,
      1,
      1,
      1,
      0,
      1,
      1,
      1,
      1,
      0,
      1,
      0,
      1,
      0,
      1,
      1,
      1,
      0,
      1,
      0,
      1,
      1,
      0,
      1,
      1
    ],
    "binary_probs": [
      0.7292403975951695,
      0.7519859857444156,
      0.7619908456469155,
      0.6899985522089815,
      0.7554471193154089,
      0.7236836307572492,
      0.8214669300588348,
      0.7088593802762007,
      0.6760254182544361,
      0.7857916343197149,
      0.7488264387059065,
      0.7453057827786074,
      0.700857624215134,
      0.7845281611570154,
      0.7779411141302309,
      0.7570126323994193,
      0.7942697960854578,
      0.7116708343521236,
      0.8214880034950065,
      0.7560059652877034,
      0.7894918333766598,
      0.6840983690848388,
      0.7633652384391215,
      0.7188994771340771,
      0.6503689944539813,
      0.677223558818782,
      0.7615433379526098,
      0.7292596795484632,
      0.7688461662410307,
      0.7417372852354601,
      0.7406008600173708,
      0.7949650614403702,
      0.7542076753970397,
      0.7427945131274831,
      0.7508529791520382,
      0.7458926626212425,
      0.6524750720651279,
      0.6825080837722677,
      0.8684451016777979,
      0.77458342309068,
      0.7595003916465458,
      0.863530120145466,
      0.7495865848828571,
      0.7336504716487233,
      0.7503716847306436,
      0.7182780830550338,
      0.6827631700011711,
      0.730557074620778,
      0.765451780579141,
      0.7720822265947326,
      0.8126351501083641,
      0.741918414869033,
      0.7541149316212128,
      0.8023879164117321,
      0.7435328039907387,
      0.6977047074830299,
      0.7391915283548143,
      0.7877281416894923,
      0.7241767155367025,
      0.7237414105345064,
      0.7551594797735411,
      0.6921695098672682,
      0.661480214596295,
      0.7480582807287101,
      0.7311845639761998,
      0.762226349012301,
      0.7064336529430626,
      0.7193196738908847,
      0.7898013715014173,
      0.7959619539720785,
      0.774903819921195,
      0.7326511392934036,
      0.7406433805853745,
      0.7744109503865579,
      0.6919276208250051,
      0.7805959911967794,
      0.7863008495066441,
      0.705053118672257,
      0.7504274068989417,
      0.7370806264453946,
      0.7307830969833284,
      0.7605552602730821,
      0.7376438998712087,
      0.7411142666950028,
      0.7309390981034447,
      0.7030470490763624,
      0.7997623401373724,
      0.7451770673641971,
      0.8074325035162445,
      0.6077589579650275,
      0.7010605376606114,
      0.746396900989696,
      0.7575612417445468,
      0.7457975732844113,
      0.7645425469706124,
      0.7184928537650337,
      0.8286923985963902,
      0.7355529583812828,
      0.6828674847400391,
      0.7329830015492127,
      0.7763096120419063,
      0.7639315425114124,
      0.6327445697884533,
      0.7190192861381994,
      0.6890310506445737
    ]
  }
}
