{
  "config": {
    "dataset": "mnm",
    "backbone": "dinov3",
    "model_name": "dinov3_vit7b16",
    "eval_mode": "logreg",
    "freeze_backbone": true,
    "pooling": "cls",
    "embed_dim": 4096,
    "best_hyperparam": 5.62341338081751e-05,
    "hyperparam_name": "C",
    "num_classes": 5,
    "class_names": [
      "NOR",
      "DCM",
      "HCM",
      "ARV",
      "HHD"
    ]
  },
  "sweep_results": [
    {
      "param_value": 9.999999974752427e-07,
      "mean_cv_acc": 0.25806451612903225,
      "std_cv_acc": 0.0
    },
    {
      "param_value": 1.7782793975129607e-06,
      "mean_cv_acc": 0.2903225806451613,
      "std_cv_acc": 0.0
    },
    {
      "param_value": 3.1622776077711023e-06,
      "mean_cv_acc": 0.41935483870967744,
      "std_cv_acc": 0.0
    },
    {
      "param_value": 5.6234130170196295e-06,
      "mean_cv_acc": 0.45161290322580644,
      "std_cv_acc": 0.0
    },
    {
      "param_value": 9.999999747378752e-06,
      "mean_cv_acc": 0.45161290322580644,
      "std_cv_acc": 0.0
    },
    {
      "param_value": 1.778279329300858e-05,
      "mean_cv_acc": 0.4838709677419355,
      "std_cv_acc": 0.0
    },
    {
      "param_value": 3.162277789670043e-05,
      "mean_cv_acc": 0.5161290322580645,
      "std_cv_acc": 0.0
    },
    {
      "param_value": 5.62341338081751e-05,
      "mean_cv_acc": 0.5483870967741935,
      "std_cv_acc": 0.0
    },
    {
      "param_value": 9.999999747378752e-05,
      "mean_cv_acc": 0.5483870967741935,
      "std_cv_acc": 0.0
    },
    {
      "param_value": 0.00017782794020604342,
      "mean_cv_acc": 0.5161290322580645,
      "std_cv_acc": 0.0
    },
    {
      "param_value": 0.0003162277571391314,
      "mean_cv_acc": 0.4838709677419355,
      "std_cv_acc": 0.0
    },
    {
      "param_value": 0.000562341301701963,
      "mean_cv_acc": 0.4838709677419355,
      "std_cv_acc": 0.0
    },
    {
      "param_value": 0.0010000000474974513,
      "mean_cv_acc": 0.4838709677419355,
      "std_cv_acc": 0.0
    },
    {
      "param_value": 0.0017782794311642647,
      "mean_cv_acc": 0.4838709677419355,
      "std_cv_acc": 0.0
    },
    {
      "param_value": 0.003162277629598975,
      "mean_cv_acc": 0.4838709677419355,
      "std_cv_acc": 0.0
    },
    {
      "param_value": 0.005623413249850273,
      "mean_cv_acc": 0.4838709677419355,
      "std_cv_acc": 0.0
    },
    {
      "param_value": 0.009999999776482582,
      "mean_cv_acc": 0.4838709677419355,
      "std_cv_acc": 0.0
    },
    {
      "param_value": 0.017782794311642647,
      "mean_cv_acc": 0.4838709677419355,
      "std_cv_acc": 0.0
    },
    {
      "param_value": 0.03162277489900589,
      "mean_cv_acc": 0.4838709677419355,
      "std_cv_acc": 0.0
    },
    {
      "param_value": 0.05623413249850273,
      "mean_cv_acc": 0.4838709677419355,
      "std_cv_acc": 0.0
    },
    {
      "param_value": 0.10000000149011612,
      "mean_cv_acc": 0.4838709677419355,
      "std_cv_acc": 0.0
    },
    {
      "param_value": 0.17782793939113617,
      "mean_cv_acc": 0.4838709677419355,
      "std_cv_acc": 0.0
    },
    {
      "param_value": 0.3162277638912201,
      "mean_cv_acc": 0.4838709677419355,
      "std_cv_acc": 0.0
    },
    {
      "param_value": 0.5623413324356079,
      "mean_cv_acc": 0.4838709677419355,
      "std_cv_acc": 0.0
    },
    {
      "param_value": 1.0,
      "mean_cv_acc": 0.4838709677419355,
      "std_cv_acc": 0.0
    },
    {
      "param_value": 1.778279423713684,
      "mean_cv_acc": 0.4838709677419355,
      "std_cv_acc": 0.0
    },
    {
      "param_value": 3.1622776985168457,
      "mean_cv_acc": 0.4838709677419355,
      "std_cv_acc": 0.0
    },
    {
      "param_value": 5.6234130859375,
      "mean_cv_acc": 0.5161290322580645,
      "std_cv_acc": 0.0
    },
    {
      "param_value": 10.0,
      "mean_cv_acc": 0.5161290322580645,
      "std_cv_acc": 0.0
    },
    {
      "param_value": 17.782794952392578,
      "mean_cv_acc": 0.5161290322580645,
      "std_cv_acc": 0.0
    },
    {
      "param_value": 31.62277603149414,
      "mean_cv_acc": 0.5161290322580645,
      "std_cv_acc": 0.0
    },
    {
      "param_value": 56.234130859375,
      "mean_cv_acc": 0.5161290322580645,
      "std_cv_acc": 0.0
    },
    {
      "param_value": 100.0,
      "mean_cv_acc": 0.5161290322580645,
      "std_cv_acc": 0.0
    },
    {
      "param_value": 177.82794189453125,
      "mean_cv_acc": 0.5161290322580645,
      "std_cv_acc": 0.0
    },
    {
      "param_value": 316.2277526855469,
      "mean_cv_acc": 0.5161290322580645,
      "std_cv_acc": 0.0
    },
    {
      "param_value": 562.34130859375,
      "mean_cv_acc": 0.5161290322580645,
      "std_cv_acc": 0.0
    },
    {
      "param_value": 1000.0,
      "mean_cv_acc": 0.5161290322580645,
      "std_cv_acc": 0.0
    },
    {
      "param_value": 1778.2794189453125,
      "mean_cv_acc": 0.5161290322580645,
      "std_cv_acc": 0.0
    },
    {
      "param_value": 3162.277587890625,
      "mean_cv_acc": 0.5161290322580645,
      "std_cv_acc": 0.0
    },
    {
      "param_value": 5623.4130859375,
      "mean_cv_acc": 0.5161290322580645,
      "std_cv_acc": 0.0
    },
    {
      "param_value": 10000.0,
      "mean_cv_acc": 0.5161290322580645,
      "std_cv_acc": 0.0
    },
    {
      "param_value": 17782.794921875,
      "mean_cv_acc": 0.5161290322580645,
      "std_cv_acc": 0.0
    },
    {
      "param_value": 31622.77734375,
      "mean_cv_acc": 0.5161290322580645,
      "std_cv_acc": 0.0
    },
    {
      "param_value": 56234.1328125,
      "mean_cv_acc": 0.5161290322580645,
      "std_cv_acc": 0.0
    },
    {
      "param_value": 100000.0,
      "mean_cv_acc": 0.5161290322580645,
      "std_cv_acc": 0.0
    }
  ],
  "five_way": {
    "accuracy": 0.41904761904761906,
    "macro_f1": 0.2284640035845436,
    "macro_sensitivity": 0.29464235624123425,
    "macro_specificity": 0.8359035690743009,
    "per_class_sensitivity": {
      "NOR": 0.06451612903225806,
      "DCM": 0.8,
      "HCM": 0.6086956521739131,
      "ARV": 0.0,
      "HHD": 0.0
    },
    "per_class_specificity": {
      "NOR": 0.9864864864864865,
      "DCM": 0.4857142857142857,
      "HCM": 0.7073170731707317,
      "ARV": 1.0,
      "HHD": 1.0
    },
    "confusion_matrix": [
      [
        2,
        20,
        9,
        0,
        0
      ],
      [
        1,
        28,
        6,
        0,
        0
      ],
      [
        0,
        9,
        14,
        0,
        0
      ],
      [
        0,
        3,
        3,
        0,
        0
      ],
      [
        0,
        4,
        6,
        0,
        0
      ]
    ],
    "classification_report": {
      "NOR": {
        "precision": 0.6666666666666666,
        "recall": 0.06451612903225806,
        "f1-score": 0.11764705882352941,
        "support": 31.0
      },
      "DCM": {
        "precision": 0.4375,
        "recall": 0.8,
        "f1-score": 0.5656565656565656,
        "support": 35.0
      },
      "HCM": {
        "precision": 0.3684210526315789,
        "recall": 0.6086956521739131,
        "f1-score": 0.45901639344262296,
        "support": 23.0
      },
      "ARV": {
        "precision": 0.0,
        "recall": 0.0,
        "f1-score": 0.0,
        "support": 6.0
      },
      "HHD": {
        "precision": 0.0,
        "recall": 0.0,
        "f1-score": 0.0,
        "support": 10.0
      },
      "accuracy": 0.41904761904761906,
      "macro avg": {
        "precision": 0.2945175438596491,
        "recall": 0.29464235624123425,
        "f1-score": 0.2284640035845436,
        "support": 105.0
      },
      "weighted avg": {
        "precision": 0.42336048454469505,
        "recall": 0.41904761904761906,
        "f1-score": 0.3238325301970432,
        "support": 105.0
      }
    },
    "probabilities": [
      [
        0.2944805408928001,
        0.4326954207514137,
        0.22968149048385483,
        0.036176263329931145,
        0.006966284542000211
      ],
      [
        0.2621838771634121,
        0.22909228436016577,
        0.47023728375026785,
        0.0310475148183626,
        0.007439039907791637
      ],
      [
        0.21795784387164296,
        0.4285591235399631,
        0.2543639734163271,
        0.09230221175830185,
        0.0068168474137647265
      ],
      [
        0.31584024756001466,
        0.3905100376803789,
        0.2581861075366303,
        0.028440442222537297,
        0.007023165000438982
      ],
      [
        0.25516319780751046,
        0.4106496065579095,
        0.28310531748364504,
        0.04430443605137304,
        0.00677744209956221
      ],
      [
        0.290722646503319,
        0.31926476808331156,
        0.3507130608715663,
        0.03174427498299392,
        0.007555249558809306
      ],
      [
        0.20798632954877744,
        0.2973137967371769,
        0.42790734571734435,
        0.05924483104053882,
        0.007547696956162486
      ],
      [
        0.2665678291241321,
        0.18008890941832928,
        0.5230035934546486,
        0.023412726730624996,
        0.006926941272265034
      ],
      [
        0.3492123227209217,
        0.25918563252010207,
        0.35574963716631147,
        0.02832630611956696,
        0.007526101473097912
      ],
      [
        0.24685428250130642,
        0.31432902652371214,
        0.38847285152179545,
        0.04295043338575128,
        0.0073934060674347825
      ],
      [
        0.3232885246061665,
        0.3585613839125772,
        0.27114305165123903,
        0.039749416591381447,
        0.007257623238635761
      ],
      [
        0.2627625334214214,
        0.37422991368817576,
        0.2991232858183397,
        0.0563427359612717,
        0.0075415311107914825
      ],
      [
        0.3527292376846714,
        0.40623227012971963,
        0.15687547277342365,
        0.07758291236317655,
        0.006580107049008788
      ],
      [
        0.22777185896635843,
        0.23506629895663872,
        0.49637777380335435,
        0.03359427287395914,
        0.007189795399689405
      ],
      [
        0.1394275342939179,
        0.5959245081635531,
        0.2058518573482261,
        0.05259730214723298,
        0.0061987980470698135
      ],
      [
        0.26993366934617075,
        0.38221035042486395,
        0.29490742414514437,
        0.04573558216959297,
        0.00721297391422787
      ],
      [
        0.25148830789997956,
        0.4838199789940253,
        0.2193879509276518,
        0.0383709558772116,
        0.0069328063011318995
      ],
      [
        0.28099493831842104,
        0.21080765076239674,
        0.47176762015997376,
        0.029496874040537597,
        0.006932916718670787
      ],
      [
        0.2668533491003117,
        0.29313294292320397,
        0.3995681134779836,
        0.032901589970863544,
        0.007544004527637228
      ],
      [
        0.2202812397691633,
        0.38837193723817726,
        0.32617456480011875,
        0.0581761516191415,
        0.006996106573399238
      ],
      [
        0.22291129746470523,
        0.2960986224100264,
        0.40919718737818084,
        0.06498857617607859,
        0.006804316571008981
      ],
      [
        0.3203945076138509,
        0.33490789395294285,
        0.3012384560449657,
        0.03571151217912857,
        0.0077476302091119735
      ],
      [
        0.3037201284409094,
        0.4654948689067171,
        0.19910813795497798,
        0.024827296132533802,
        0.006849568564861716
      ],
      [
        0.28565533239090973,
        0.24820997680653464,
        0.4315454779676605,
        0.027078093163307622,
        0.007511119671587472
      ],
      [
        0.39691919109455975,
        0.2547864046369384,
        0.26574581918430845,
        0.07516342154091034,
        0.0073851635432830055
      ],
      [
        0.25255234036557245,
        0.5827094492002348,
        0.13348424762010377,
        0.025413692566468447,
        0.0058402702476205185
      ],
      [
        0.24629622120352576,
        0.444359902962587,
        0.2711452158139245,
        0.030842453510068337,
        0.007356206509894488
      ],
      [
        0.24410546868222593,
        0.4968365328032095,
        0.1794187920104721,
        0.07279913069885073,
        0.006840075805241805
      ],
      [
        0.2739041048614313,
        0.4320713036390649,
        0.24530407102010574,
        0.04131367699063549,
        0.007406843488762625
      ],
      [
        0.19180773229751827,
        0.5633174201696519,
        0.1546921754687289,
        0.08432770114646002,
        0.0058549709176409495
      ],
      [
        0.2715171664419854,
        0.31434424637487757,
        0.36756687065337396,
        0.03921022838800063,
        0.007361488141762438
      ],
      [
        0.23335112019559182,
        0.4984843618312618,
        0.23486888736909806,
        0.02651949318961015,
        0.006776137414438131
      ],
      [
        0.3064183957536006,
        0.5202323910441625,
        0.10080330312112512,
        0.06721556435917082,
        0.005330345721941003
      ],
      [
        0.30887613356216054,
        0.23144591810436324,
        0.4248742527248213,
        0.026996230792371123,
        0.007807464816283691
      ],
      [
        0.2675047460787407,
        0.2936050384626809,
        0.38605634517636445,
        0.04533249019517276,
        0.007501380087041279
      ],
      [
        0.2813009671292973,
        0.3138151627869578,
        0.35359677083989993,
        0.044066044780610346,
        0.0072210544632345715
      ],
      [
        0.3232937017838109,
        0.4139674732463339,
        0.23005100530860162,
        0.025834734601814482,
        0.006853085059439201
      ],
      [
        0.35082690332091726,
        0.39334957759481076,
        0.21922741217424174,
        0.029498453950514578,
        0.007097652959515617
      ],
      [
        0.0797613142841555,
        0.16388415813386056,
        0.6797170322748747,
        0.07162961448766904,
        0.005007880819440165
      ],
      [
        0.26712961723643375,
        0.3208570407026901,
        0.37271291163972575,
        0.03180259096223038,
        0.007497839458919871
      ],
      [
        0.2735620250675082,
        0.3001147684984644,
        0.37850532625764727,
        0.0403451748545408,
        0.007472705321839356
      ],
      [
        0.11863849050777776,
        0.3088296073078935,
        0.49803750157410925,
        0.06794416308885887,
        0.006550237521360544
      ],
      [
        0.25803142981959437,
        0.4826181553761626,
        0.21575196132504276,
        0.036655084435148595,
        0.006943369044051668
      ],
      [
        0.2833897480996437,
        0.39923505516495345,
        0.27330218350504876,
        0.03646990123831914,
        0.007603111992034866
      ],
      [
        0.335558451023728,
        0.36327797534691014,
        0.26349030436867144,
        0.030542060474933498,
        0.007131208785757195
      ],
      [
        0.316257483000404,
        0.31290425319226284,
        0.32336196214666235,
        0.04016041840872589,
        0.007315883251944783
      ],
      [
        0.3004674454019849,
        0.1511924237404964,
        0.5159191670508778,
        0.0256320312782402,
        0.006788932528400802
      ],
      [
        0.28750398900541674,
        0.38386568983254465,
        0.27877155910384543,
        0.04286392193810113,
        0.0069948401200920106
      ],
      [
        0.28876233702114024,
        0.16884398358250421,
        0.5078421513257334,
        0.027146910839352563,
        0.0074046172312694815
      ],
      [
        0.22425634173352127,
        0.4714660014517162,
        0.26633988624442745,
        0.031033342667781908,
        0.006904427902553144
      ],
      [
        0.21671584784047992,
        0.42886917570661376,
        0.2980809651882401,
        0.0492165205951952,
        0.007117490669470925
      ],
      [
        0.24672868283436575,
        0.513765405300012,
        0.1977074473151855,
        0.03512962659784736,
        0.006668837952589446
      ],
      [
        0.2379421643055341,
        0.5006245311125078,
        0.18273098639046179,
        0.07229225963432159,
        0.006410058557174659
      ],
      [
        0.2366305305631548,
        0.36654478596026935,
        0.3630519058431321,
        0.026509118187353943,
        0.007263659446089856
      ],
      [
        0.28513203378110674,
        0.3960027941042001,
        0.2758165299720622,
        0.03582811647169545,
        0.007220525670935579
      ],
      [
        0.3080411395506942,
        0.35352019924676553,
        0.3025248926682536,
        0.028577429864846477,
        0.007336338669440242
      ],
      [
        0.22171850119361833,
        0.4369305933660033,
        0.3016196305572848,
        0.03269781318808552,
        0.007033461695008142
      ],
      [
        0.24234457678629917,
        0.44123544824521094,
        0.25443864395929244,
        0.05470355152307887,
        0.007277779486118374
      ],
      [
        0.30260480404207374,
        0.1603930699026391,
        0.503709742659552,
        0.026288641185481403,
        0.00700374221025357
      ],
      [
        0.2572893339380328,
        0.32216589224626735,
        0.28353656225912066,
        0.1298955491325628,
        0.007112662424016412
      ],
      [
        0.2741354023851331,
        0.3372993704801284,
        0.34431044297341146,
        0.03672080220569128,
        0.007533981955635815
      ],
      [
        0.2589515972431034,
        0.35272088323405604,
        0.2735528487903882,
        0.1074788786711876,
        0.007295792061264776
      ],
      [
        0.30419992265119705,
        0.4803032032906024,
        0.14498697078346057,
        0.06418057385950225,
        0.006329329415237743
      ],
      [
        0.26711894311716156,
        0.5215200637944389,
        0.17380207186123664,
        0.03108137093094374,
        0.006477550296219233
      ],
      [
        0.2213533446088365,
        0.58420997276964,
        0.15957215854870582,
        0.02841863164843219,
        0.0064458924243853515
      ],
      [
        0.20304275185856716,
        0.6243319988770776,
        0.14118204659593744,
        0.025469517448883375,
        0.005973685219534412
      ],
      [
        0.30282115374221713,
        0.26953966917677225,
        0.3678992789943176,
        0.051876697780544566,
        0.007863200306148375
      ],
      [
        0.3048886689353544,
        0.4557842744686242,
        0.14730745959267705,
        0.08531954826913218,
        0.006700048734212165
      ],
      [
        0.2524758482944346,
        0.5306514180137256,
        0.17053447013990744,
        0.03979994561036685,
        0.00653831794156554
      ],
      [
        0.20614633515498415,
        0.5637386910822667,
        0.14993630643425043,
        0.07399738348069483,
        0.006181283847803894
      ],
      [
        0.271739316638834,
        0.40174085299320045,
        0.2761812750159053,
        0.0433868364392423,
        0.006951718912817924
      ],
      [
        0.31449052661696403,
        0.23540131423343327,
        0.4002747982764926,
        0.042205798041439146,
        0.00762756283167085
      ],
      [
        0.2786762103317585,
        0.40343674387637235,
        0.27514962588620534,
        0.03547903203471478,
        0.007258387870949226
      ],
      [
        0.2173749377021607,
        0.43864375011547346,
        0.31026655269557696,
        0.026888746709705598,
        0.006826012777083251
      ],
      [
        0.29298382317879623,
        0.3767509735274549,
        0.24167941890666073,
        0.08146564820921738,
        0.007120136177870829
      ],
      [
        0.22730220167381118,
        0.4973827586323763,
        0.24054568064510426,
        0.02776647477569492,
        0.007002884273013141
      ],
      [
        0.256084830803719,
        0.500805591437304,
        0.18658243871648697,
        0.04961983719715041,
        0.006907301845339649
      ],
      [
        0.32335941740872426,
        0.1487372041816591,
        0.4890130086433926,
        0.03208131938988309,
        0.0068090503763409424
      ],
      [
        0.2632325126142541,
        0.36292532958090407,
        0.33048897150582607,
        0.03614322489852346,
        0.007209961400492528
      ],
      [
        0.25607634452728895,
        0.47103193247190644,
        0.2278962511206476,
        0.038267377637749296,
        0.0067280942424078555
      ],
      [
        0.28390714878470774,
        0.3126573929685775,
        0.34821042806518293,
        0.0477672455422955,
        0.007457784639236438
      ],
      [
        0.2743499353206011,
        0.34130153458354007,
        0.32068145821634164,
        0.05614906674068165,
        0.007518005138835519
      ],
      [
        0.2812050121155732,
        0.29551580509407593,
        0.38235051500373435,
        0.033119683571914874,
        0.007808984214701638
      ],
      [
        0.24100308686089347,
        0.4177598891374429,
        0.30146107741150147,
        0.03222016194336764,
        0.007555784646794611
      ],
      [
        0.2993930767673304,
        0.38239045007910505,
        0.26490376970201296,
        0.04611419271761275,
        0.007198510733938893
      ],
      [
        0.35929903586330825,
        0.20143809129010182,
        0.3993068601718367,
        0.032685499729668964,
        0.00727051294508428
      ],
      [
        0.22031892935858602,
        0.41752358422854846,
        0.3203344356970698,
        0.0345124881098547,
        0.007310562605940984
      ],
      [
        0.23386609618272275,
        0.5500203335422756,
        0.1834429939029536,
        0.025926102837176147,
        0.006744473534871853
      ],
      [
        0.24341778437816294,
        0.28634900470638774,
        0.41811305539934474,
        0.044844360049177454,
        0.007275795466927256
      ],
      [
        0.3810064311398362,
        0.35062962516285856,
        0.22618281129165424,
        0.03505919482400685,
        0.007121937581644046
      ],
      [
        0.34780288304286694,
        0.28190805548518566,
        0.3278376224848798,
        0.0350315241350805,
        0.007419914851987028
      ],
      [
        0.24209219103216062,
        0.3811400639577979,
        0.32143936949730406,
        0.04814803677874422,
        0.007180338733993065
      ],
      [
        0.2730262679473531,
        0.19879563331137565,
        0.4930919059815281,
        0.027814455242175053,
        0.007271737517568272
      ],
      [
        0.3238507453729392,
        0.4122319470203535,
        0.22836879370849905,
        0.02836081140605573,
        0.0071877024921525355
      ],
      [
        0.2659191022283463,
        0.31034610731337353,
        0.35539200019043854,
        0.06058597560682914,
        0.00775681466101258
      ],
      [
        0.26198902066027036,
        0.49328567165165477,
        0.21236532156619767,
        0.025716941624354454,
        0.006643044497522838
      ],
      [
        0.2159645544545404,
        0.4666271872193423,
        0.28062996101561616,
        0.029437663339465046,
        0.00734063397103597
      ],
      [
        0.30982831160068813,
        0.36994121834398896,
        0.27141423109212043,
        0.04158824583830835,
        0.007227993124894208
      ],
      [
        0.2608796003907665,
        0.47771474266857455,
        0.22110843459402255,
        0.03316864298559691,
        0.007128579361039539
      ],
      [
        0.2845950414237941,
        0.3174656497706348,
        0.34691336747685025,
        0.04356788586604232,
        0.007458055462678409
      ],
      [
        0.24182234522673668,
        0.3497824470059766,
        0.360486273827643,
        0.040468330817318106,
        0.007440603122325502
      ],
      [
        0.25801749634392696,
        0.32532006126116736,
        0.36578397461390455,
        0.04349139624898029,
        0.007387071532020722
      ],
      [
        0.3421592383155273,
        0.22357326678591952,
        0.39886790698810476,
        0.02797653172927135,
        0.0074230561811771505
      ],
      [
        0.3163138862011614,
        0.3703653514291911,
        0.26481547645804226,
        0.041136282561444054,
        0.007369003350161157
      ],
      [
        0.2943539712757791,
        0.32221485265352084,
        0.34650510688855674,
        0.029454448275733264,
        0.007471620906410076
      ]
    ],
    "predictions": [
      1,
      2,
      1,
      1,
      1,
      2,
      2,
      2,
      2,
      2,
      1,
      1,
      1,
      2,
      1,
      1,
      1,
      2,
      2,
      1,
      2,
      1,
      1,
      2,
      0,
      1,
      1,
      1,
      1,
      1,
      2,
      1,
      1,
      2,
      2,
      2,
      1,
      1,
      2,
      2,
      2,
      2,
      1,
      1,
      1,
      2,
      2,
      1,
      2,
      1,
      1,
      1,
      1,
      1,
      1,
      1,
      1,
      1,
      2,
      1,
      2,
      1,
      1,
      1,
      1,
      1,
      2,
      1,
      1,
      1,
      1,
      2,
      1,
      1,
      1,
      1,
      1,
      2,
      1,
      1,
      2,
      1,
      2,
      1,
      1,
      2,
      1,
      1,
      2,
      0,
      0,
      1,
      2,
      1,
      2,
      1,
      1,
      1,
      1,
      2,
      2,
      2,
      2,
      1,
      2
    ],
    "true_labels": [
      1,
      4,
      1,
      4,
      4,
      1,
      2,
      2,
      4,
      2,
      0,
      2,
      2,
      2,
      1,
      1,
      2,
      2,
      0,
      0,
      1,
      0,
      1,
      0,
      0,
      1,
      1,
      2,
      1,
      3,
      2,
      0,
      1,
      2,
      2,
      4,
      1,
      0,
      3,
      1,
      0,
      3,
      2,
      1,
      1,
      0,
      0,
      0,
      2,
      0,
      2,
      3,
      1,
      4,
      0,
      0,
      1,
      2,
      4,
      1,
      1,
      1,
      0,
      0,
      1,
      1,
      2,
      0,
      0,
      0,
      3,
      4,
      1,
      4,
      0,
      1,
      1,
      0,
      1,
      0,
      0,
      1,
      2,
      1,
      0,
      2,
      2,
      1,
      2,
      0,
      1,
      0,
      2,
      0,
      3,
      1,
      1,
      0,
      1,
      0,
      4,
      1,
      0,
      2,
      1
    ],
    "patient_ids": [
      "A1K2P5",
      "A2H5K9",
      "A2L1N6",
      "A3H5R1",
      "A3P9V7",
      "A4A8V9",
      "A4K8R4",
      "A5D0G0",
      "A5H1Q2",
      "A5P5W0",
      "A5Q1W8",
      "A6A8H0",
      "A6B7Y4",
      "A6J0Y2",
      "A7E4J0",
      "A7F4G2",
      "B0L3Y2",
      "B1G9J3",
      "B2L0L2",
      "B3E2W8",
      "B3F0V9",
      "B3S2Z4",
      "B4E1K1",
      "B4S1Y2",
      "B5F8L9",
      "B5L5Y4",
      "B5T6V0",
      "B6I0T4",
      "B7F5P0",
      "B9H8N8",
      "C0L7V1",
      "C0N8P4",
      "C6U4W8",
      "C7L8Z8",
      "D1L6T4",
      "D3K5Q2",
      "D3Q0W9",
      "D6E9U8",
      "D9F5P1",
      "D9I8O7",
      "E0J2Z9",
      "E0J7L9",
      "E1L7M3",
      "E3L8U8",
      "E4I9O7",
      "E5J6L2",
      "E5S7W7",
      "E6H0V9",
      "E6J4N8",
      "E7L0N6",
      "E9V9Z2",
      "F0I6U8",
      "F0K4T6",
      "F5I1Z8",
      "G1J5K3",
      "G1K1V3",
      "G3M5S4",
      "G4I7V2",
      "G7N8R7",
      "G7S6V0",
      "G8K0M3",
      "G9N5V9",
      "H1N8S6",
      "H2M9S1",
      "H7K5U5",
      "H8K2K7",
      "I0I2J8",
      "I2J6Z6",
      "I4R8V6",
      "I5L3S2",
      "I6P4R0",
      "I6T4W8",
      "I8N8Y1",
      "I8Z0Z6",
      "J4J8Q3",
      "J9L4S2",
      "K6N4N7",
      "K7L2Y6",
      "K7N0R7",
      "L2V5Z0",
      "L5U7Y4",
      "L6T2T5",
      "L7Y7Z2",
      "L8N7Z0",
      "M2P5T8",
      "M4T4V6",
      "M6M9N1",
      "M6V2Y0",
      "N7P3T8",
      "N7W6Z8",
      "N9P5Z0",
      "N9Q4T8",
      "O4T6Y7",
      "O9V8W5",
      "P3P9S5",
      "P3R6Y5",
      "P8W4Z0",
      "Q1Q3T1",
      "Q3Q6R8",
      "Q4W5Z8",
      "Q5V8W3",
      "R3V5W7",
      "R6V5W3",
      "T2Z1Z9",
      "Y6Y9Z2"
    ]
  },
  "roc_auc": {
    "macro_auc": 0.694760863160461,
    "per_class_auc": {
      "NOR": 0.6974716652136007,
      "DCM": 0.7130612244897958,
      "HCM": 0.689289501590668,
      "ARV": 0.7929292929292929,
      "HHD": 0.5810526315789474
    }
  },
  "binary": {
    "accuracy": 0.7047619047619048,
    "f1": 0.8268156424581006,
    "sensitivity": 1.0,
    "specificity": 0.0,
    "roc_auc": 0.6974716652136007,
    "binary_labels": [
      1,
      1,
      1,
      1,
      1,
      1,
      1,
      1,
      1,
      1,
      0,
      1,
      1,
      1,
      1,
      1,
      1,
      1,
      0,
      0,
      1,
      0,
      1,
      0,
      0,
      1,
      1,
      1,
      1,
      1,
      1,
      0,
      1,
      1,
      1,
      1,
      1,
      0,
      1,
      1,
      0,
      1,
      1,
      1,
      1,
      0,
      0,
      0,
      1,
      0,
      1,
      1,
      1,
      1,
      0,
      0,
      1,
      1,
      1,
      1,
      1,
      1,
      0,
      0,
      1,
      1,
      1,
      0,
      0,
      0,
      1,
      1,
      1,
      1,
      0,
      1,
      1,
      0,
      1,
      0,
      0,
      1,
      1,
      1,
      0,
      1,
      1,
      1,
      1,
      0,
      1,
      0,
      1,
      0,
      1,
      1,
      1,
      0,
      1,
      0,
      1,
      1,
      0,
      1,
      1
    ],
    "binary_probs": [
      0.7055194591071998,
      0.7378161228365878,
      0.782042156128357,
      0.6841597524399854,
      0.7448368021924896,
      0.709277353496681,
      0.7920136704512226,
      0.7334321708758679,
      0.6507876772790784,
      0.7531457174986935,
      0.6767114753938335,
      0.7372374665785786,
      0.6472707623153287,
      0.7722281410336416,
      0.860572465706082,
      0.7300663306538293,
      0.7485116921000204,
      0.719005061681579,
      0.7331466508996882,
      0.7797187602308366,
      0.7770887025352948,
      0.6796054923861491,
      0.6962798715590905,
      0.7143446676090903,
      0.6030808089054402,
      0.7474476596344275,
      0.7537037787964742,
      0.7558945313177741,
      0.7260958951385688,
      0.8081922677024818,
      0.7284828335580146,
      0.7666488798044082,
      0.6935816042463994,
      0.6911238664378394,
      0.7324952539212592,
      0.7186990328707027,
      0.6767062982161891,
      0.6491730966790827,
      0.9202386857158444,
      0.7328703827635663,
      0.7264379749324918,
      0.8813615094922223,
      0.7419685701804056,
      0.7166102519003563,
      0.6644415489762721,
      0.683742516999596,
      0.6995325545980151,
      0.7124960109945833,
      0.7112376629788597,
      0.7757436582664787,
      0.7832841521595201,
      0.7532713171656342,
      0.7620578356944658,
      0.7633694694368451,
      0.7148679662188933,
      0.6919588604493059,
      0.7782814988063816,
      0.7576554232137008,
      0.6973951959579263,
      0.7427106660619671,
      0.7258645976148669,
      0.7410484027568967,
      0.6958000773488029,
      0.7328810568828384,
      0.7786466553911635,
      0.7969572481414329,
      0.6971788462577828,
      0.6951113310646456,
      0.7475241517055654,
      0.7938536648450158,
      0.728260683361166,
      0.685509473383036,
      0.7213237896682415,
      0.7826250622978392,
      0.7070161768212038,
      0.7726977983261888,
      0.743915169196281,
      0.6766405825912758,
      0.7367674873857459,
      0.7439236554727111,
      0.7160928512152922,
      0.7256500646793989,
      0.7187949878844269,
      0.7589969131391066,
      0.7006069232326696,
      0.6407009641366918,
      0.779681070641414,
      0.7661339038172772,
      0.756582215621837,
      0.6189935688601638,
      0.652197116957133,
      0.7579078089678394,
      0.7269737320526469,
      0.6761492546270609,
      0.7340808977716538,
      0.7380109793397296,
      0.7840354455454596,
      0.6901716883993119,
      0.7391203996092335,
      0.7154049585762059,
      0.7581776547732633,
      0.741982503656073,
      0.6578407616844727,
      0.6836861137988386,
      0.7056460287242209
    ]
  }
}