{
  "config": {
    "dataset": "mnm",
    "backbone": "dinov3",
    "model_name": "dinov3_vits16",
    "eval_mode": "logreg",
    "pooling": "cls",
    "embed_dim": 384,
    "best_hyperparam": 0.0010000000474974513,
    "hyperparam_name": "C",
    "num_classes": 5,
    "class_names": [
      "NOR",
      "DCM",
      "HCM",
      "ARV",
      "HHD"
    ]
  },
  "sweep_results": [
    {
      "param_value": 9.999999974752427e-07,
      "mean_cv_acc": 0.25806451612903225,
      "std_cv_acc": 0.0
    },
    {
      "param_value": 1.7782793975129607e-06,
      "mean_cv_acc": 0.25806451612903225,
      "std_cv_acc": 0.0
    },
    {
      "param_value": 3.1622776077711023e-06,
      "mean_cv_acc": 0.25806451612903225,
      "std_cv_acc": 0.0
    },
    {
      "param_value": 5.6234130170196295e-06,
      "mean_cv_acc": 0.25806451612903225,
      "std_cv_acc": 0.0
    },
    {
      "param_value": 9.999999747378752e-06,
      "mean_cv_acc": 0.2903225806451613,
      "std_cv_acc": 0.0
    },
    {
      "param_value": 1.778279329300858e-05,
      "mean_cv_acc": 0.45161290322580644,
      "std_cv_acc": 0.0
    },
    {
      "param_value": 3.162277789670043e-05,
      "mean_cv_acc": 0.4838709677419355,
      "std_cv_acc": 0.0
    },
    {
      "param_value": 5.62341338081751e-05,
      "mean_cv_acc": 0.4838709677419355,
      "std_cv_acc": 0.0
    },
    {
      "param_value": 9.999999747378752e-05,
      "mean_cv_acc": 0.4838709677419355,
      "std_cv_acc": 0.0
    },
    {
      "param_value": 0.00017782794020604342,
      "mean_cv_acc": 0.4838709677419355,
      "std_cv_acc": 0.0
    },
    {
      "param_value": 0.0003162277571391314,
      "mean_cv_acc": 0.5161290322580645,
      "std_cv_acc": 0.0
    },
    {
      "param_value": 0.000562341301701963,
      "mean_cv_acc": 0.5161290322580645,
      "std_cv_acc": 0.0
    },
    {
      "param_value": 0.0010000000474974513,
      "mean_cv_acc": 0.5483870967741935,
      "std_cv_acc": 0.0
    },
    {
      "param_value": 0.0017782794311642647,
      "mean_cv_acc": 0.5161290322580645,
      "std_cv_acc": 0.0
    },
    {
      "param_value": 0.003162277629598975,
      "mean_cv_acc": 0.5161290322580645,
      "std_cv_acc": 0.0
    },
    {
      "param_value": 0.005623413249850273,
      "mean_cv_acc": 0.4838709677419355,
      "std_cv_acc": 0.0
    },
    {
      "param_value": 0.009999999776482582,
      "mean_cv_acc": 0.4838709677419355,
      "std_cv_acc": 0.0
    },
    {
      "param_value": 0.017782794311642647,
      "mean_cv_acc": 0.4838709677419355,
      "std_cv_acc": 0.0
    },
    {
      "param_value": 0.03162277489900589,
      "mean_cv_acc": 0.4838709677419355,
      "std_cv_acc": 0.0
    },
    {
      "param_value": 0.05623413249850273,
      "mean_cv_acc": 0.4838709677419355,
      "std_cv_acc": 0.0
    },
    {
      "param_value": 0.10000000149011612,
      "mean_cv_acc": 0.4838709677419355,
      "std_cv_acc": 0.0
    },
    {
      "param_value": 0.17782793939113617,
      "mean_cv_acc": 0.4838709677419355,
      "std_cv_acc": 0.0
    },
    {
      "param_value": 0.3162277638912201,
      "mean_cv_acc": 0.4838709677419355,
      "std_cv_acc": 0.0
    },
    {
      "param_value": 0.5623413324356079,
      "mean_cv_acc": 0.4838709677419355,
      "std_cv_acc": 0.0
    },
    {
      "param_value": 1.0,
      "mean_cv_acc": 0.4838709677419355,
      "std_cv_acc": 0.0
    },
    {
      "param_value": 1.778279423713684,
      "mean_cv_acc": 0.4838709677419355,
      "std_cv_acc": 0.0
    },
    {
      "param_value": 3.1622776985168457,
      "mean_cv_acc": 0.45161290322580644,
      "std_cv_acc": 0.0
    },
    {
      "param_value": 5.6234130859375,
      "mean_cv_acc": 0.45161290322580644,
      "std_cv_acc": 0.0
    },
    {
      "param_value": 10.0,
      "mean_cv_acc": 0.45161290322580644,
      "std_cv_acc": 0.0
    },
    {
      "param_value": 17.782794952392578,
      "mean_cv_acc": 0.45161290322580644,
      "std_cv_acc": 0.0
    },
    {
      "param_value": 31.62277603149414,
      "mean_cv_acc": 0.45161290322580644,
      "std_cv_acc": 0.0
    },
    {
      "param_value": 56.234130859375,
      "mean_cv_acc": 0.45161290322580644,
      "std_cv_acc": 0.0
    },
    {
      "param_value": 100.0,
      "mean_cv_acc": 0.45161290322580644,
      "std_cv_acc": 0.0
    },
    {
      "param_value": 177.82794189453125,
      "mean_cv_acc": 0.45161290322580644,
      "std_cv_acc": 0.0
    },
    {
      "param_value": 316.2277526855469,
      "mean_cv_acc": 0.45161290322580644,
      "std_cv_acc": 0.0
    },
    {
      "param_value": 562.34130859375,
      "mean_cv_acc": 0.45161290322580644,
      "std_cv_acc": 0.0
    },
    {
      "param_value": 1000.0,
      "mean_cv_acc": 0.45161290322580644,
      "std_cv_acc": 0.0
    },
    {
      "param_value": 1778.2794189453125,
      "mean_cv_acc": 0.45161290322580644,
      "std_cv_acc": 0.0
    },
    {
      "param_value": 3162.277587890625,
      "mean_cv_acc": 0.45161290322580644,
      "std_cv_acc": 0.0
    },
    {
      "param_value": 5623.4130859375,
      "mean_cv_acc": 0.45161290322580644,
      "std_cv_acc": 0.0
    },
    {
      "param_value": 10000.0,
      "mean_cv_acc": 0.45161290322580644,
      "std_cv_acc": 0.0
    },
    {
      "param_value": 17782.794921875,
      "mean_cv_acc": 0.45161290322580644,
      "std_cv_acc": 0.0
    },
    {
      "param_value": 31622.77734375,
      "mean_cv_acc": 0.45161290322580644,
      "std_cv_acc": 0.0
    },
    {
      "param_value": 56234.1328125,
      "mean_cv_acc": 0.45161290322580644,
      "std_cv_acc": 0.0
    },
    {
      "param_value": 100000.0,
      "mean_cv_acc": 0.45161290322580644,
      "std_cv_acc": 0.0
    }
  ],
  "five_way": {
    "accuracy": 0.44761904761904764,
    "macro_f1": 0.2810353490332096,
    "macro_sensitivity": 0.33111600881586856,
    "macro_specificity": 0.8471833505979849,
    "per_class_sensitivity": {
      "NOR": 0.25806451612903225,
      "DCM": 0.5714285714285714,
      "HCM": 0.8260869565217391,
      "ARV": 0.0,
      "HHD": 0.0
    },
    "per_class_specificity": {
      "NOR": 0.9324324324324325,
      "DCM": 0.6571428571428571,
      "HCM": 0.6463414634146342,
      "ARV": 1.0,
      "HHD": 1.0
    },
    "confusion_matrix": [
      [
        8,
        14,
        9,
        0,
        0
      ],
      [
        3,
        20,
        12,
        0,
        0
      ],
      [
        1,
        3,
        19,
        0,
        0
      ],
      [
        0,
        3,
        3,
        0,
        0
      ],
      [
        1,
        4,
        5,
        0,
        0
      ]
    ],
    "classification_report": {
      "NOR": {
        "precision": 0.6153846153846154,
        "recall": 0.25806451612903225,
        "f1-score": 0.36363636363636365,
        "support": 31.0
      },
      "DCM": {
        "precision": 0.45454545454545453,
        "recall": 0.5714285714285714,
        "f1-score": 0.5063291139240507,
        "support": 35.0
      },
      "HCM": {
        "precision": 0.3958333333333333,
        "recall": 0.8260869565217391,
        "f1-score": 0.5352112676056338,
        "support": 23.0
      },
      "ARV": {
        "precision": 0.0,
        "recall": 0.0,
        "f1-score": 0.0,
        "support": 6.0
      },
      "HHD": {
        "precision": 0.0,
        "recall": 0.0,
        "f1-score": 0.0,
        "support": 10.0
      },
      "accuracy": 0.44761904761904764,
      "macro avg": {
        "precision": 0.29315268065268063,
        "recall": 0.33111600881586856,
        "f1-score": 0.2810353490332096,
        "support": 105.0
      },
      "weighted avg": {
        "precision": 0.4199064824064824,
        "recall": 0.44761904761904764,
        "f1-score": 0.3933724325237964,
        "support": 105.0
      }
    },
    "probabilities": [
      [
        0.303990059086416,
        0.4865142692916724,
        0.1669153293889715,
        0.03558747879356738,
        0.0069928634393725195
      ],
      [
        0.24892548156703917,
        0.09943868648242042,
        0.6233400945413806,
        0.02012725947119107,
        0.008168477937968604
      ],
      [
        0.2335961707354547,
        0.48869970463478335,
        0.15282293924531948,
        0.11833384532179347,
        0.006547340062649145
      ],
      [
        0.3043709325187828,
        0.4737042831850768,
        0.19128900138809948,
        0.023798265357182102,
        0.006837517550858961
      ],
      [
        0.16738686885682846,
        0.4286705474694536,
        0.35996174477813647,
        0.037137471637658744,
        0.006843367257922824
      ],
      [
        0.294446299664159,
        0.26166505638412135,
        0.4097150254303225,
        0.02564978200981361,
        0.008523836511583364
      ],
      [
        0.1376253102904742,
        0.19608995921565156,
        0.599025384712929,
        0.0597754491907884,
        0.007483896590156738
      ],
      [
        0.2910449838679519,
        0.09998062890811996,
        0.5800661082577689,
        0.02085765337965309,
        0.008050625586506181
      ],
      [
        0.47911997155766106,
        0.26891855528866565,
        0.21719972059343412,
        0.02607133970064606,
        0.008690412859593216
      ],
      [
        0.21500789104078835,
        0.14826392565142366,
        0.582964251674353,
        0.04597204369072384,
        0.007791887942711114
      ],
      [
        0.39028999354706573,
        0.4198248937453953,
        0.15023394683536062,
        0.032479172752097704,
        0.007171993120080632
      ],
      [
        0.3292492970104289,
        0.13609766049441982,
        0.477298347896563,
        0.04888546769190977,
        0.008469226906678555
      ],
      [
        0.39473136249002966,
        0.2138599367411359,
        0.3355046497975186,
        0.04802419789174123,
        0.007879853079574698
      ],
      [
        0.19473341721866233,
        0.08055256140018682,
        0.6902635597837706,
        0.027302481760389376,
        0.007147979836990715
      ],
      [
        0.16578684882571382,
        0.38394047053231684,
        0.38586158687891536,
        0.056790164908485125,
        0.0076209288545687915
      ],
      [
        0.28179899331043146,
        0.2976065535987062,
        0.35052436856813246,
        0.061717598539096,
        0.008352485983633754
      ],
      [
        0.14464481081612152,
        0.48698735416975275,
        0.32740038121455056,
        0.03396143103435737,
        0.007006022765217743
      ],
      [
        0.29245199768569435,
        0.13117855868703632,
        0.5428526256698109,
        0.02514972791743406,
        0.008367090040024332
      ],
      [
        0.0988953817556743,
        0.16701302394776213,
        0.7045149404782485,
        0.023062763385075225,
        0.006513890433239756
      ],
      [
        0.2910824910462541,
        0.2841956774906833,
        0.3640119408707107,
        0.05273762270402528,
        0.007972267888326669
      ],
      [
        0.2208307886280357,
        0.3750958982723758,
        0.3225991393629573,
        0.07480609812529776,
        0.006668075611333363
      ],
      [
        0.37943735225572184,
        0.4547676958194218,
        0.12827216710954534,
        0.029871594776044803,
        0.007651190039266268
      ],
      [
        0.19899257495846848,
        0.7242367493562303,
        0.05849352900514423,
        0.01342669583040463,
        0.004850450849752228
      ],
      [
        0.3246135999702307,
        0.12828319366713806,
        0.5205538234758296,
        0.018006716412581003,
        0.008542666474220603
      ],
      [
        0.43772625084708117,
        0.20734914288239567,
        0.24303663589670443,
        0.10432572850390673,
        0.007562241869912226
      ],
      [
        0.29944385932501205,
        0.5495901385701566,
        0.12006727215509233,
        0.023861359385528386,
        0.007037370564210473
      ],
      [
        0.21119897999691786,
        0.5071118206255365,
        0.24318407042517873,
        0.030607654490805648,
        0.007897474461561383
      ],
      [
        0.3513341808423817,
        0.193285972829388,
        0.38688277944502186,
        0.05970420274685787,
        0.008792864136350739
      ],
      [
        0.2081147944323819,
        0.32592524234286013,
        0.42647999814774284,
        0.031591857988674935,
        0.007888107088340115
      ],
      [
        0.2068109827733546,
        0.5119099311331389,
        0.16423812107678265,
        0.11072227943858153,
        0.006318685578142311
      ],
      [
        0.28315369543553026,
        0.17206381584508157,
        0.49539898296181206,
        0.041384403207320286,
        0.007999102550255963
      ],
      [
        0.162229916460401,
        0.5817016917113972,
        0.22920057923522652,
        0.02057457923241501,
        0.006293233360560233
      ],
      [
        0.254055565019328,
        0.5883850554524396,
        0.10357843881382689,
        0.048827407413304096,
        0.005153533301101282
      ],
      [
        0.2653995333289976,
        0.15962897598669354,
        0.5425094221888593,
        0.023424010817770884,
        0.009038057677678651
      ],
      [
        0.2682356117366748,
        0.08677874328224025,
        0.5970488393172272,
        0.04050975373052721,
        0.007427051933330474
      ],
      [
        0.2437113631058746,
        0.28833742926001277,
        0.37979481524761605,
        0.08010573701023511,
        0.008050655376261527
      ],
      [
        0.3469458904804327,
        0.45689933276126377,
        0.1700520001502476,
        0.019035765905518844,
        0.007067010702537063
      ],
      [
        0.3704034376567765,
        0.48090229553781,
        0.11527290822012791,
        0.02594486688143189,
        0.007476491703853631
      ],
      [
        0.0835441274293589,
        0.18533441307985588,
        0.6283954181300203,
        0.09661092857163867,
        0.006115112789126255
      ],
      [
        0.21240286584108345,
        0.3608881049038455,
        0.3916867122400057,
        0.026718121469132317,
        0.008304195545933075
      ],
      [
        0.27451877575360045,
        0.2504906050188485,
        0.4248642313847574,
        0.04162686797332805,
        0.008499519869465597
      ],
      [
        0.08499844959964593,
        0.17565697806782996,
        0.626341152294132,
        0.10658452079325086,
        0.006418899245141378
      ],
      [
        0.3404135792464246,
        0.4842331156414063,
        0.12531334052292165,
        0.04321797855715577,
        0.0068219860320919085
      ],
      [
        0.2510673501467766,
        0.274037039252403,
        0.4264968448528307,
        0.03947476695589349,
        0.008923998792096259
      ],
      [
        0.1848570853254267,
        0.5245543997601991,
        0.26645738215456355,
        0.016911812500719825,
        0.007219320259090758
      ],
      [
        0.328221770021054,
        0.22222677370939758,
        0.3941818674166618,
        0.04690840502519244,
        0.00846118382769412
      ],
      [
        0.35939069778162264,
        0.08005747482948125,
        0.5262425251959629,
        0.026313672208007757,
        0.007995629984925357
      ],
      [
        0.332481210309422,
        0.3107214267578091,
        0.29388681112135107,
        0.05524634558646123,
        0.007664206224956635
      ],
      [
        0.1633600611736675,
        0.06787349586473475,
        0.7425386671206327,
        0.01959576073987513,
        0.0066320151010901135
      ],
      [
        0.1644621859951126,
        0.3526196361229246,
        0.43884014333915095,
        0.03618510424032547,
        0.007892930302486443
      ],
      [
        0.10522954828751555,
        0.3316924773324445,
        0.48715413470920604,
        0.06914207066692178,
        0.006781769003912313
      ],
      [
        0.206968998349039,
        0.5511646839041319,
        0.1950400070904619,
        0.03959928070124649,
        0.007227029955120827
      ],
      [
        0.27077705130872876,
        0.44424901317928195,
        0.1569281331694969,
        0.12136183000609672,
        0.006683972336395798
      ],
      [
        0.1306147226400515,
        0.5332141701856055,
        0.3072336636199306,
        0.022203611772316993,
        0.006733831782095505
      ],
      [
        0.32171110558357835,
        0.4490112943975664,
        0.19513362848216975,
        0.026540252663876603,
        0.007603718872809143
      ],
      [
        0.3624121713174925,
        0.3873052604978219,
        0.21811324330527798,
        0.024341311213521576,
        0.007828013665886181
      ],
      [
        0.2639154887093524,
        0.3390547895790949,
        0.3593750724159205,
        0.028945570387433048,
        0.00870907890819935
      ],
      [
        0.2475202028237531,
        0.2514366746171532,
        0.442177169994273,
        0.05024228364922614,
        0.008623668915594518
      ],
      [
        0.24339825156477102,
        0.11627264442414377,
        0.6073348512523761,
        0.025181746516762117,
        0.0078125062419471
      ],
      [
        0.38190881179903347,
        0.3368026942303638,
        0.13591957284889142,
        0.1387207384422083,
        0.006648182679502952
      ],
      [
        0.31794222083657714,
        0.28044936971871937,
        0.34657212761758105,
        0.04575357025393506,
        0.009282711573187262
      ],
      [
        0.378704205001806,
        0.287268836366221,
        0.21180417017720027,
        0.11506516609095177,
        0.007157622363820962
      ],
      [
        0.36663505991508716,
        0.4582561019799535,
        0.09067658392890866,
        0.07910227595749089,
        0.005329978218559851
      ],
      [
        0.22755301928994562,
        0.6279958933326127,
        0.10702135334882643,
        0.03165547466562058,
        0.0057742593629945835
      ],
      [
        0.29183860154878916,
        0.5341625467086086,
        0.14484648306853973,
        0.0219153681660853,
        0.007237000507977318
      ],
      [
        0.21475737191474703,
        0.6489360236427514,
        0.10580603675323462,
        0.024496782917558062,
        0.006003784771708945
      ],
      [
        0.2922532806192838,
        0.18493404999205054,
        0.4497002360711398,
        0.06419648008203012,
        0.008915953235495771
      ],
      [
        0.35768789712854104,
        0.364942182184555,
        0.1357702161749125,
        0.13410742824080926,
        0.0074922762711821245
      ],
      [
        0.22340366712527412,
        0.6621483908742919,
        0.07703509535164735,
        0.031688149094122604,
        0.005724697554664031
      ],
      [
        0.17682722847221038,
        0.4996580596736494,
        0.22796069519991752,
        0.08873626485292792,
        0.006817751801294742
      ],
      [
        0.20678294987567794,
        0.326591805241257,
        0.42674954633997164,
        0.032098409955974884,
        0.007777288587118446
      ],
      [
        0.28876014751806145,
        0.056703954813697374,
        0.6110260898473753,
        0.03675896195434091,
        0.006750845866524938
      ],
      [
        0.32398705569276176,
        0.4563255274353812,
        0.17684897116237003,
        0.03534208913317835,
        0.007496356576308719
      ],
      [
        0.18882065236739576,
        0.5057860465256889,
        0.27676131584472524,
        0.0217299532797724,
        0.006902031982417679
      ],
      [
        0.3941007922266452,
        0.2533345174281278,
        0.23716110532532775,
        0.10771058084024002,
        0.007693004179659298
      ],
      [
        0.15593302205568713,
        0.5207384761819319,
        0.2938144508988877,
        0.022019445103231398,
        0.007494605760261871
      ],
      [
        0.17313578956937373,
        0.6834912673941811,
        0.0921846704700644,
        0.0459205942226844,
        0.005267678343696386
      ],
      [
        0.2949866073681613,
        0.06832599406888543,
        0.589309385140829,
        0.04020571655574759,
        0.007172296866376625
      ],
      [
        0.2644599432650074,
        0.2607550065896975,
        0.42481767957445565,
        0.041363247257066534,
        0.00860412331377293
      ],
      [
        0.25113392448167926,
        0.4594717223308925,
        0.2485349888607309,
        0.033932043456049346,
        0.006927320870647735
      ],
      [
        0.32116350728562737,
        0.24306882832642351,
        0.3773530256360987,
        0.04968432439882164,
        0.008730314353028885
      ],
      [
        0.3153040387631273,
        0.17210014758578115,
        0.4404541924452826,
        0.06344457634372815,
        0.008697044862080703
      ],
      [
        0.3134735251154734,
        0.3489432718968209,
        0.3061550936212318,
        0.022676813271449974,
        0.008751296095024043
      ],
      [
        0.1932280347887856,
        0.1758592726675261,
        0.58903619131394,
        0.03321405225400747,
        0.008662448975740701
      ],
      [
        0.39093071994907885,
        0.2950252221522042,
        0.2531053264684934,
        0.05259540502603957,
        0.008343326404183832
      ],
      [
        0.3234145076352389,
        0.2082500606881713,
        0.4284291244698602,
        0.03183030283200248,
        0.008076004374727023
      ],
      [
        0.12987451049136517,
        0.37145990468325346,
        0.4532587593172624,
        0.038590112700212495,
        0.006816712807906552
      ],
      [
        0.23846779201209403,
        0.6747798343635902,
        0.06694299514489524,
        0.01420306707429354,
        0.00560631140512702
      ],
      [
        0.17344972229627695,
        0.15024586115687516,
        0.6338639830112377,
        0.03554619641744392,
        0.006894237118166195
      ],
      [
        0.5388686512258353,
        0.21237773192232803,
        0.21147758645661602,
        0.029450523942056543,
        0.007825506453163976
      ],
      [
        0.26451290097708985,
        0.35318360711015223,
        0.34184901390605804,
        0.03215101044480519,
        0.008303467561894628
      ],
      [
        0.2949923229313191,
        0.378527913206141,
        0.2732611150969488,
        0.0450789724652056,
        0.008139676300385437
      ],
      [
        0.2164855248819924,
        0.07632944254171727,
        0.6778752577650402,
        0.022263646120430882,
        0.0070461286908192165
      ],
      [
        0.2747605841289175,
        0.6009118370685361,
        0.10098684733863492,
        0.016499573011825645,
        0.006841158452085713
      ],
      [
        0.2241909959192382,
        0.3655237611312817,
        0.28441221630112595,
        0.11740887309540127,
        0.008464153552952854
      ],
      [
        0.23579054417486875,
        0.5922192223747472,
        0.15209949388772234,
        0.013475088718365695,
        0.006415650844295954
      ],
      [
        0.12101711823977622,
        0.5569775271155969,
        0.2918844405578266,
        0.022020153992242088,
        0.008100760094558245
      ],
      [
        0.3465991781379101,
        0.3454771875350583,
        0.21986242453403385,
        0.08063433960351821,
        0.007426870189479547
      ],
      [
        0.32485980191267216,
        0.35125081207605047,
        0.28228372567130644,
        0.03218194429077073,
        0.009423716049200346
      ],
      [
        0.3500385604679504,
        0.27477665350102043,
        0.32475295682433514,
        0.04238881601008237,
        0.008043013196611748
      ],
      [
        0.1353682958435932,
        0.11677736408211718,
        0.7049162050311996,
        0.036526036465639615,
        0.006412098577450375
      ],
      [
        0.26801463006816423,
        0.16604518284948616,
        0.5100885825897429,
        0.04799781993626591,
        0.007853784556340815
      ],
      [
        0.5270385531825921,
        0.19001524732529138,
        0.2491583699571787,
        0.025642293767351738,
        0.008145535767586075
      ],
      [
        0.33384944648339265,
        0.12899123517518374,
        0.4807061585820257,
        0.04867965804100531,
        0.007773501718392694
      ],
      [
        0.3502679681300732,
        0.3090259136323126,
        0.3077631522714989,
        0.023970029314980074,
        0.008972936651135145
      ]
    ],
    "predictions": [
      1,
      2,
      1,
      1,
      1,
      2,
      2,
      2,
      0,
      2,
      1,
      2,
      0,
      2,
      2,
      2,
      1,
      2,
      2,
      2,
      1,
      1,
      1,
      2,
      0,
      1,
      1,
      2,
      2,
      1,
      2,
      1,
      1,
      2,
      2,
      2,
      1,
      1,
      2,
      2,
      2,
      2,
      1,
      2,
      1,
      2,
      2,
      0,
      2,
      2,
      2,
      1,
      1,
      1,
      1,
      1,
      2,
      2,
      2,
      0,
      2,
      0,
      1,
      1,
      1,
      1,
      2,
      1,
      1,
      1,
      2,
      2,
      1,
      1,
      0,
      1,
      1,
      2,
      2,
      1,
      2,
      2,
      1,
      2,
      0,
      2,
      2,
      1,
      2,
      0,
      1,
      1,
      2,
      1,
      1,
      1,
      1,
      0,
      1,
      0,
      2,
      2,
      0,
      2,
      0
    ],
    "true_labels": [
      1,
      4,
      1,
      4,
      4,
      1,
      2,
      2,
      4,
      2,
      0,
      2,
      2,
      2,
      1,
      1,
      2,
      2,
      0,
      0,
      1,
      0,
      1,
      0,
      0,
      1,
      1,
      2,
      1,
      3,
      2,
      0,
      1,
      2,
      2,
      4,
      1,
      0,
      3,
      1,
      0,
      3,
      2,
      1,
      1,
      0,
      0,
      0,
      2,
      0,
      2,
      3,
      1,
      4,
      0,
      0,
      1,
      2,
      4,
      1,
      1,
      1,
      0,
      0,
      1,
      1,
      2,
      0,
      0,
      0,
      3,
      4,
      1,
      4,
      0,
      1,
      1,
      0,
      1,
      0,
      0,
      1,
      2,
      1,
      0,
      2,
      2,
      1,
      2,
      0,
      1,
      0,
      2,
      0,
      3,
      1,
      1,
      0,
      1,
      0,
      4,
      1,
      0,
      2,
      1
    ],
    "patient_ids": [
      "A1K2P5",
      "A2H5K9",
      "A2L1N6",
      "A3H5R1",
      "A3P9V7",
      "A4A8V9",
      "A4K8R4",
      "A5D0G0",
      "A5H1Q2",
      "A5P5W0",
      "A5Q1W8",
      "A6A8H0",
      "A6B7Y4",
      "A6J0Y2",
      "A7E4J0",
      "A7F4G2",
      "B0L3Y2",
      "B1G9J3",
      "B2L0L2",
      "B3E2W8",
      "B3F0V9",
      "B3S2Z4",
      "B4E1K1",
      "B4S1Y2",
      "B5F8L9",
      "B5L5Y4",
      "B5T6V0",
      "B6I0T4",
      "B7F5P0",
      "B9H8N8",
      "C0L7V1",
      "C0N8P4",
      "C6U4W8",
      "C7L8Z8",
      "D1L6T4",
      "D3K5Q2",
      "D3Q0W9",
      "D6E9U8",
      "D9F5P1",
      "D9I8O7",
      "E0J2Z9",
      "E0J7L9",
      "E1L7M3",
      "E3L8U8",
      "E4I9O7",
      "E5J6L2",
      "E5S7W7",
      "E6H0V9",
      "E6J4N8",
      "E7L0N6",
      "E9V9Z2",
      "F0I6U8",
      "F0K4T6",
      "F5I1Z8",
      "G1J5K3",
      "G1K1V3",
      "G3M5S4",
      "G4I7V2",
      "G7N8R7",
      "G7S6V0",
      "G8K0M3",
      "G9N5V9",
      "H1N8S6",
      "H2M9S1",
      "H7K5U5",
      "H8K2K7",
      "I0I2J8",
      "I2J6Z6",
      "I4R8V6",
      "I5L3S2",
      "I6P4R0",
      "I6T4W8",
      "I8N8Y1",
      "I8Z0Z6",
      "J4J8Q3",
      "J9L4S2",
      "K6N4N7",
      "K7L2Y6",
      "K7N0R7",
      "L2V5Z0",
      "L5U7Y4",
      "L6T2T5",
      "L7Y7Z2",
      "L8N7Z0",
      "M2P5T8",
      "M4T4V6",
      "M6M9N1",
      "M6V2Y0",
      "N7P3T8",
      "N7W6Z8",
      "N9P5Z0",
      "N9Q4T8",
      "O4T6Y7",
      "O9V8W5",
      "P3P9S5",
      "P3R6Y5",
      "P8W4Z0",
      "Q1Q3T1",
      "Q3Q6R8",
      "Q4W5Z8",
      "Q5V8W3",
      "R3V5W7",
      "R6V5W3",
      "T2Z1Z9",
      "Y6Y9Z2"
    ]
  },
  "roc_auc": {
    "macro_auc": 0.6990688601716236,
    "per_class_auc": {
      "NOR": 0.7410636442894507,
      "DCM": 0.7212244897959184,
      "HCM": 0.8176033934252386,
      "ARV": 0.7996632996632996,
      "HHD": 0.41578947368421054
    }
  },
  "binary": {
    "accuracy": 0.7238095238095238,
    "f1": 0.8361581920903954,
    "sensitivity": 1.0,
    "specificity": 0.06451612903225806,
    "roc_auc": 0.7410636442894507,
    "binary_labels": [
      1,
      1,
      1,
      1,
      1,
      1,
      1,
      1,
      1,
      1,
      0,
      1,
      1,
      1,
      1,
      1,
      1,
      1,
      0,
      0,
      1,
      0,
      1,
      0,
      0,
      1,
      1,
      1,
      1,
      1,
      1,
      0,
      1,
      1,
      1,
      1,
      1,
      0,
      1,
      1,
      0,
      1,
      1,
      1,
      1,
      0,
      0,
      0,
      1,
      0,
      1,
      1,
      1,
      1,
      0,
      0,
      1,
      1,
      1,
      1,
      1,
      1,
      0,
      0,
      1,
      1,
      1,
      0,
      0,
      0,
      1,
      1,
      1,
      1,
      0,
      1,
      1,
      0,
      1,
      0,
      0,
      1,
      1,
      1,
      0,
      1,
      1,
      1,
      1,
      0,
      1,
      0,
      1,
      0,
      1,
      1,
      1,
      0,
      1,
      0,
      1,
      1,
      0,
      1,
      1
    ],
    "binary_probs": [
      0.696009940913584,
      0.7510745184329608,
      0.7664038292645453,
      0.6956290674812172,
      0.8326131311431715,
      0.705553700335841,
      0.8623746897095258,
      0.7089550161320481,
      0.5208800284423389,
      0.7849921089592117,
      0.6097100064529343,
      0.6707507029895712,
      0.6052686375099703,
      0.8052665827813377,
      0.8342131511742862,
      0.7182010066895685,
      0.8553551891838784,
      0.7075480023143057,
      0.9011046182443256,
      0.7089175089537458,
      0.7791692113719643,
      0.6205626477442782,
      0.8010074250415316,
      0.6753864000297694,
      0.5622737491529188,
      0.700556140674988,
      0.7888010200030822,
      0.6486658191576182,
      0.7918852055676181,
      0.7931890172266454,
      0.7168463045644697,
      0.837770083539599,
      0.745944434980672,
      0.7346004666710024,
      0.7317643882633251,
      0.7562886368941254,
      0.6530541095195673,
      0.6295965623432235,
      0.9164558725706411,
      0.7875971341589165,
      0.7254812242463995,
      0.915001550400354,
      0.6595864207535753,
      0.7489326498532234,
      0.8151429146745733,
      0.671778229978946,
      0.6406093022183774,
      0.667518789690578,
      0.8366399388263325,
      0.8355378140048875,
      0.8947704517124845,
      0.793031001650961,
      0.7292229486912712,
      0.8693852773599485,
      0.6782888944164216,
      0.6375878286825075,
      0.7360845112906476,
      0.7524797971762469,
      0.756601748435229,
      0.6180911882009665,
      0.6820577791634228,
      0.621295794998194,
      0.6333649400849128,
      0.7724469807100544,
      0.7081613984512108,
      0.7852426280852529,
      0.7077467193807162,
      0.6423121028714589,
      0.7765963328747258,
      0.8231727715277897,
      0.7932170501243221,
      0.7112398524819386,
      0.6760129443072382,
      0.8111793476326042,
      0.6058992077733548,
      0.8440669779443128,
      0.8268642104306263,
      0.7050133926318387,
      0.7355400567349926,
      0.7488660755183207,
      0.6788364927143726,
      0.6846959612368727,
      0.6865264748845266,
      0.8067719652112144,
      0.6090692800509212,
      0.6765854923647612,
      0.8701254895086348,
      0.761532207987906,
      0.826550277703723,
      0.46113134877416473,
      0.7354870990229101,
      0.7050076770686808,
      0.7835144751180076,
      0.7252394158710824,
      0.7758090040807618,
      0.7642094558251312,
      0.8789828817602238,
      0.6534008218620899,
      0.6751401980873278,
      0.6499614395320497,
      0.8646317041564068,
      0.7319853699318357,
      0.4729614468174079,
      0.6661505535166073,
      0.6497320318699268
    ]
  }
}