{
  "config": {
    "dataset": "mnm",
    "backbone": "sam",
    "model_name": "sam_vit_huge",
    "eval_mode": "logreg",
    "pooling": "gap",
    "embed_dim": 1280,
    "best_hyperparam": 0.0003162277571391314,
    "hyperparam_name": "C",
    "num_classes": 5,
    "class_names": [
      "NOR",
      "DCM",
      "HCM",
      "ARV",
      "HHD"
    ]
  },
  "sweep_results": [
    {
      "param_value": 9.999999974752427e-07,
      "mean_cv_acc": 0.25806451612903225,
      "std_cv_acc": 0.0
    },
    {
      "param_value": 1.7782793975129607e-06,
      "mean_cv_acc": 0.25806451612903225,
      "std_cv_acc": 0.0
    },
    {
      "param_value": 3.1622776077711023e-06,
      "mean_cv_acc": 0.3548387096774194,
      "std_cv_acc": 0.0
    },
    {
      "param_value": 5.6234130170196295e-06,
      "mean_cv_acc": 0.41935483870967744,
      "std_cv_acc": 0.0
    },
    {
      "param_value": 9.999999747378752e-06,
      "mean_cv_acc": 0.41935483870967744,
      "std_cv_acc": 0.0
    },
    {
      "param_value": 1.778279329300858e-05,
      "mean_cv_acc": 0.41935483870967744,
      "std_cv_acc": 0.0
    },
    {
      "param_value": 3.162277789670043e-05,
      "mean_cv_acc": 0.41935483870967744,
      "std_cv_acc": 0.0
    },
    {
      "param_value": 5.62341338081751e-05,
      "mean_cv_acc": 0.41935483870967744,
      "std_cv_acc": 0.0
    },
    {
      "param_value": 9.999999747378752e-05,
      "mean_cv_acc": 0.41935483870967744,
      "std_cv_acc": 0.0
    },
    {
      "param_value": 0.00017782794020604342,
      "mean_cv_acc": 0.45161290322580644,
      "std_cv_acc": 0.0
    },
    {
      "param_value": 0.0003162277571391314,
      "mean_cv_acc": 0.4838709677419355,
      "std_cv_acc": 0.0
    },
    {
      "param_value": 0.000562341301701963,
      "mean_cv_acc": 0.45161290322580644,
      "std_cv_acc": 0.0
    },
    {
      "param_value": 0.0010000000474974513,
      "mean_cv_acc": 0.45161290322580644,
      "std_cv_acc": 0.0
    },
    {
      "param_value": 0.0017782794311642647,
      "mean_cv_acc": 0.41935483870967744,
      "std_cv_acc": 0.0
    },
    {
      "param_value": 0.003162277629598975,
      "mean_cv_acc": 0.45161290322580644,
      "std_cv_acc": 0.0
    },
    {
      "param_value": 0.005623413249850273,
      "mean_cv_acc": 0.45161290322580644,
      "std_cv_acc": 0.0
    },
    {
      "param_value": 0.009999999776482582,
      "mean_cv_acc": 0.45161290322580644,
      "std_cv_acc": 0.0
    },
    {
      "param_value": 0.017782794311642647,
      "mean_cv_acc": 0.41935483870967744,
      "std_cv_acc": 0.0
    },
    {
      "param_value": 0.03162277489900589,
      "mean_cv_acc": 0.41935483870967744,
      "std_cv_acc": 0.0
    },
    {
      "param_value": 0.05623413249850273,
      "mean_cv_acc": 0.41935483870967744,
      "std_cv_acc": 0.0
    },
    {
      "param_value": 0.10000000149011612,
      "mean_cv_acc": 0.41935483870967744,
      "std_cv_acc": 0.0
    },
    {
      "param_value": 0.17782793939113617,
      "mean_cv_acc": 0.3870967741935484,
      "std_cv_acc": 0.0
    },
    {
      "param_value": 0.3162277638912201,
      "mean_cv_acc": 0.3870967741935484,
      "std_cv_acc": 0.0
    },
    {
      "param_value": 0.5623413324356079,
      "mean_cv_acc": 0.3870967741935484,
      "std_cv_acc": 0.0
    },
    {
      "param_value": 1.0,
      "mean_cv_acc": 0.3870967741935484,
      "std_cv_acc": 0.0
    },
    {
      "param_value": 1.778279423713684,
      "mean_cv_acc": 0.3870967741935484,
      "std_cv_acc": 0.0
    },
    {
      "param_value": 3.1622776985168457,
      "mean_cv_acc": 0.3870967741935484,
      "std_cv_acc": 0.0
    },
    {
      "param_value": 5.6234130859375,
      "mean_cv_acc": 0.3870967741935484,
      "std_cv_acc": 0.0
    },
    {
      "param_value": 10.0,
      "mean_cv_acc": 0.3870967741935484,
      "std_cv_acc": 0.0
    },
    {
      "param_value": 17.782794952392578,
      "mean_cv_acc": 0.3870967741935484,
      "std_cv_acc": 0.0
    },
    {
      "param_value": 31.62277603149414,
      "mean_cv_acc": 0.3870967741935484,
      "std_cv_acc": 0.0
    },
    {
      "param_value": 56.234130859375,
      "mean_cv_acc": 0.3870967741935484,
      "std_cv_acc": 0.0
    },
    {
      "param_value": 100.0,
      "mean_cv_acc": 0.3870967741935484,
      "std_cv_acc": 0.0
    },
    {
      "param_value": 177.82794189453125,
      "mean_cv_acc": 0.3870967741935484,
      "std_cv_acc": 0.0
    },
    {
      "param_value": 316.2277526855469,
      "mean_cv_acc": 0.3870967741935484,
      "std_cv_acc": 0.0
    },
    {
      "param_value": 562.34130859375,
      "mean_cv_acc": 0.3870967741935484,
      "std_cv_acc": 0.0
    },
    {
      "param_value": 1000.0,
      "mean_cv_acc": 0.3870967741935484,
      "std_cv_acc": 0.0
    },
    {
      "param_value": 1778.2794189453125,
      "mean_cv_acc": 0.3870967741935484,
      "std_cv_acc": 0.0
    },
    {
      "param_value": 3162.277587890625,
      "mean_cv_acc": 0.3870967741935484,
      "std_cv_acc": 0.0
    },
    {
      "param_value": 5623.4130859375,
      "mean_cv_acc": 0.3870967741935484,
      "std_cv_acc": 0.0
    },
    {
      "param_value": 10000.0,
      "mean_cv_acc": 0.3870967741935484,
      "std_cv_acc": 0.0
    },
    {
      "param_value": 17782.794921875,
      "mean_cv_acc": 0.3870967741935484,
      "std_cv_acc": 0.0
    },
    {
      "param_value": 31622.77734375,
      "mean_cv_acc": 0.3870967741935484,
      "std_cv_acc": 0.0
    },
    {
      "param_value": 56234.1328125,
      "mean_cv_acc": 0.3870967741935484,
      "std_cv_acc": 0.0
    },
    {
      "param_value": 100000.0,
      "mean_cv_acc": 0.3548387096774194,
      "std_cv_acc": 0.0
    }
  ],
  "five_way": {
    "accuracy": 0.4666666666666667,
    "macro_f1": 0.29736263736263735,
    "macro_sensitivity": 0.3358124624323783,
    "macro_specificity": 0.8524154816837743,
    "per_class_sensitivity": {
      "NOR": 0.3548387096774194,
      "DCM": 0.6285714285714286,
      "HCM": 0.6956521739130435,
      "ARV": 0.0,
      "HHD": 0.0
    },
    "per_class_specificity": {
      "NOR": 0.8648648648648649,
      "DCM": 0.7142857142857143,
      "HCM": 0.6829268292682927,
      "ARV": 1.0,
      "HHD": 1.0
    },
    "confusion_matrix": [
      [
        11,
        11,
        9,
        0,
        0
      ],
      [
        4,
        22,
        9,
        0,
        0
      ],
      [
        4,
        3,
        16,
        0,
        0
      ],
      [
        1,
        2,
        3,
        0,
        0
      ],
      [
        1,
        4,
        5,
        0,
        0
      ]
    ],
    "classification_report": {
      "NOR": {
        "precision": 0.5238095238095238,
        "recall": 0.3548387096774194,
        "f1-score": 0.4230769230769231,
        "support": 31.0
      },
      "DCM": {
        "precision": 0.5238095238095238,
        "recall": 0.6285714285714286,
        "f1-score": 0.5714285714285714,
        "support": 35.0
      },
      "HCM": {
        "precision": 0.38095238095238093,
        "recall": 0.6956521739130435,
        "f1-score": 0.49230769230769234,
        "support": 23.0
      },
      "ARV": {
        "precision": 0.0,
        "recall": 0.0,
        "f1-score": 0.0,
        "support": 6.0
      },
      "HHD": {
        "precision": 0.0,
        "recall": 0.0,
        "f1-score": 0.0,
        "support": 10.0
      },
      "accuracy": 0.4666666666666667,
      "macro avg": {
        "precision": 0.2857142857142857,
        "recall": 0.3358124624323783,
        "f1-score": 0.29736263736263735,
        "support": 105.0
      },
      "weighted avg": {
        "precision": 0.4126984126984127,
        "recall": 0.4666666666666667,
        "f1-score": 0.42322344322344324,
        "support": 105.0
      }
    },
    "probabilities": [
      [
        0.3945902977050537,
        0.29924949948194135,
        0.2651672489285908,
        0.031128375796100626,
        0.00986457808831334
      ],
      [
        0.24767049384898096,
        0.23095843901814855,
        0.4939700988846535,
        0.017876120237295297,
        0.009524848010921643
      ],
      [
        0.12058244080774955,
        0.6261379573892562,
        0.12477161185877084,
        0.12376079674602418,
        0.004747193198199375
      ],
      [
        0.29138941910103233,
        0.48527218026928615,
        0.18618754913541874,
        0.029435638154236485,
        0.007715213340026214
      ],
      [
        0.11306648398404835,
        0.6045770357897912,
        0.2226904045886986,
        0.05433088014962323,
        0.005335195487838679
      ],
      [
        0.29760777610507916,
        0.4448987064274274,
        0.22602143857331145,
        0.023196919396553023,
        0.008275159497628986
      ],
      [
        0.24477986998124268,
        0.08747356669112645,
        0.6095043029707597,
        0.05031360754224972,
        0.00792865281462135
      ],
      [
        0.2092719602874057,
        0.10830905698908981,
        0.6591969324744309,
        0.015475755589568667,
        0.007746294659504967
      ],
      [
        0.3157768620730669,
        0.3016465127202655,
        0.3412241078137886,
        0.03289035632533258,
        0.00846216106754661
      ],
      [
        0.15922151162137213,
        0.03372377037348824,
        0.783996716808357,
        0.018079234036925084,
        0.00497876715985756
      ],
      [
        0.36186548544152186,
        0.3442221338881851,
        0.2608423132408074,
        0.022193720341980843,
        0.010876347087504798
      ],
      [
        0.3443843082113113,
        0.07207190073116289,
        0.5561778888431091,
        0.019693581317558582,
        0.007672320896857943
      ],
      [
        0.550095278387142,
        0.06692299324639901,
        0.3485301831815932,
        0.02719499698272627,
        0.00725654820213958
      ],
      [
        0.09529810148837309,
        0.053566850166939066,
        0.8259844278727764,
        0.020071028132938956,
        0.005079592338972467
      ],
      [
        0.18950918976484837,
        0.3160620216333507,
        0.3893004290468922,
        0.09750803939394835,
        0.00762032016096027
      ],
      [
        0.3708400446348733,
        0.1699813570894527,
        0.42340451188240436,
        0.02615170094740994,
        0.009622385445859867
      ],
      [
        0.21244896806784272,
        0.48519682803249475,
        0.25159067930078954,
        0.04316959320127091,
        0.00759393139760188
      ],
      [
        0.34701272722812554,
        0.24961810308596855,
        0.3744441100332416,
        0.018501811172498935,
        0.010423248480165374
      ],
      [
        0.2833519175862495,
        0.14839036258827204,
        0.5337381720858718,
        0.02571730269724279,
        0.008802245042363805
      ],
      [
        0.40216428703287393,
        0.12306541505605928,
        0.43512434420712653,
        0.030794501491600387,
        0.008851452212339758
      ],
      [
        0.2024779472631081,
        0.49846673203642083,
        0.21861987151796128,
        0.07349985194688469,
        0.0069355972356251435
      ],
      [
        0.37034728309419657,
        0.4810593267348523,
        0.11384506779454781,
        0.026239077462143625,
        0.008509244914259733
      ],
      [
        0.2056601191946677,
        0.6785851290050736,
        0.09001761834620522,
        0.019466580655704363,
        0.006270552798349165
      ],
      [
        0.2703366566470713,
        0.19029481670933876,
        0.5109291324277622,
        0.019240257891108527,
        0.009199136324719215
      ],
      [
        0.3965953701899898,
        0.30994097115460145,
        0.18548175669829017,
        0.1014439476499584,
        0.006537954307160193
      ],
      [
        0.32291246910828514,
        0.512514559287196,
        0.13136167453160627,
        0.025929929912268994,
        0.007281367160643559
      ],
      [
        0.2650780173376506,
        0.42736802740951846,
        0.25792713832792624,
        0.04169440939060265,
        0.00793240753430196
      ],
      [
        0.3930322749100834,
        0.08315100623611602,
        0.4794675506595633,
        0.03659472012325256,
        0.007754448070984626
      ],
      [
        0.29638691923600874,
        0.4914778875658581,
        0.16393838079420428,
        0.0398056701761424,
        0.00839114222778645
      ],
      [
        0.3985973226688007,
        0.39867588951585786,
        0.11860524517569353,
        0.07789516280157495,
        0.006226379838072984
      ],
      [
        0.30186066318183297,
        0.10202511439588108,
        0.5645618638895933,
        0.024058163007048345,
        0.0074941955256443635
      ],
      [
        0.13985812590520563,
        0.6224218255554513,
        0.20517837603104053,
        0.025924659318278646,
        0.006617013190023902
      ],
      [
        0.1569954328267631,
        0.7378866929127742,
        0.05119365489519651,
        0.049800949721736106,
        0.004123269643530065
      ],
      [
        0.2555701140691628,
        0.21498722096440712,
        0.4943952509147005,
        0.026313174566383643,
        0.008734239485346114
      ],
      [
        0.3381943392001182,
        0.04713026611041802,
        0.5897924322343109,
        0.018403990418032784,
        0.006478972037120049
      ],
      [
        0.14433190813768815,
        0.3396214206054128,
        0.43256917153202146,
        0.07652976518938905,
        0.0069477345354888405
      ],
      [
        0.42630774593509085,
        0.40171182809508094,
        0.14459710340436005,
        0.02018824314581364,
        0.007195079419654429
      ],
      [
        0.33181671134338087,
        0.5431332959921693,
        0.09878813481150701,
        0.019143671080365715,
        0.007118186772577052
      ],
      [
        0.04347995761639679,
        0.10500629425582744,
        0.7678958974130945,
        0.08037704184804143,
        0.003240808866639791
      ],
      [
        0.32880044638402284,
        0.29003213838541025,
        0.34455879870282646,
        0.027826977485721917,
        0.008781639042018488
      ],
      [
        0.4001089991447015,
        0.11815058996937408,
        0.4509149242284792,
        0.022259279774096925,
        0.008566206883348299
      ],
      [
        0.09326159447604929,
        0.20930643715124872,
        0.6094136557317239,
        0.08228871215911862,
        0.005729600481859354
      ],
      [
        0.4626833741432738,
        0.31701973518698867,
        0.18376790035956425,
        0.027473056969674017,
        0.00905593334049913
      ],
      [
        0.27625781657689374,
        0.2776312850882557,
        0.38564866606953274,
        0.0521928055444304,
        0.008269426720887414
      ],
      [
        0.2801411600266397,
        0.4994316069679073,
        0.1884532298970712,
        0.02450989816221202,
        0.00746410494616972
      ],
      [
        0.5110863583055032,
        0.1160908274179908,
        0.3371919316141262,
        0.02813929731069153,
        0.007491585351688213
      ],
      [
        0.2502010365834893,
        0.17683627739176738,
        0.5406908580486971,
        0.023946102503000145,
        0.008325725473046221
      ],
      [
        0.31409494997343784,
        0.0558375496694944,
        0.5890371123167255,
        0.035514814792898614,
        0.005515573247443771
      ],
      [
        0.28258014600895864,
        0.08022288659303384,
        0.6114337823947757,
        0.018791275059279005,
        0.006971909943952694
      ],
      [
        0.18260992283539534,
        0.4554503483201038,
        0.32318791550015336,
        0.030648433928322835,
        0.008103379416024688
      ],
      [
        0.07674867473568946,
        0.5367545315339275,
        0.34274113571671877,
        0.03746999623558766,
        0.0062856617780766245
      ],
      [
        0.24230699273257789,
        0.5170806913445527,
        0.19057172038638392,
        0.0428006916350317,
        0.007239903901453842
      ],
      [
        0.16622605761886164,
        0.5363780684735974,
        0.18238087022279856,
        0.10911413439355835,
        0.005900869291184052
      ],
      [
        0.2253484012662931,
        0.5425849111807644,
        0.20843932083887382,
        0.014609206495706092,
        0.00901816021836269
      ],
      [
        0.4850469050518602,
        0.24218857091458496,
        0.2400529643016275,
        0.02308955670808765,
        0.009622003023839714
      ],
      [
        0.4219836715454625,
        0.3675332341093577,
        0.18010453519662548,
        0.022212199935116344,
        0.008166359213438253
      ],
      [
        0.2321509781989764,
        0.4725998344581862,
        0.2606379825479177,
        0.02539478916042898,
        0.009216415634490759
      ],
      [
        0.17998690269260917,
        0.07072630799281822,
        0.7067613548492082,
        0.03635664871224674,
        0.006168785753117536
      ],
      [
        0.3191404842146449,
        0.1890621354340536,
        0.4574393462335815,
        0.02488902669615343,
        0.009469007421566521
      ],
      [
        0.4039505686570444,
        0.4235970354861848,
        0.08016356241960258,
        0.08612470357771633,
        0.006164129859451924
      ],
      [
        0.3506954656712743,
        0.09789106499398531,
        0.5222176191693865,
        0.020466167721121746,
        0.008729682444232218
      ],
      [
        0.27009089769048605,
        0.49307749213178687,
        0.14599149916658913,
        0.08419223768552825,
        0.006647873325609652
      ],
      [
        0.4145158576306825,
        0.39904660241349305,
        0.09514071893441936,
        0.08554782756549688,
        0.005748993455908251
      ],
      [
        0.20269007225157812,
        0.7346251975778636,
        0.03536544927935913,
        0.023258341485608316,
        0.004060939405590752
      ],
      [
        0.26603659399526364,
        0.4493626622421324,
        0.24469799137185758,
        0.03185517314599723,
        0.008047579244749092
      ],
      [
        0.23250408539563025,
        0.6320150365253824,
        0.09943432521583791,
        0.029798302436855224,
        0.006248250426294206
      ],
      [
        0.3572363737907556,
        0.22373916082714804,
        0.3255972401747236,
        0.08538553563831797,
        0.008041689569054938
      ],
      [
        0.2749023400584742,
        0.49139384767829464,
        0.11877135193067419,
        0.10934357408448962,
        0.005588886248067238
      ],
      [
        0.2783356016135423,
        0.6677104046305937,
        0.029390085878479473,
        0.02015160140036543,
        0.004412306477019037
      ],
      [
        0.23795328836939633,
        0.5146135123356353,
        0.16856540357416933,
        0.07174897475243612,
        0.00711882096836299
      ],
      [
        0.38698356871671596,
        0.19979544841117194,
        0.36746854902490794,
        0.03775842595650487,
        0.007994007890699198
      ],
      [
        0.43447491018528617,
        0.12646529113142838,
        0.38115598366974734,
        0.049720222768646516,
        0.008183592244891633
      ],
      [
        0.4390378902903129,
        0.2953376747091293,
        0.23446733509631823,
        0.021321735774655452,
        0.009835364129584174
      ],
      [
        0.20642365435997065,
        0.5724663320418341,
        0.19086606768159,
        0.022647779818667276,
        0.00759616609793814
      ],
      [
        0.2345291120705419,
        0.42630869113143327,
        0.2333596507975729,
        0.09926303105236581,
        0.006539514948086007
      ],
      [
        0.23186326415650127,
        0.4954466686113798,
        0.2380610653116215,
        0.02691019799410636,
        0.0077188039263911415
      ],
      [
        0.31950482221643006,
        0.3909027954798877,
        0.25568434629824316,
        0.024986463758514727,
        0.00892157224692429
      ],
      [
        0.30809803681525694,
        0.11022432967504113,
        0.5378858506773565,
        0.036538697780048465,
        0.007253085052296906
      ],
      [
        0.31926768625606083,
        0.0972784357701959,
        0.5567632879022789,
        0.018094116294255218,
        0.008596473777209082
      ],
      [
        0.2480774766467169,
        0.5481640468350614,
        0.16358761413270761,
        0.03303687977730278,
        0.00713398260821137
      ],
      [
        0.3935271038399059,
        0.23354663197804482,
        0.3364286142408887,
        0.02713435330603095,
        0.009363296635129739
      ],
      [
        0.3669370109636049,
        0.08530783640474722,
        0.5099292022117189,
        0.030441783401467137,
        0.007384167018461831
      ],
      [
        0.29820646761204805,
        0.2852487594198477,
        0.37302219443337087,
        0.033684274077524494,
        0.009838304457208857
      ],
      [
        0.1675110998094114,
        0.23731226731475183,
        0.5575676477097262,
        0.029035611409304135,
        0.008573373756806514
      ],
      [
        0.4972135814358242,
        0.09928823831546603,
        0.3737231861126298,
        0.022130455940432642,
        0.007644538195647285
      ],
      [
        0.32289282012879894,
        0.2520731398015188,
        0.3728916831577181,
        0.04427591765202646,
        0.007866439259937739
      ],
      [
        0.1847052741817341,
        0.5224578146827079,
        0.23834002496870615,
        0.04655208314538437,
        0.007944803021467405
      ],
      [
        0.17857665755173752,
        0.7069358364126901,
        0.09404653096008131,
        0.013243834392996784,
        0.007197140682494213
      ],
      [
        0.2012406723340227,
        0.08716150402132261,
        0.6750061487665173,
        0.02978769789859438,
        0.006803976979543048
      ],
      [
        0.56074638515729,
        0.07932788709091307,
        0.33166761072022366,
        0.021126408403711792,
        0.007131708627861438
      ],
      [
        0.3793000665270751,
        0.36138240585087833,
        0.21997744633360172,
        0.03175969094923973,
        0.007580390339205234
      ],
      [
        0.26478642146316234,
        0.08565219685376563,
        0.616044214987321,
        0.025737249621960567,
        0.007779917073790495
      ],
      [
        0.26069922506643217,
        0.12600489398776693,
        0.5825049352884736,
        0.02309796259542025,
        0.007692983061907112
      ],
      [
        0.2730567531373792,
        0.6233727503313827,
        0.08543021150658892,
        0.011437998970854906,
        0.006702286053794343
      ],
      [
        0.3427763304997395,
        0.19585499863357228,
        0.40192648315958085,
        0.05198718917427016,
        0.00745499853283734
      ],
      [
        0.22746102141525085,
        0.5908156413281709,
        0.15715049144533094,
        0.017450268196607853,
        0.007122577614639587
      ],
      [
        0.19740734380487335,
        0.5540045606104552,
        0.21821698268935982,
        0.02224546290776886,
        0.00812564998754272
      ],
      [
        0.11842409797832834,
        0.3436606603247516,
        0.47856079807084057,
        0.052872668394067075,
        0.006481775232012416
      ],
      [
        0.2464494938336403,
        0.3706705005748585,
        0.349226748963274,
        0.02354068467137251,
        0.010112571956854742
      ],
      [
        0.48721403602761876,
        0.126401869096431,
        0.35225489080676226,
        0.025682876316372307,
        0.008446327752815608
      ],
      [
        0.2519710915063049,
        0.3006189920234772,
        0.39667035160421765,
        0.04199673084575528,
        0.008742834020244873
      ],
      [
        0.4107436254409094,
        0.10995316294198977,
        0.4406709480461578,
        0.030822093881277303,
        0.007810169689665647
      ],
      [
        0.4618176265453926,
        0.2728320358337799,
        0.23449533115309457,
        0.021917093671255404,
        0.00893791279647758
      ],
      [
        0.5104797137520659,
        0.06391342762494065,
        0.3853033390722254,
        0.03376648230716433,
        0.0065370372436036545
      ],
      [
        0.3203215800323079,
        0.3336262267133928,
        0.3125767404437924,
        0.02429475138370588,
        0.009180701426801
      ]
    ],
    "predictions": [
      0,
      2,
      1,
      1,
      1,
      1,
      2,
      2,
      2,
      2,
      0,
      2,
      0,
      2,
      2,
      2,
      1,
      2,
      2,
      2,
      1,
      1,
      1,
      2,
      0,
      1,
      1,
      2,
      1,
      1,
      2,
      1,
      1,
      2,
      2,
      2,
      0,
      1,
      2,
      2,
      2,
      2,
      0,
      2,
      1,
      0,
      2,
      2,
      2,
      1,
      1,
      1,
      1,
      1,
      0,
      0,
      1,
      2,
      2,
      1,
      2,
      1,
      0,
      1,
      1,
      1,
      0,
      1,
      1,
      1,
      0,
      0,
      0,
      1,
      1,
      1,
      1,
      2,
      2,
      1,
      0,
      2,
      2,
      2,
      0,
      2,
      1,
      1,
      2,
      0,
      0,
      2,
      2,
      1,
      2,
      1,
      1,
      2,
      1,
      0,
      2,
      2,
      0,
      0,
      1
    ],
    "true_labels": [
      1,
      4,
      1,
      4,
      4,
      1,
      2,
      2,
      4,
      2,
      0,
      2,
      2,
      2,
      1,
      1,
      2,
      2,
      0,
      0,
      1,
      0,
      1,
      0,
      0,
      1,
      1,
      2,
      1,
      3,
      2,
      0,
      1,
      2,
      2,
      4,
      1,
      0,
      3,
      1,
      0,
      3,
      2,
      1,
      1,
      0,
      0,
      0,
      2,
      0,
      2,
      3,
      1,
      4,
      0,
      0,
      1,
      2,
      4,
      1,
      1,
      1,
      0,
      0,
      1,
      1,
      2,
      0,
      0,
      0,
      3,
      4,
      1,
      4,
      0,
      1,
      1,
      0,
      1,
      0,
      0,
      1,
      2,
      1,
      0,
      2,
      2,
      1,
      2,
      0,
      1,
      0,
      2,
      0,
      3,
      1,
      1,
      0,
      1,
      0,
      4,
      1,
      0,
      2,
      1
    ],
    "patient_ids": [
      "A1K2P5",
      "A2H5K9",
      "A2L1N6",
      "A3H5R1",
      "A3P9V7",
      "A4A8V9",
      "A4K8R4",
      "A5D0G0",
      "A5H1Q2",
      "A5P5W0",
      "A5Q1W8",
      "A6A8H0",
      "A6B7Y4",
      "A6J0Y2",
      "A7E4J0",
      "A7F4G2",
      "B0L3Y2",
      "B1G9J3",
      "B2L0L2",
      "B3E2W8",
      "B3F0V9",
      "B3S2Z4",
      "B4E1K1",
      "B4S1Y2",
      "B5F8L9",
      "B5L5Y4",
      "B5T6V0",
      "B6I0T4",
      "B7F5P0",
      "B9H8N8",
      "C0L7V1",
      "C0N8P4",
      "C6U4W8",
      "C7L8Z8",
      "D1L6T4",
      "D3K5Q2",
      "D3Q0W9",
      "D6E9U8",
      "D9F5P1",
      "D9I8O7",
      "E0J2Z9",
      "E0J7L9",
      "E1L7M3",
      "E3L8U8",
      "E4I9O7",
      "E5J6L2",
      "E5S7W7",
      "E6H0V9",
      "E6J4N8",
      "E7L0N6",
      "E9V9Z2",
      "F0I6U8",
      "F0K4T6",
      "F5I1Z8",
      "G1J5K3",
      "G1K1V3",
      "G3M5S4",
      "G4I7V2",
      "G7N8R7",
      "G7S6V0",
      "G8K0M3",
      "G9N5V9",
      "H1N8S6",
      "H2M9S1",
      "H7K5U5",
      "H8K2K7",
      "I0I2J8",
      "I2J6Z6",
      "I4R8V6",
      "I5L3S2",
      "I6P4R0",
      "I6T4W8",
      "I8N8Y1",
      "I8Z0Z6",
      "J4J8Q3",
      "J9L4S2",
      "K6N4N7",
      "K7L2Y6",
      "K7N0R7",
      "L2V5Z0",
      "L5U7Y4",
      "L6T2T5",
      "L7Y7Z2",
      "L8N7Z0",
      "M2P5T8",
      "M4T4V6",
      "M6M9N1",
      "M6V2Y0",
      "N7P3T8",
      "N7W6Z8",
      "N9P5Z0",
      "N9Q4T8",
      "O4T6Y7",
      "O9V8W5",
      "P3P9S5",
      "P3R6Y5",
      "P8W4Z0",
      "Q1Q3T1",
      "Q3Q6R8",
      "Q4W5Z8",
      "Q5V8W3",
      "R3V5W7",
      "R6V5W3",
      "T2Z1Z9",
      "Y6Y9Z2"
    ]
  },
  "roc_auc": {
    "macro_auc": 0.7222306076461775,
    "per_class_auc": {
      "NOR": 0.6425457715780296,
      "DCM": 0.6951020408163265,
      "HCM": 0.7953340402969247,
      "ARV": 0.8434343434343434,
      "HHD": 0.6347368421052632
    }
  },
  "binary": {
    "accuracy": 0.7047619047619048,
    "f1": 0.8228571428571428,
    "sensitivity": 0.972972972972973,
    "specificity": 0.06451612903225806,
    "roc_auc": 0.6425457715780297,
    "binary_labels": [
      1,
      1,
      1,
      1,
      1,
      1,
      1,
      1,
      1,
      1,
      0,
      1,
      1,
      1,
      1,
      1,
      1,
      1,
      0,
      0,
      1,
      0,
      1,
      0,
      0,
      1,
      1,
      1,
      1,
      1,
      1,
      0,
      1,
      1,
      1,
      1,
      1,
      0,
      1,
      1,
      0,
      1,
      1,
      1,
      1,
      0,
      0,
      0,
      1,
      0,
      1,
      1,
      1,
      1,
      0,
      0,
      1,
      1,
      1,
      1,
      1,
      1,
      0,
      0,
      1,
      1,
      1,
      0,
      0,
      0,
      1,
      1,
      1,
      1,
      0,
      1,
      1,
      0,
      1,
      0,
      0,
      1,
      1,
      1,
      0,
      1,
      1,
      1,
      1,
      0,
      1,
      0,
      1,
      0,
      1,
      1,
      1,
      0,
      1,
      0,
      1,
      1,
      0,
      1,
      1
    ],
    "binary_probs": [
      0.6054097022949463,
      0.752329506151019,
      0.8794175591922504,
      0.7086105808989677,
      0.8869335160159516,
      0.7023922238949208,
      0.7552201300187573,
      0.7907280397125943,
      0.6842231379269331,
      0.8407784883786279,
      0.6381345145584781,
      0.6556156917886887,
      0.449904721612858,
      0.9047018985116269,
      0.8104908102351516,
      0.6291599553651267,
      0.7875510319321573,
      0.6529872727718744,
      0.7166480824137504,
      0.5978357129671261,
      0.7975220527368919,
      0.6296527169058035,
      0.7943398808053324,
      0.7296633433529287,
      0.6034046298100102,
      0.6770875308917148,
      0.7349219826623494,
      0.6069677250899166,
      0.7036130807639913,
      0.6014026773311993,
      0.698139336818167,
      0.8601418740947944,
      0.8430045671732369,
      0.7444298859308371,
      0.6618056607998818,
      0.8556680918623119,
      0.5736922540649092,
      0.6681832886566191,
      0.9565200423836032,
      0.6711995536159772,
      0.5998910008552985,
      0.9067384055239507,
      0.5373166258567261,
      0.7237421834231063,
      0.7198588399733603,
      0.4889136416944968,
      0.7497989634165108,
      0.6859050500265622,
      0.7174198539910414,
      0.8173900771646047,
      0.9232513252643105,
      0.7576930072674222,
      0.8337739423811383,
      0.7746515987337069,
      0.5149530949481398,
      0.5780163284545374,
      0.7678490218010237,
      0.8200130973073908,
      0.6808595157853551,
      0.5960494313429556,
      0.6493045343287257,
      0.7299091023095139,
      0.5854841423693176,
      0.7973099277484219,
      0.7339634060047364,
      0.7674959146043697,
      0.6427636262092444,
      0.7250976599415258,
      0.7216643983864577,
      0.7620467116306037,
      0.613016431283284,
      0.5655250898147138,
      0.5609621097096871,
      0.7935763456400293,
      0.765470887929458,
      0.7681367358434987,
      0.6804951777835699,
      0.6919019631847431,
      0.6807323137439392,
      0.7519225233532831,
      0.606472896160094,
      0.633062989036395,
      0.701793532387952,
      0.8324889001905886,
      0.5027864185641757,
      0.6771071798712011,
      0.8152947258182659,
      0.8214233424482624,
      0.7987593276659772,
      0.43925361484270997,
      0.6206999334729248,
      0.7352135785368377,
      0.7393007749335678,
      0.7269432468626208,
      0.6572236695002605,
      0.7725389785847492,
      0.8025926561951267,
      0.8815759020216717,
      0.7535505061663597,
      0.5127859639723813,
      0.7480289084936951,
      0.5892563745590906,
      0.5381823734546074,
      0.4895202862479341,
      0.6796784199676922
    ]
  }
}