{
  "config": {
    "dataset": "mnm",
    "backbone": "sam",
    "model_name": "sam_vit_base",
    "eval_mode": "logreg",
    "pooling": "gap",
    "embed_dim": 768,
    "best_hyperparam": 9.999999747378752e-05,
    "hyperparam_name": "C",
    "num_classes": 5,
    "class_names": [
      "NOR",
      "DCM",
      "HCM",
      "ARV",
      "HHD"
    ]
  },
  "sweep_results": [
    {
      "param_value": 9.999999974752427e-07,
      "mean_cv_acc": 0.25806451612903225,
      "std_cv_acc": 0.0
    },
    {
      "param_value": 1.7782793975129607e-06,
      "mean_cv_acc": 0.25806451612903225,
      "std_cv_acc": 0.0
    },
    {
      "param_value": 3.1622776077711023e-06,
      "mean_cv_acc": 0.25806451612903225,
      "std_cv_acc": 0.0
    },
    {
      "param_value": 5.6234130170196295e-06,
      "mean_cv_acc": 0.3225806451612903,
      "std_cv_acc": 0.0
    },
    {
      "param_value": 9.999999747378752e-06,
      "mean_cv_acc": 0.3870967741935484,
      "std_cv_acc": 0.0
    },
    {
      "param_value": 1.778279329300858e-05,
      "mean_cv_acc": 0.4838709677419355,
      "std_cv_acc": 0.0
    },
    {
      "param_value": 3.162277789670043e-05,
      "mean_cv_acc": 0.45161290322580644,
      "std_cv_acc": 0.0
    },
    {
      "param_value": 5.62341338081751e-05,
      "mean_cv_acc": 0.4838709677419355,
      "std_cv_acc": 0.0
    },
    {
      "param_value": 9.999999747378752e-05,
      "mean_cv_acc": 0.5161290322580645,
      "std_cv_acc": 0.0
    },
    {
      "param_value": 0.00017782794020604342,
      "mean_cv_acc": 0.5161290322580645,
      "std_cv_acc": 0.0
    },
    {
      "param_value": 0.0003162277571391314,
      "mean_cv_acc": 0.5161290322580645,
      "std_cv_acc": 0.0
    },
    {
      "param_value": 0.000562341301701963,
      "mean_cv_acc": 0.5161290322580645,
      "std_cv_acc": 0.0
    },
    {
      "param_value": 0.0010000000474974513,
      "mean_cv_acc": 0.5161290322580645,
      "std_cv_acc": 0.0
    },
    {
      "param_value": 0.0017782794311642647,
      "mean_cv_acc": 0.5161290322580645,
      "std_cv_acc": 0.0
    },
    {
      "param_value": 0.003162277629598975,
      "mean_cv_acc": 0.5161290322580645,
      "std_cv_acc": 0.0
    },
    {
      "param_value": 0.005623413249850273,
      "mean_cv_acc": 0.4838709677419355,
      "std_cv_acc": 0.0
    },
    {
      "param_value": 0.009999999776482582,
      "mean_cv_acc": 0.4838709677419355,
      "std_cv_acc": 0.0
    },
    {
      "param_value": 0.017782794311642647,
      "mean_cv_acc": 0.45161290322580644,
      "std_cv_acc": 0.0
    },
    {
      "param_value": 0.03162277489900589,
      "mean_cv_acc": 0.45161290322580644,
      "std_cv_acc": 0.0
    },
    {
      "param_value": 0.05623413249850273,
      "mean_cv_acc": 0.4838709677419355,
      "std_cv_acc": 0.0
    },
    {
      "param_value": 0.10000000149011612,
      "mean_cv_acc": 0.41935483870967744,
      "std_cv_acc": 0.0
    },
    {
      "param_value": 0.17782793939113617,
      "mean_cv_acc": 0.41935483870967744,
      "std_cv_acc": 0.0
    },
    {
      "param_value": 0.3162277638912201,
      "mean_cv_acc": 0.41935483870967744,
      "std_cv_acc": 0.0
    },
    {
      "param_value": 0.5623413324356079,
      "mean_cv_acc": 0.3870967741935484,
      "std_cv_acc": 0.0
    },
    {
      "param_value": 1.0,
      "mean_cv_acc": 0.3870967741935484,
      "std_cv_acc": 0.0
    },
    {
      "param_value": 1.778279423713684,
      "mean_cv_acc": 0.3870967741935484,
      "std_cv_acc": 0.0
    },
    {
      "param_value": 3.1622776985168457,
      "mean_cv_acc": 0.3870967741935484,
      "std_cv_acc": 0.0
    },
    {
      "param_value": 5.6234130859375,
      "mean_cv_acc": 0.3870967741935484,
      "std_cv_acc": 0.0
    },
    {
      "param_value": 10.0,
      "mean_cv_acc": 0.3870967741935484,
      "std_cv_acc": 0.0
    },
    {
      "param_value": 17.782794952392578,
      "mean_cv_acc": 0.3870967741935484,
      "std_cv_acc": 0.0
    },
    {
      "param_value": 31.62277603149414,
      "mean_cv_acc": 0.3870967741935484,
      "std_cv_acc": 0.0
    },
    {
      "param_value": 56.234130859375,
      "mean_cv_acc": 0.3870967741935484,
      "std_cv_acc": 0.0
    },
    {
      "param_value": 100.0,
      "mean_cv_acc": 0.3870967741935484,
      "std_cv_acc": 0.0
    },
    {
      "param_value": 177.82794189453125,
      "mean_cv_acc": 0.3870967741935484,
      "std_cv_acc": 0.0
    },
    {
      "param_value": 316.2277526855469,
      "mean_cv_acc": 0.3870967741935484,
      "std_cv_acc": 0.0
    },
    {
      "param_value": 562.34130859375,
      "mean_cv_acc": 0.3870967741935484,
      "std_cv_acc": 0.0
    },
    {
      "param_value": 1000.0,
      "mean_cv_acc": 0.3870967741935484,
      "std_cv_acc": 0.0
    },
    {
      "param_value": 1778.2794189453125,
      "mean_cv_acc": 0.3870967741935484,
      "std_cv_acc": 0.0
    },
    {
      "param_value": 3162.277587890625,
      "mean_cv_acc": 0.3870967741935484,
      "std_cv_acc": 0.0
    },
    {
      "param_value": 5623.4130859375,
      "mean_cv_acc": 0.3870967741935484,
      "std_cv_acc": 0.0
    },
    {
      "param_value": 10000.0,
      "mean_cv_acc": 0.3870967741935484,
      "std_cv_acc": 0.0
    },
    {
      "param_value": 17782.794921875,
      "mean_cv_acc": 0.3870967741935484,
      "std_cv_acc": 0.0
    },
    {
      "param_value": 31622.77734375,
      "mean_cv_acc": 0.3870967741935484,
      "std_cv_acc": 0.0
    },
    {
      "param_value": 56234.1328125,
      "mean_cv_acc": 0.3870967741935484,
      "std_cv_acc": 0.0
    },
    {
      "param_value": 100000.0,
      "mean_cv_acc": 0.3870967741935484,
      "std_cv_acc": 0.0
    }
  ],
  "five_way": {
    "accuracy": 0.38095238095238093,
    "macro_f1": 0.1997795622736577,
    "macro_sensitivity": 0.2822360248447205,
    "macro_specificity": 0.8281288256898012,
    "per_class_sensitivity": {
      "NOR": 0.0,
      "DCM": 0.6285714285714286,
      "HCM": 0.782608695652174,
      "ARV": 0.0,
      "HHD": 0.0
    },
    "per_class_specificity": {
      "NOR": 0.9594594594594594,
      "DCM": 0.5714285714285714,
      "HCM": 0.6097560975609756,
      "ARV": 1.0,
      "HHD": 1.0
    },
    "confusion_matrix": [
      [
        0,
        18,
        13,
        0,
        0
      ],
      [
        2,
        22,
        11,
        0,
        0
      ],
      [
        1,
        4,
        18,
        0,
        0
      ],
      [
        0,
        3,
        3,
        0,
        0
      ],
      [
        0,
        5,
        5,
        0,
        0
      ]
    ],
    "classification_report": {
      "NOR": {
        "precision": 0.0,
        "recall": 0.0,
        "f1-score": 0.0,
        "support": 31.0
      },
      "DCM": {
        "precision": 0.4230769230769231,
        "recall": 0.6285714285714286,
        "f1-score": 0.5057471264367817,
        "support": 35.0
      },
      "HCM": {
        "precision": 0.36,
        "recall": 0.782608695652174,
        "f1-score": 0.4931506849315068,
        "support": 23.0
      },
      "ARV": {
        "precision": 0.0,
        "recall": 0.0,
        "f1-score": 0.0,
        "support": 6.0
      },
      "HHD": {
        "precision": 0.0,
        "recall": 0.0,
        "f1-score": 0.0,
        "support": 10.0
      },
      "accuracy": 0.38095238095238093,
      "macro avg": {
        "precision": 0.1566153846153846,
        "recall": 0.2822360248447205,
        "f1-score": 0.1997795622736577,
        "support": 105.0
      },
      "weighted avg": {
        "precision": 0.21988278388278387,
        "recall": 0.38095238095238093,
        "f1-score": 0.2766058588448764,
        "support": 105.0
      }
    },
    "probabilities": [
      [
        0.22161900214686595,
        0.4388782924746102,
        0.2832075357181341,
        0.04941065082492597,
        0.0068845188354637555
      ],
      [
        0.2855654535707261,
        0.3039206997052359,
        0.36473865672393824,
        0.038700148667110086,
        0.007075041332989534
      ],
      [
        0.1751066891540263,
        0.5577062431360301,
        0.1751637868939228,
        0.0857856432212406,
        0.006237637594780139
      ],
      [
        0.3163511809258609,
        0.3860797830392269,
        0.24864683599110166,
        0.04205008625070031,
        0.006872113793110314
      ],
      [
        0.2477586734885654,
        0.3719652800200582,
        0.320226428674904,
        0.053175486406515954,
        0.006874131409956577
      ],
      [
        0.2999841609996531,
        0.3848858501325577,
        0.2645730620608212,
        0.04359082941796008,
        0.0069660973890079345
      ],
      [
        0.19170614717453605,
        0.26944335823562937,
        0.47963643063140093,
        0.052453114615623714,
        0.006760949342810036
      ],
      [
        0.2692239900518044,
        0.23995186642438224,
        0.445017161079665,
        0.03878431490818208,
        0.007022667535966249
      ],
      [
        0.25213674754185644,
        0.3245717363997511,
        0.37219934027059387,
        0.04405654378994753,
        0.007035631997851016
      ],
      [
        0.20164287149624213,
        0.1876954123142791,
        0.5614694183324742,
        0.04284703031793449,
        0.0063452675390699605
      ],
      [
        0.22737736045719056,
        0.45915072983811367,
        0.2600935015678382,
        0.04651689275391438,
        0.006861515382943027
      ],
      [
        0.26746234612950576,
        0.25628656146877676,
        0.4257162740928333,
        0.043520700914638485,
        0.007014117394245512
      ],
      [
        0.35913892008063963,
        0.2907361002264513,
        0.2875285880192542,
        0.05531340929431872,
        0.007282982379336122
      ],
      [
        0.20500948808793806,
        0.16933874765419524,
        0.5771495471069206,
        0.042094924435656066,
        0.006407292715289944
      ],
      [
        0.21535693189951569,
        0.3184373379796005,
        0.4042958778892742,
        0.05487716566786895,
        0.0070326865637407665
      ],
      [
        0.23527884830819223,
        0.33537454608890654,
        0.374850130866953,
        0.04750469788428483,
        0.006991776851663333
      ],
      [
        0.27309126951678303,
        0.4295674115458714,
        0.24174842032369048,
        0.048737341325362275,
        0.006855557288292588
      ],
      [
        0.3003049354061167,
        0.2780109608599989,
        0.37611447468687503,
        0.03849526851674476,
        0.007074360530264642
      ],
      [
        0.28663151288096245,
        0.2396448231349487,
        0.42741807746317245,
        0.03935598060633261,
        0.006949605914583653
      ],
      [
        0.23412444750907677,
        0.3349847093415185,
        0.3703086735113225,
        0.053473060766250156,
        0.0071091088718321805
      ],
      [
        0.18928926247324776,
        0.39620228891224213,
        0.34100788299131835,
        0.06667724918037828,
        0.006823316442813334
      ],
      [
        0.23479081551998435,
        0.3710399866222281,
        0.3418278708386453,
        0.04541403867561767,
        0.006927288343524738
      ],
      [
        0.26013875272468007,
        0.4741450505959954,
        0.21765804060972105,
        0.041407605550685386,
        0.006650550518918087
      ],
      [
        0.2805702918892037,
        0.2934349983228285,
        0.3816530651250148,
        0.037267007453916125,
        0.007074637209036902
      ],
      [
        0.2671300014232515,
        0.38610839387217766,
        0.277679259265647,
        0.06212754096199235,
        0.0069548044769315405
      ],
      [
        0.33613712746215707,
        0.3341489015427139,
        0.2773923884036628,
        0.04527209136248279,
        0.0070494912289834465
      ],
      [
        0.265385407947344,
        0.4073966369174468,
        0.27333868090094365,
        0.04695473442249179,
        0.006924539811773765
      ],
      [
        0.25623785903983404,
        0.28261530394931766,
        0.3990033765286376,
        0.05494433911938668,
        0.007199121362824019
      ],
      [
        0.3163561646424244,
        0.3900510102026953,
        0.22627888541524055,
        0.06015269587156113,
        0.0071612438680788305
      ],
      [
        0.2901783328849971,
        0.4314097337225862,
        0.20828339829481068,
        0.06331946627012862,
        0.006809068827477291
      ],
      [
        0.25438689446621604,
        0.32203506537448423,
        0.36846261410945186,
        0.04810160054511369,
        0.007013825504734273
      ],
      [
        0.24710094894528023,
        0.37709195043055826,
        0.33122114768082217,
        0.03774769657117824,
        0.006838256372161067
      ],
      [
        0.19305605135325,
        0.6060251752853483,
        0.13010133467607413,
        0.06500749566000989,
        0.005809943025317764
      ],
      [
        0.2600619844321904,
        0.2527902613448189,
        0.44375687642098,
        0.036563597350600836,
        0.0068272804514099
      ],
      [
        0.26365792518778236,
        0.21982465138630297,
        0.4681270815548035,
        0.04157217142454542,
        0.006818170446565818
      ],
      [
        0.2546717806488901,
        0.37348312427648345,
        0.3033924454700692,
        0.06127171431850049,
        0.007180935286056562
      ],
      [
        0.3293584560343631,
        0.3414842270905168,
        0.2844959314186495,
        0.037726590658098455,
        0.006934794798372074
      ],
      [
        0.28921323825734485,
        0.359201148159726,
        0.3011468004401794,
        0.04346502635822545,
        0.006973786784524385
      ],
      [
        0.12232826217467077,
        0.1774034505861633,
        0.638997921022769,
        0.055733716068322815,
        0.005536650148074066
      ],
      [
        0.28289793629162857,
        0.3161266441653858,
        0.3506746370209221,
        0.04323625804025927,
        0.0070645244818042215
      ],
      [
        0.2481000038156477,
        0.34596837164384653,
        0.35416731987387157,
        0.04472423334046887,
        0.007040071326165407
      ],
      [
        0.1642278296010087,
        0.20502969369844615,
        0.5653197189806901,
        0.059211127054066,
        0.006211630665788929
      ],
      [
        0.22675673626504148,
        0.4280817392992662,
        0.29702657793387705,
        0.04143053789757067,
        0.006704408604244463
      ],
      [
        0.27274455816506865,
        0.3009787048407631,
        0.3708007053508179,
        0.04837757395376537,
        0.007098457689584816
      ],
      [
        0.3748673811735,
        0.2833923738773842,
        0.2951227835503854,
        0.03973173711827447,
        0.0068857242804558445
      ],
      [
        0.27037457615822336,
        0.33670243586839516,
        0.3397019096519643,
        0.04622716573925348,
        0.006993912582163757
      ],
      [
        0.2617669267509351,
        0.3043823970362415,
        0.38855667982114084,
        0.03828397335399865,
        0.00701002303768392
      ],
      [
        0.2257228214396452,
        0.24520117652514095,
        0.46994213908543936,
        0.05237271905505317,
        0.006761143894721369
      ],
      [
        0.2989744058870023,
        0.18785846765604336,
        0.4701259145466946,
        0.036342487975897446,
        0.00669872393436218
      ],
      [
        0.31604174490087916,
        0.2863220238980102,
        0.3483352362838477,
        0.04222551346270963,
        0.007075481454553271
      ],
      [
        0.17574894634335708,
        0.3339049473755427,
        0.43667410296038545,
        0.04717450849794451,
        0.006497494822770346
      ],
      [
        0.30257079622991934,
        0.39317046328412747,
        0.24800648450616491,
        0.04935065678511778,
        0.006901599194670487
      ],
      [
        0.20172924788255137,
        0.5195401238183427,
        0.19240883577911794,
        0.07980055292485647,
        0.006521239595131595
      ],
      [
        0.3164723639084677,
        0.3543723147800966,
        0.2833228859471763,
        0.03873353590556927,
        0.007098899458690131
      ],
      [
        0.25672527059870554,
        0.4016833017380977,
        0.290755797260407,
        0.0438982710494374,
        0.006937359353352304
      ],
      [
        0.31828300699764717,
        0.3348079458513061,
        0.2962897141038636,
        0.04365118353756803,
        0.006968149509615177
      ],
      [
        0.2772776763695765,
        0.3777668122061176,
        0.2966373272555363,
        0.04127400520737025,
        0.007044178961399369
      ],
      [
        0.19195178460286327,
        0.2753833852080587,
        0.4709763847966409,
        0.054853640978841996,
        0.006834804413594988
      ],
      [
        0.3129501268925015,
        0.2570576990131797,
        0.3848349680584615,
        0.0381392308738236,
        0.007017975162033664
      ],
      [
        0.24933726400511516,
        0.4037787344380176,
        0.2710514520806947,
        0.06888890634444862,
        0.006943643131723991
      ],
      [
        0.26645585835179864,
        0.27322703839963625,
        0.40821229007403587,
        0.045054806141334204,
        0.00705000703319495
      ],
      [
        0.2546103626952283,
        0.5042355826085975,
        0.15751938354692374,
        0.07711664264745823,
        0.006518028501792266
      ],
      [
        0.3004475758517053,
        0.4387958228986229,
        0.18084836928613957,
        0.0731948410540666,
        0.006713390909465753
      ],
      [
        0.2631882054749418,
        0.49967375403147296,
        0.17941322699888707,
        0.05135695292427378,
        0.006367860570424614
      ],
      [
        0.2820489734344597,
        0.373013871313245,
        0.29624620698663584,
        0.04166141536048046,
        0.0070295329051789455
      ],
      [
        0.2735952748835551,
        0.39463484093123036,
        0.2778750991619024,
        0.04689555914705616,
        0.006999225876255954
      ],
      [
        0.2154223673484623,
        0.3222906482061245,
        0.4061154018404334,
        0.04932281563521849,
        0.0068487669697612635
      ],
      [
        0.2185118726552143,
        0.502159774301603,
        0.21213429695770064,
        0.060732754869552485,
        0.006461301215929673
      ],
      [
        0.21233344118322767,
        0.6193541576462752,
        0.11388528942724094,
        0.04884638618246941,
        0.0055807255607867035
      ],
      [
        0.28249678401461836,
        0.4085325767580174,
        0.23278682959017788,
        0.06912585615218501,
        0.007057953485001409
      ],
      [
        0.3054329975614496,
        0.33031560227405193,
        0.30716943651212086,
        0.04998659531331208,
        0.007095368339065645
      ],
      [
        0.28408489521504693,
        0.28306208080963796,
        0.3768883970439287,
        0.048816774503805845,
        0.007147852427580412
      ],
      [
        0.2409622247209524,
        0.3814233942579389,
        0.3269592440225814,
        0.04374302854127709,
        0.0069121084572500175
      ],
      [
        0.25283601897314467,
        0.4756117279422692,
        0.22320896692484485,
        0.04169480441122102,
        0.006648481748520346
      ],
      [
        0.23452249108242826,
        0.4111352500836076,
        0.2857466954866278,
        0.06167659132787633,
        0.006918972019460114
      ],
      [
        0.28806432304764085,
        0.35402227268716036,
        0.3133679907198422,
        0.0376266283240944,
        0.006918785221262194
      ],
      [
        0.2471554395700267,
        0.28424055772720747,
        0.4196947410705005,
        0.042006935414255694,
        0.0069023262180095924
      ],
      [
        0.2646325320797213,
        0.2549319668452515,
        0.4302530031930551,
        0.043245808335103074,
        0.0069366895468689444
      ],
      [
        0.25216135600398143,
        0.29850020833645674,
        0.3949351043029314,
        0.04729076811705332,
        0.007112563239577118
      ],
      [
        0.2843944116032694,
        0.40185776963234854,
        0.2623867900721581,
        0.04440800563831201,
        0.006953023053911898
      ],
      [
        0.2275978798954162,
        0.43516442995390237,
        0.2828932878318506,
        0.04747960764409023,
        0.0068647946747406215
      ],
      [
        0.24890481089737881,
        0.24930556105384033,
        0.4431453202341984,
        0.05166892629107811,
        0.006975381523504393
      ],
      [
        0.28378785634038073,
        0.2788170593285378,
        0.3885641247581457,
        0.04171020887826302,
        0.007120750694672635
      ],
      [
        0.269816582364013,
        0.279261444503103,
        0.40054656539005434,
        0.04323981402896139,
        0.00713559371386839
      ],
      [
        0.275437560224393,
        0.272465065617812,
        0.3990571545458731,
        0.04600480208014019,
        0.007035417531781786
      ],
      [
        0.2622636115608202,
        0.36808353922098785,
        0.31802070166998103,
        0.044695800808645374,
        0.0069363467395655
      ],
      [
        0.2655266137349257,
        0.3874166151815599,
        0.29641097851841547,
        0.04370557887240622,
        0.0069402136926926955
      ],
      [
        0.25517932142012534,
        0.4949657679480795,
        0.20575036531040497,
        0.03745789209841414,
        0.006646653222976053
      ],
      [
        0.2000234526096084,
        0.32659245567942563,
        0.4140960984842927,
        0.05239108427402166,
        0.006896908952651561
      ],
      [
        0.34287508573372205,
        0.3774866686118664,
        0.22043757313940643,
        0.052073816492003475,
        0.007126856023001677
      ],
      [
        0.32926502931222573,
        0.36454009572651974,
        0.25392752892537246,
        0.04536872970954566,
        0.006898616326336339
      ],
      [
        0.25673372440302406,
        0.2564891222078587,
        0.43018838350818706,
        0.049514417838092205,
        0.007074352042838029
      ],
      [
        0.2654516489990012,
        0.2123531302456334,
        0.4803999019684626,
        0.03513067675259322,
        0.006664642034309519
      ],
      [
        0.2828306019681349,
        0.42257925069744284,
        0.254708980394281,
        0.03318663351300774,
        0.006694533427133356
      ],
      [
        0.25950496014958985,
        0.22468613895837458,
        0.46504275310443244,
        0.044115472217278504,
        0.0066506755703245
      ],
      [
        0.32173562644964326,
        0.3696208094955005,
        0.2658800066945768,
        0.035894349284555364,
        0.006869208075724116
      ],
      [
        0.26371109714729,
        0.4224424568110569,
        0.2654082889849343,
        0.04155721006048682,
        0.006880946996231951
      ],
      [
        0.22566919302951077,
        0.2661644190961737,
        0.4606106632039495,
        0.04111306327180654,
        0.006442661398559493
      ],
      [
        0.3224629133307898,
        0.29952556004774306,
        0.3316716145879772,
        0.03922064379118631,
        0.007119268242303654
      ],
      [
        0.24836541019606298,
        0.3108833856880559,
        0.38932888229603063,
        0.04444461015304613,
        0.006977711666804282
      ],
      [
        0.2928601414832566,
        0.23817646750406798,
        0.4174184069357733,
        0.0446016948712423,
        0.006943289205659916
      ],
      [
        0.24703610023167769,
        0.2615412804804241,
        0.4410130833299181,
        0.043557066556293524,
        0.006852469401686497
      ],
      [
        0.33650694157934197,
        0.33757770369698126,
        0.2774793696465051,
        0.04137303711167964,
        0.007062947965492052
      ],
      [
        0.23857780084041694,
        0.24356478985259028,
        0.4678272003080234,
        0.043275791725407575,
        0.006754417273561676
      ],
      [
        0.309147719254197,
        0.3812117523817181,
        0.25924772640173277,
        0.04331077875067104,
        0.007082023211680944
      ]
    ],
    "predictions": [
      1,
      2,
      1,
      1,
      1,
      1,
      2,
      2,
      2,
      2,
      1,
      2,
      0,
      2,
      2,
      2,
      1,
      2,
      2,
      2,
      1,
      1,
      1,
      2,
      1,
      0,
      1,
      2,
      1,
      1,
      2,
      1,
      1,
      2,
      2,
      1,
      1,
      1,
      2,
      2,
      2,
      2,
      1,
      2,
      0,
      2,
      2,
      2,
      2,
      2,
      2,
      1,
      1,
      1,
      1,
      1,
      1,
      2,
      2,
      1,
      2,
      1,
      1,
      1,
      1,
      1,
      2,
      1,
      1,
      1,
      1,
      2,
      1,
      1,
      1,
      1,
      2,
      2,
      2,
      1,
      1,
      2,
      2,
      2,
      2,
      1,
      1,
      1,
      2,
      1,
      1,
      2,
      2,
      1,
      2,
      1,
      1,
      2,
      2,
      2,
      2,
      2,
      1,
      2,
      1
    ],
    "true_labels": [
      1,
      4,
      1,
      4,
      4,
      1,
      2,
      2,
      4,
      2,
      0,
      2,
      2,
      2,
      1,
      1,
      2,
      2,
      0,
      0,
      1,
      0,
      1,
      0,
      0,
      1,
      1,
      2,
      1,
      3,
      2,
      0,
      1,
      2,
      2,
      4,
      1,
      0,
      3,
      1,
      0,
      3,
      2,
      1,
      1,
      0,
      0,
      0,
      2,
      0,
      2,
      3,
      1,
      4,
      0,
      0,
      1,
      2,
      4,
      1,
      1,
      1,
      0,
      0,
      1,
      1,
      2,
      0,
      0,
      0,
      3,
      4,
      1,
      4,
      0,
      1,
      1,
      0,
      1,
      0,
      0,
      1,
      2,
      1,
      0,
      2,
      2,
      1,
      2,
      0,
      1,
      0,
      2,
      0,
      3,
      1,
      1,
      0,
      1,
      0,
      4,
      1,
      0,
      2,
      1
    ],
    "patient_ids": [
      "A1K2P5",
      "A2H5K9",
      "A2L1N6",
      "A3H5R1",
      "A3P9V7",
      "A4A8V9",
      "A4K8R4",
      "A5D0G0",
      "A5H1Q2",
      "A5P5W0",
      "A5Q1W8",
      "A6A8H0",
      "A6B7Y4",
      "A6J0Y2",
      "A7E4J0",
      "A7F4G2",
      "B0L3Y2",
      "B1G9J3",
      "B2L0L2",
      "B3E2W8",
      "B3F0V9",
      "B3S2Z4",
      "B4E1K1",
      "B4S1Y2",
      "B5F8L9",
      "B5L5Y4",
      "B5T6V0",
      "B6I0T4",
      "B7F5P0",
      "B9H8N8",
      "C0L7V1",
      "C0N8P4",
      "C6U4W8",
      "C7L8Z8",
      "D1L6T4",
      "D3K5Q2",
      "D3Q0W9",
      "D6E9U8",
      "D9F5P1",
      "D9I8O7",
      "E0J2Z9",
      "E0J7L9",
      "E1L7M3",
      "E3L8U8",
      "E4I9O7",
      "E5J6L2",
      "E5S7W7",
      "E6H0V9",
      "E6J4N8",
      "E7L0N6",
      "E9V9Z2",
      "F0I6U8",
      "F0K4T6",
      "F5I1Z8",
      "G1J5K3",
      "G1K1V3",
      "G3M5S4",
      "G4I7V2",
      "G7N8R7",
      "G7S6V0",
      "G8K0M3",
      "G9N5V9",
      "H1N8S6",
      "H2M9S1",
      "H7K5U5",
      "H8K2K7",
      "I0I2J8",
      "I2J6Z6",
      "I4R8V6",
      "I5L3S2",
      "I6P4R0",
      "I6T4W8",
      "I8N8Y1",
      "I8Z0Z6",
      "J4J8Q3",
      "J9L4S2",
      "K6N4N7",
      "K7L2Y6",
      "K7N0R7",
      "L2V5Z0",
      "L5U7Y4",
      "L6T2T5",
      "L7Y7Z2",
      "L8N7Z0",
      "M2P5T8",
      "M4T4V6",
      "M6M9N1",
      "M6V2Y0",
      "N7P3T8",
      "N7W6Z8",
      "N9P5Z0",
      "N9Q4T8",
      "O4T6Y7",
      "O9V8W5",
      "P3P9S5",
      "P3R6Y5",
      "P8W4Z0",
      "Q1Q3T1",
      "Q3Q6R8",
      "Q4W5Z8",
      "Q5V8W3",
      "R3V5W7",
      "R6V5W3",
      "T2Z1Z9",
      "Y6Y9Z2"
    ]
  },
  "roc_auc": {
    "macro_auc": 0.677099584580575,
    "per_class_auc": {
      "NOR": 0.5030514385353095,
      "DCM": 0.6514285714285715,
      "HCM": 0.7963944856839873,
      "ARV": 0.7693602693602694,
      "HHD": 0.6652631578947368
    }
  },
  "binary": {
    "accuracy": 0.7047619047619048,
    "f1": 0.8268156424581006,
    "sensitivity": 1.0,
    "specificity": 0.0,
    "roc_auc": 0.5030514385353095,
    "binary_labels": [
      1,
      1,
      1,
      1,
      1,
      1,
      1,
      1,
      1,
      1,
      0,
      1,
      1,
      1,
      1,
      1,
      1,
      1,
      0,
      0,
      1,
      0,
      1,
      0,
      0,
      1,
      1,
      1,
      1,
      1,
      1,
      0,
      1,
      1,
      1,
      1,
      1,
      0,
      1,
      1,
      0,
      1,
      1,
      1,
      1,
      0,
      0,
      0,
      1,
      0,
      1,
      1,
      1,
      1,
      0,
      0,
      1,
      1,
      1,
      1,
      1,
      1,
      0,
      0,
      1,
      1,
      1,
      0,
      0,
      0,
      1,
      1,
      1,
      1,
      0,
      1,
      1,
      0,
      1,
      0,
      0,
      1,
      1,
      1,
      0,
      1,
      1,
      1,
      1,
      0,
      1,
      0,
      1,
      0,
      1,
      1,
      1,
      0,
      1,
      0,
      1,
      1,
      0,
      1,
      1
    ],
    "binary_probs": [
      0.7783809978531341,
      0.7144345464292738,
      0.8248933108459737,
      0.6836488190741391,
      0.7522413265114346,
      0.7000158390003469,
      0.808293852825464,
      0.7307760099481956,
      0.7478632524581436,
      0.7983571285037578,
      0.7726226395428094,
      0.7325376538704942,
      0.6408610799193604,
      0.7949905119120619,
      0.7846430681004843,
      0.7647211516918078,
      0.7269087304832169,
      0.6996950645938833,
      0.7133684871190376,
      0.7658755524909232,
      0.8107107375267523,
      0.7652091844800156,
      0.7398612472753199,
      0.7194297081107963,
      0.7328699985767485,
      0.6638628725378429,
      0.734614592052656,
      0.743762140960166,
      0.6836438353575756,
      0.7098216671150028,
      0.745613105533784,
      0.7528990510547198,
      0.80694394864675,
      0.7399380155678096,
      0.7363420748122176,
      0.7453282193511099,
      0.6706415439656369,
      0.7107867617426551,
      0.8776717378253293,
      0.7171020637083714,
      0.7518999961843523,
      0.8357721703989913,
      0.7732432637349586,
      0.7272554418349313,
      0.6251326188265001,
      0.7296254238417766,
      0.738233073249065,
      0.7742771785603548,
      0.7010255941129977,
      0.6839582550991208,
      0.824251053656643,
      0.6974292037700807,
      0.7982707521174486,
      0.6835276360915323,
      0.7432747294012945,
      0.6817169930023528,
      0.7227223236304234,
      0.8080482153971367,
      0.6870498731074985,
      0.7506627359948849,
      0.7335441416482014,
      0.7453896373047717,
      0.6995524241482947,
      0.7368117945250582,
      0.7179510265655402,
      0.7264047251164449,
      0.7845776326515377,
      0.7814881273447857,
      0.7876665588167724,
      0.7175032159853816,
      0.6945670024385504,
      0.715915104784953,
      0.7590377752790476,
      0.7471639810268553,
      0.7654775089175717,
      0.7119356769523592,
      0.7528445604299733,
      0.7353674679202786,
      0.7478386439960185,
      0.7156055883967306,
      0.7724021201045839,
      0.7510951891026212,
      0.7162121436596193,
      0.7301834176359869,
      0.724562439775607,
      0.7377363884391799,
      0.7344733862650743,
      0.7448206785798747,
      0.7999765473903916,
      0.657124914266278,
      0.6707349706877743,
      0.7432662755969759,
      0.7345483510009988,
      0.7171693980318651,
      0.7404950398504102,
      0.6782643735503567,
      0.73628890285271,
      0.7743308069704893,
      0.6775370866692102,
      0.751634589803937,
      0.7071398585167434,
      0.7529638997683223,
      0.663493058420658,
      0.7614221991595831,
      0.6908522807458031
    ]
  }
}