{
  "config": {
    "dataset": "mnm",
    "backbone": "sam",
    "model_name": "sam_vit_huge",
    "eval_mode": "logreg",
    "freeze_backbone": true,
    "pooling": "gap",
    "embed_dim": 1280,
    "best_hyperparam": 0.0003162277571391314,
    "hyperparam_name": "C",
    "num_classes": 5,
    "class_names": [
      "NOR",
      "DCM",
      "HCM",
      "ARV",
      "HHD"
    ]
  },
  "sweep_results": [
    {
      "param_value": 9.999999974752427e-07,
      "mean_cv_acc": 0.25806451612903225,
      "std_cv_acc": 0.0
    },
    {
      "param_value": 1.7782793975129607e-06,
      "mean_cv_acc": 0.25806451612903225,
      "std_cv_acc": 0.0
    },
    {
      "param_value": 3.1622776077711023e-06,
      "mean_cv_acc": 0.3548387096774194,
      "std_cv_acc": 0.0
    },
    {
      "param_value": 5.6234130170196295e-06,
      "mean_cv_acc": 0.41935483870967744,
      "std_cv_acc": 0.0
    },
    {
      "param_value": 9.999999747378752e-06,
      "mean_cv_acc": 0.41935483870967744,
      "std_cv_acc": 0.0
    },
    {
      "param_value": 1.778279329300858e-05,
      "mean_cv_acc": 0.41935483870967744,
      "std_cv_acc": 0.0
    },
    {
      "param_value": 3.162277789670043e-05,
      "mean_cv_acc": 0.41935483870967744,
      "std_cv_acc": 0.0
    },
    {
      "param_value": 5.62341338081751e-05,
      "mean_cv_acc": 0.41935483870967744,
      "std_cv_acc": 0.0
    },
    {
      "param_value": 9.999999747378752e-05,
      "mean_cv_acc": 0.41935483870967744,
      "std_cv_acc": 0.0
    },
    {
      "param_value": 0.00017782794020604342,
      "mean_cv_acc": 0.45161290322580644,
      "std_cv_acc": 0.0
    },
    {
      "param_value": 0.0003162277571391314,
      "mean_cv_acc": 0.4838709677419355,
      "std_cv_acc": 0.0
    },
    {
      "param_value": 0.000562341301701963,
      "mean_cv_acc": 0.45161290322580644,
      "std_cv_acc": 0.0
    },
    {
      "param_value": 0.0010000000474974513,
      "mean_cv_acc": 0.45161290322580644,
      "std_cv_acc": 0.0
    },
    {
      "param_value": 0.0017782794311642647,
      "mean_cv_acc": 0.41935483870967744,
      "std_cv_acc": 0.0
    },
    {
      "param_value": 0.003162277629598975,
      "mean_cv_acc": 0.45161290322580644,
      "std_cv_acc": 0.0
    },
    {
      "param_value": 0.005623413249850273,
      "mean_cv_acc": 0.45161290322580644,
      "std_cv_acc": 0.0
    },
    {
      "param_value": 0.009999999776482582,
      "mean_cv_acc": 0.45161290322580644,
      "std_cv_acc": 0.0
    },
    {
      "param_value": 0.017782794311642647,
      "mean_cv_acc": 0.41935483870967744,
      "std_cv_acc": 0.0
    },
    {
      "param_value": 0.03162277489900589,
      "mean_cv_acc": 0.41935483870967744,
      "std_cv_acc": 0.0
    },
    {
      "param_value": 0.05623413249850273,
      "mean_cv_acc": 0.41935483870967744,
      "std_cv_acc": 0.0
    },
    {
      "param_value": 0.10000000149011612,
      "mean_cv_acc": 0.41935483870967744,
      "std_cv_acc": 0.0
    },
    {
      "param_value": 0.17782793939113617,
      "mean_cv_acc": 0.41935483870967744,
      "std_cv_acc": 0.0
    },
    {
      "param_value": 0.3162277638912201,
      "mean_cv_acc": 0.3870967741935484,
      "std_cv_acc": 0.0
    },
    {
      "param_value": 0.5623413324356079,
      "mean_cv_acc": 0.3870967741935484,
      "std_cv_acc": 0.0
    },
    {
      "param_value": 1.0,
      "mean_cv_acc": 0.3870967741935484,
      "std_cv_acc": 0.0
    },
    {
      "param_value": 1.778279423713684,
      "mean_cv_acc": 0.3870967741935484,
      "std_cv_acc": 0.0
    },
    {
      "param_value": 3.1622776985168457,
      "mean_cv_acc": 0.3870967741935484,
      "std_cv_acc": 0.0
    },
    {
      "param_value": 5.6234130859375,
      "mean_cv_acc": 0.3870967741935484,
      "std_cv_acc": 0.0
    },
    {
      "param_value": 10.0,
      "mean_cv_acc": 0.3870967741935484,
      "std_cv_acc": 0.0
    },
    {
      "param_value": 17.782794952392578,
      "mean_cv_acc": 0.3870967741935484,
      "std_cv_acc": 0.0
    },
    {
      "param_value": 31.62277603149414,
      "mean_cv_acc": 0.3870967741935484,
      "std_cv_acc": 0.0
    },
    {
      "param_value": 56.234130859375,
      "mean_cv_acc": 0.3870967741935484,
      "std_cv_acc": 0.0
    },
    {
      "param_value": 100.0,
      "mean_cv_acc": 0.3870967741935484,
      "std_cv_acc": 0.0
    },
    {
      "param_value": 177.82794189453125,
      "mean_cv_acc": 0.3870967741935484,
      "std_cv_acc": 0.0
    },
    {
      "param_value": 316.2277526855469,
      "mean_cv_acc": 0.3870967741935484,
      "std_cv_acc": 0.0
    },
    {
      "param_value": 562.34130859375,
      "mean_cv_acc": 0.3870967741935484,
      "std_cv_acc": 0.0
    },
    {
      "param_value": 1000.0,
      "mean_cv_acc": 0.3870967741935484,
      "std_cv_acc": 0.0
    },
    {
      "param_value": 1778.2794189453125,
      "mean_cv_acc": 0.3870967741935484,
      "std_cv_acc": 0.0
    },
    {
      "param_value": 3162.277587890625,
      "mean_cv_acc": 0.3870967741935484,
      "std_cv_acc": 0.0
    },
    {
      "param_value": 5623.4130859375,
      "mean_cv_acc": 0.3870967741935484,
      "std_cv_acc": 0.0
    },
    {
      "param_value": 10000.0,
      "mean_cv_acc": 0.3870967741935484,
      "std_cv_acc": 0.0
    },
    {
      "param_value": 17782.794921875,
      "mean_cv_acc": 0.3870967741935484,
      "std_cv_acc": 0.0
    },
    {
      "param_value": 31622.77734375,
      "mean_cv_acc": 0.3870967741935484,
      "std_cv_acc": 0.0
    },
    {
      "param_value": 56234.1328125,
      "mean_cv_acc": 0.3870967741935484,
      "std_cv_acc": 0.0
    },
    {
      "param_value": 100000.0,
      "mean_cv_acc": 0.3548387096774194,
      "std_cv_acc": 0.0
    }
  ],
  "five_way": {
    "accuracy": 0.4666666666666667,
    "macro_f1": 0.29726988007027727,
    "macro_sensitivity": 0.3358124624323783,
    "macro_specificity": 0.8525699218382146,
    "per_class_sensitivity": {
      "NOR": 0.3548387096774194,
      "DCM": 0.6285714285714286,
      "HCM": 0.6956521739130435,
      "ARV": 0.0,
      "HHD": 0.0
    },
    "per_class_specificity": {
      "NOR": 0.8513513513513513,
      "DCM": 0.7285714285714285,
      "HCM": 0.6829268292682927,
      "ARV": 1.0,
      "HHD": 1.0
    },
    "confusion_matrix": [
      [
        11,
        11,
        9,
        0,
        0
      ],
      [
        4,
        22,
        9,
        0,
        0
      ],
      [
        4,
        3,
        16,
        0,
        0
      ],
      [
        2,
        1,
        3,
        0,
        0
      ],
      [
        1,
        4,
        5,
        0,
        0
      ]
    ],
    "classification_report": {
      "NOR": {
        "precision": 0.5,
        "recall": 0.3548387096774194,
        "f1-score": 0.41509433962264153,
        "support": 31.0
      },
      "DCM": {
        "precision": 0.5365853658536586,
        "recall": 0.6285714285714286,
        "f1-score": 0.5789473684210527,
        "support": 35.0
      },
      "HCM": {
        "precision": 0.38095238095238093,
        "recall": 0.6956521739130435,
        "f1-score": 0.49230769230769234,
        "support": 23.0
      },
      "ARV": {
        "precision": 0.0,
        "recall": 0.0,
        "f1-score": 0.0,
        "support": 6.0
      },
      "HHD": {
        "precision": 0.0,
        "recall": 0.0,
        "f1-score": 0.0,
        "support": 10.0
      },
      "accuracy": 0.4666666666666667,
      "macro avg": {
        "precision": 0.2835075493612079,
        "recall": 0.3358124624323783,
        "f1-score": 0.29726988007027727,
        "support": 105.0
      },
      "weighted avg": {
        "precision": 0.4099275482550744,
        "recall": 0.4666666666666667,
        "f1-score": 0.4233729461534825,
        "support": 105.0
      }
    },
    "probabilities": [
      [
        0.39486717340590277,
        0.2989816702079192,
        0.26523762928978656,
        0.03104931200635533,
        0.00986421509003606
      ],
      [
        0.2471255055238407,
        0.2311084453770172,
        0.4943422520014865,
        0.017890232943936355,
        0.009533564153719146
      ],
      [
        0.12040945765086862,
        0.6257234479006553,
        0.12511461432934018,
        0.12400501360586706,
        0.004747466513268929
      ],
      [
        0.290896098829174,
        0.4854763045247403,
        0.18644570026603194,
        0.029463828013500816,
        0.007718068366552941
      ],
      [
        0.11294729470264622,
        0.6043214443213781,
        0.22312249444185142,
        0.05427803611218087,
        0.005330730421943504
      ],
      [
        0.29728605679891423,
        0.4452178914423062,
        0.22604903410302707,
        0.023169489429088832,
        0.008277528226663665
      ],
      [
        0.24498196347595,
        0.08749684962301127,
        0.6094405487244127,
        0.05015254372076877,
        0.00792809445585708
      ],
      [
        0.20938568834278382,
        0.1084086818894141,
        0.6589791891008459,
        0.015474174972369583,
        0.00775226569458667
      ],
      [
        0.3160062376641677,
        0.30146491575406764,
        0.3412441699916773,
        0.03282430952351633,
        0.008460367066571092
      ],
      [
        0.15948192878275913,
        0.033762909635438675,
        0.783660826552682,
        0.01811142077040137,
        0.004982914258718967
      ],
      [
        0.3618679560876218,
        0.3435870118587154,
        0.2615431502196212,
        0.02211692521622459,
        0.010884956617817122
      ],
      [
        0.34467155526632537,
        0.07205182157268461,
        0.555917254727156,
        0.01968431153512778,
        0.007675056898706142
      ],
      [
        0.5503226142200824,
        0.06697573649360822,
        0.34821393119334243,
        0.027227815942819117,
        0.007259902150147901
      ],
      [
        0.09541391492954249,
        0.053513468243988026,
        0.8259227588406176,
        0.020070828467894656,
        0.005079029517957332
      ],
      [
        0.18972667008170338,
        0.3157074826844995,
        0.38959540851967767,
        0.09735565108737369,
        0.007614787626745701
      ],
      [
        0.37126993261176283,
        0.1697364970961801,
        0.42328098329909797,
        0.0260918255571199,
        0.009620761435839063
      ],
      [
        0.21221258876146315,
        0.4856288099289847,
        0.2513355994236122,
        0.04322817459836457,
        0.007594827287575253
      ],
      [
        0.34717868416310294,
        0.24947876147702172,
        0.3745135744649977,
        0.018407012608424204,
        0.010421967286453221
      ],
      [
        0.2836431110245072,
        0.14821180834324618,
        0.5336721395681067,
        0.025670106192159432,
        0.00880283487198059
      ],
      [
        0.40246972560230765,
        0.12267683115167102,
        0.4353067594173352,
        0.0307019619795,
        0.008844721849186308
      ],
      [
        0.20258876173885676,
        0.4977319770521623,
        0.21930113056816275,
        0.07343834548163843,
        0.006939785159179823
      ],
      [
        0.3713248793472872,
        0.48001283835960873,
        0.11410957766686063,
        0.026047056985907865,
        0.008505647640335597
      ],
      [
        0.2054364340672098,
        0.6785794802473953,
        0.09023721310094322,
        0.019475397011230557,
        0.006271475573221229
      ],
      [
        0.27007420072943,
        0.19035652515641932,
        0.511104661347962,
        0.019259421686834467,
        0.00920519107935435
      ],
      [
        0.3961813489998043,
        0.3100698660918584,
        0.18565805901557564,
        0.10155413156726466,
        0.006536594325497006
      ],
      [
        0.32338373734287884,
        0.5121836005326192,
        0.1313600138910997,
        0.02579280503139079,
        0.007279843202011372
      ],
      [
        0.26442574670840935,
        0.4278296833923701,
        0.2580729343040504,
        0.04174006610012243,
        0.007931569495047783
      ],
      [
        0.3933421450056265,
        0.08313040942210166,
        0.47920602970656084,
        0.0365668530411234,
        0.007754562824587778
      ],
      [
        0.2966748638621069,
        0.4909363988369782,
        0.16426186505098853,
        0.03973194621008145,
        0.008394926039845032
      ],
      [
        0.3991222989272207,
        0.39818834159755223,
        0.11867692060804291,
        0.07778918744997448,
        0.006223251417209688
      ],
      [
        0.3018015827171348,
        0.10209699415134574,
        0.5645041731753917,
        0.024096351464595593,
        0.007500898491532187
      ],
      [
        0.14005392680790488,
        0.6220319597483164,
        0.20540695548976706,
        0.025887083325679894,
        0.006620074628331727
      ],
      [
        0.15718826864489502,
        0.7377192114030497,
        0.05128238497788211,
        0.04968551678745354,
        0.004124618186719664
      ],
      [
        0.2555214894512117,
        0.2152604521898329,
        0.4941202893043083,
        0.026357791939524644,
        0.008739977115122545
      ],
      [
        0.33840916631427403,
        0.047191520523992656,
        0.5895038435626603,
        0.018410289676982328,
        0.006485179922090792
      ],
      [
        0.14410584388280348,
        0.33912768129593635,
        0.43325248772337677,
        0.07656982802475036,
        0.006944159073133204
      ],
      [
        0.4269801799442094,
        0.40113271851462434,
        0.14461758036525715,
        0.020079427252913,
        0.0071900939229960605
      ],
      [
        0.33221264709065607,
        0.5430459695081098,
        0.09859307158015207,
        0.019035154633075518,
        0.0071131571880066686
      ],
      [
        0.04348150001699643,
        0.1051496379885315,
        0.7674571247118099,
        0.0806697681282105,
        0.0032419691544517083
      ],
      [
        0.3288595076904015,
        0.2900429376589528,
        0.34452662092360464,
        0.027790316839805436,
        0.008780616887235663
      ],
      [
        0.400209041636727,
        0.1180091869890912,
        0.4509849165449333,
        0.022230328722511357,
        0.008566526106737193
      ],
      [
        0.093229050591271,
        0.209015118417425,
        0.6098724085207499,
        0.0821578864242553,
        0.005725536046298839
      ],
      [
        0.46324882668187617,
        0.31647134113258096,
        0.1838766399469263,
        0.02735174340453825,
        0.009051448834078449
      ],
      [
        0.2765315327516357,
        0.277764932330697,
        0.3852866587416858,
        0.05215009512486944,
        0.00826678105111206
      ],
      [
        0.2802356501454147,
        0.49976219381655373,
        0.18809989425756052,
        0.02444014549967823,
        0.007462116280792886
      ],
      [
        0.5111680209097199,
        0.11606548587569106,
        0.337145450354522,
        0.028128921120237346,
        0.007492121739829827
      ],
      [
        0.2501903391649094,
        0.17679570607783757,
        0.5407029066295626,
        0.023980738771781814,
        0.008330309355908595
      ],
      [
        0.31433500222666366,
        0.05586598530928298,
        0.5887966583799643,
        0.03548734136724635,
        0.005515012716842669
      ],
      [
        0.2823920845568747,
        0.08026610900772221,
        0.611530110126788,
        0.018835556539462114,
        0.0069761397691528605
      ],
      [
        0.18248657396584222,
        0.45524372231735666,
        0.32347859792628814,
        0.030688170575390382,
        0.008102935215122523
      ],
      [
        0.07657576099137794,
        0.5357427480886536,
        0.34380589038907844,
        0.03758133943095739,
        0.0062942610999326375
      ],
      [
        0.241999770609869,
        0.5173695372629983,
        0.19056561878460643,
        0.04282509570202865,
        0.007239977640497737
      ],
      [
        0.16580043883016593,
        0.5365700211853416,
        0.1825755257219451,
        0.109156154240143,
        0.005897860022404441
      ],
      [
        0.22583956709150915,
        0.5416598260298553,
        0.2089418243945039,
        0.014535487005757658,
        0.009023295478373885
      ],
      [
        0.48559996325393034,
        0.2417554293448729,
        0.24005676458132502,
        0.02297353910923813,
        0.009614303710633567
      ],
      [
        0.4219186062619235,
        0.36738327878185895,
        0.18032847812309802,
        0.022194802285021194,
        0.008174834548098496
      ],
      [
        0.23218712442037506,
        0.4721523386279387,
        0.26111231276613855,
        0.025331556001183572,
        0.009216668184364016
      ],
      [
        0.1802233410836733,
        0.0707929756040771,
        0.7063676427465971,
        0.03644279300625419,
        0.006173247559398396
      ],
      [
        0.31891270048822923,
        0.1887973699569735,
        0.45792328747604916,
        0.02489643912680717,
        0.009470202951940976
      ],
      [
        0.4053156925770722,
        0.42289663376694486,
        0.08012438622744521,
        0.08550945494485762,
        0.006153832483679872
      ],
      [
        0.35140695454843857,
        0.09776406163743502,
        0.5216980983971821,
        0.02040338784933052,
        0.008727497567613679
      ],
      [
        0.2699868041137063,
        0.49357113734743224,
        0.1454826596180846,
        0.08431382294024262,
        0.006645575980534303
      ],
      [
        0.41476460059039716,
        0.3985725720456001,
        0.09538983864361121,
        0.08552086158979279,
        0.005752127130598721
      ],
      [
        0.20319550102861159,
        0.7341927669465376,
        0.035358807449315716,
        0.023193964090572686,
        0.00405896048496243
      ],
      [
        0.26558335260442817,
        0.44989868212195816,
        0.24460138345932878,
        0.03187132086596583,
        0.008045260948319102
      ],
      [
        0.23241696573697254,
        0.6323633309846464,
        0.09927872294843511,
        0.02969807189995165,
        0.00624290842999431
      ],
      [
        0.35793311173742587,
        0.2236232742551874,
        0.32546130292211595,
        0.08495182857855874,
        0.008030482506711909
      ],
      [
        0.27461555244060754,
        0.4915403417611483,
        0.11891651939783081,
        0.1093413157939163,
        0.005586270606496871
      ],
      [
        0.27912569149035715,
        0.6668210955169184,
        0.029496487552347038,
        0.020142370753232795,
        0.004414354687144745
      ],
      [
        0.23801270273245995,
        0.5142808201308597,
        0.16888288136135088,
        0.071707142798831,
        0.0071164529764984686
      ],
      [
        0.3866693404940606,
        0.19952019872947943,
        0.3680735731835931,
        0.03774547834773591,
        0.007991409245131087
      ],
      [
        0.43453122038803893,
        0.12631977976962674,
        0.3812713947525533,
        0.049696359882259435,
        0.008181245207521535
      ],
      [
        0.43986780819657556,
        0.2948834319139696,
        0.23426284888741894,
        0.02115991491900272,
        0.00982599608303317
      ],
      [
        0.20642002164991874,
        0.5716719616686099,
        0.19163686852547143,
        0.022666391458924497,
        0.007604756697075516
      ],
      [
        0.23477018236493433,
        0.42591304383306705,
        0.2336126992272451,
        0.09916785397864207,
        0.006536220596111413
      ],
      [
        0.2316782746427246,
        0.49569870137443106,
        0.23801387529739768,
        0.02689216230301765,
        0.007716986382429037
      ],
      [
        0.3202683854495933,
        0.3899498378480705,
        0.2559857169009424,
        0.02487718296556446,
        0.008918876835829401
      ],
      [
        0.3076879242505768,
        0.11020508782474679,
        0.5383359352690241,
        0.036519254694293686,
        0.0072517979613586254
      ],
      [
        0.3193471900068417,
        0.09724085396283597,
        0.5567475477785232,
        0.018066162266401915,
        0.008598245985397277
      ],
      [
        0.24828720386042508,
        0.548010833263118,
        0.16360740910524338,
        0.03296177766095656,
        0.007132776110257213
      ],
      [
        0.3937483882782184,
        0.2332521545096647,
        0.33653458897777544,
        0.027099008264756433,
        0.00936585996958497
      ],
      [
        0.3673570052011935,
        0.08529686813496222,
        0.5095367377827796,
        0.03042481141790212,
        0.007384577463162372
      ],
      [
        0.2983159200431769,
        0.28506298118086715,
        0.3731272402929723,
        0.033656333413026804,
        0.009837525069956728
      ],
      [
        0.16748352743333342,
        0.23715875430283176,
        0.5577011181273998,
        0.0290822571878031,
        0.008574342948632085
      ],
      [
        0.49768176394972585,
        0.09921414280735251,
        0.3733771585934461,
        0.022085569924306298,
        0.007641364725169231
      ],
      [
        0.3223689581063626,
        0.25236422350675475,
        0.37299933014964354,
        0.044396958370486427,
        0.007870529866752709
      ],
      [
        0.18459500167817205,
        0.52249706493773,
        0.23848794620591585,
        0.046474190397953793,
        0.007945796780228397
      ],
      [
        0.17870316493499752,
        0.7067876025801972,
        0.09409647374865955,
        0.013211951687829992,
        0.007200807048315714
      ],
      [
        0.20117619086696634,
        0.0871816684930184,
        0.675006795370271,
        0.029828332367176073,
        0.006807012902568135
      ],
      [
        0.5595486889493299,
        0.07955393475547826,
        0.332500628388912,
        0.021248056719637008,
        0.007148691186642852
      ],
      [
        0.3787767086005283,
        0.36128771839958856,
        0.22053743239748785,
        0.031812584294844924,
        0.0075855563075502876
      ],
      [
        0.2651867583788483,
        0.08570486730728344,
        0.6155689230832982,
        0.025755164581258816,
        0.007784286649311114
      ],
      [
        0.2607305173586358,
        0.12597365639535163,
        0.5825047079201178,
        0.023096641355331432,
        0.007694476970563449
      ],
      [
        0.27352581957723815,
        0.6228029361793427,
        0.08558478254506256,
        0.011380536124078706,
        0.006705925574277855
      ],
      [
        0.34281666256673254,
        0.19586286940560524,
        0.4018047552304964,
        0.0520623965233075,
        0.007453316273858222
      ],
      [
        0.22753095552272598,
        0.5910240947841802,
        0.15693113811479997,
        0.017394499369819055,
        0.0071193122084749405
      ],
      [
        0.19735409885185975,
        0.5541422842224424,
        0.21815871512929794,
        0.022221438897020253,
        0.00812346289937959
      ],
      [
        0.1179792271347148,
        0.34309400125955003,
        0.47920419267124253,
        0.05323833741886068,
        0.006484241515632001
      ],
      [
        0.24616850762076833,
        0.37095576614240694,
        0.3492066947123092,
        0.023554107201978095,
        0.010114924322537288
      ],
      [
        0.48758970549268665,
        0.1263362913878729,
        0.3520837751623502,
        0.025548590553929686,
        0.008441637403160684
      ],
      [
        0.252056469870637,
        0.3003887778355138,
        0.39692676577700253,
        0.041887151984978936,
        0.008740834531867732
      ],
      [
        0.4114840398043583,
        0.10987841904785278,
        0.44011529865520516,
        0.030714333308845862,
        0.007807909183737849
      ],
      [
        0.46207316322985653,
        0.2725321936721012,
        0.23460229826282966,
        0.021853252144177736,
        0.008939092691034978
      ],
      [
        0.5115612490732016,
        0.06377758400879102,
        0.38448228124909156,
        0.033651310935591774,
        0.006527574733324196
      ],
      [
        0.319670925307856,
        0.3341380140542184,
        0.31266077602581965,
        0.024345007999841115,
        0.009185276612264957
      ]
    ],
    "predictions": [
      0,
      2,
      1,
      1,
      1,
      1,
      2,
      2,
      2,
      2,
      0,
      2,
      0,
      2,
      2,
      2,
      1,
      2,
      2,
      2,
      1,
      1,
      1,
      2,
      0,
      1,
      1,
      2,
      1,
      0,
      2,
      1,
      1,
      2,
      2,
      2,
      0,
      1,
      2,
      2,
      2,
      2,
      0,
      2,
      1,
      0,
      2,
      2,
      2,
      1,
      1,
      1,
      1,
      1,
      0,
      0,
      1,
      2,
      2,
      1,
      2,
      1,
      0,
      1,
      1,
      1,
      0,
      1,
      1,
      1,
      0,
      0,
      0,
      1,
      1,
      1,
      1,
      2,
      2,
      1,
      0,
      2,
      2,
      2,
      0,
      2,
      1,
      1,
      2,
      0,
      0,
      2,
      2,
      1,
      2,
      1,
      1,
      2,
      1,
      0,
      2,
      2,
      0,
      0,
      1
    ],
    "true_labels": [
      1,
      4,
      1,
      4,
      4,
      1,
      2,
      2,
      4,
      2,
      0,
      2,
      2,
      2,
      1,
      1,
      2,
      2,
      0,
      0,
      1,
      0,
      1,
      0,
      0,
      1,
      1,
      2,
      1,
      3,
      2,
      0,
      1,
      2,
      2,
      4,
      1,
      0,
      3,
      1,
      0,
      3,
      2,
      1,
      1,
      0,
      0,
      0,
      2,
      0,
      2,
      3,
      1,
      4,
      0,
      0,
      1,
      2,
      4,
      1,
      1,
      1,
      0,
      0,
      1,
      1,
      2,
      0,
      0,
      0,
      3,
      4,
      1,
      4,
      0,
      1,
      1,
      0,
      1,
      0,
      0,
      1,
      2,
      1,
      0,
      2,
      2,
      1,
      2,
      0,
      1,
      0,
      2,
      0,
      3,
      1,
      1,
      0,
      1,
      0,
      4,
      1,
      0,
      2,
      1
    ],
    "patient_ids": [
      "A1K2P5",
      "A2H5K9",
      "A2L1N6",
      "A3H5R1",
      "A3P9V7",
      "A4A8V9",
      "A4K8R4",
      "A5D0G0",
      "A5H1Q2",
      "A5P5W0",
      "A5Q1W8",
      "A6A8H0",
      "A6B7Y4",
      "A6J0Y2",
      "A7E4J0",
      "A7F4G2",
      "B0L3Y2",
      "B1G9J3",
      "B2L0L2",
      "B3E2W8",
      "B3F0V9",
      "B3S2Z4",
      "B4E1K1",
      "B4S1Y2",
      "B5F8L9",
      "B5L5Y4",
      "B5T6V0",
      "B6I0T4",
      "B7F5P0",
      "B9H8N8",
      "C0L7V1",
      "C0N8P4",
      "C6U4W8",
      "C7L8Z8",
      "D1L6T4",
      "D3K5Q2",
      "D3Q0W9",
      "D6E9U8",
      "D9F5P1",
      "D9I8O7",
      "E0J2Z9",
      "E0J7L9",
      "E1L7M3",
      "E3L8U8",
      "E4I9O7",
      "E5J6L2",
      "E5S7W7",
      "E6H0V9",
      "E6J4N8",
      "E7L0N6",
      "E9V9Z2",
      "F0I6U8",
      "F0K4T6",
      "F5I1Z8",
      "G1J5K3",
      "G1K1V3",
      "G3M5S4",
      "G4I7V2",
      "G7N8R7",
      "G7S6V0",
      "G8K0M3",
      "G9N5V9",
      "H1N8S6",
      "H2M9S1",
      "H7K5U5",
      "H8K2K7",
      "I0I2J8",
      "I2J6Z6",
      "I4R8V6",
      "I5L3S2",
      "I6P4R0",
      "I6T4W8",
      "I8N8Y1",
      "I8Z0Z6",
      "J4J8Q3",
      "J9L4S2",
      "K6N4N7",
      "K7L2Y6",
      "K7N0R7",
      "L2V5Z0",
      "L5U7Y4",
      "L6T2T5",
      "L7Y7Z2",
      "L8N7Z0",
      "M2P5T8",
      "M4T4V6",
      "M6M9N1",
      "M6V2Y0",
      "N7P3T8",
      "N7W6Z8",
      "N9P5Z0",
      "N9Q4T8",
      "O4T6Y7",
      "O9V8W5",
      "P3P9S5",
      "P3R6Y5",
      "P8W4Z0",
      "Q1Q3T1",
      "Q3Q6R8",
      "Q4W5Z8",
      "Q5V8W3",
      "R3V5W7",
      "R6V5W3",
      "T2Z1Z9",
      "Y6Y9Z2"
    ]
  },
  "roc_auc": {
    "macro_auc": 0.7223162288427061,
    "per_class_auc": {
      "NOR": 0.6429816913687881,
      "DCM": 0.6951020408163265,
      "HCM": 0.7942735949098622,
      "ARV": 0.8434343434343434,
      "HHD": 0.6357894736842106
    }
  },
  "binary": {
    "accuracy": 0.7047619047619048,
    "f1": 0.8228571428571428,
    "sensitivity": 0.972972972972973,
    "specificity": 0.06451612903225806,
    "roc_auc": 0.6429816913687882,
    "binary_labels": [
      1,
      1,
      1,
      1,
      1,
      1,
      1,
      1,
      1,
      1,
      0,
      1,
      1,
      1,
      1,
      1,
      1,
      1,
      0,
      0,
      1,
      0,
      1,
      0,
      0,
      1,
      1,
      1,
      1,
      1,
      1,
      0,
      1,
      1,
      1,
      1,
      1,
      0,
      1,
      1,
      0,
      1,
      1,
      1,
      1,
      0,
      0,
      0,
      1,
      0,
      1,
      1,
      1,
      1,
      0,
      0,
      1,
      1,
      1,
      1,
      1,
      1,
      0,
      0,
      1,
      1,
      1,
      0,
      0,
      0,
      1,
      1,
      1,
      1,
      0,
      1,
      1,
      0,
      1,
      0,
      0,
      1,
      1,
      1,
      0,
      1,
      1,
      1,
      1,
      0,
      1,
      0,
      1,
      0,
      1,
      1,
      1,
      0,
      1,
      0,
      1,
      1,
      0,
      1,
      1
    ],
    "binary_probs": [
      0.6051328265940972,
      0.7528744944761593,
      0.8795905423491314,
      0.709103901170826,
      0.8870527052973538,
      0.7027139432010858,
      0.75501803652405,
      0.7906143116572162,
      0.6839937623358323,
      0.8405180712172409,
      0.6381320439123782,
      0.6553284447336747,
      0.44967738577991756,
      0.9045860850704575,
      0.8102733299182966,
      0.6287300673882372,
      0.7877874112385368,
      0.6528213158368971,
      0.7163568889754928,
      0.5975302743976924,
      0.7974112382611432,
      0.6286751206527128,
      0.7945635659327902,
      0.72992579927057,
      0.6038186510001957,
      0.6766162626571212,
      0.7355742532915907,
      0.6066578549943735,
      0.7033251361378932,
      0.6008777010727793,
      0.6981984172828652,
      0.8599460731920952,
      0.842811731355105,
      0.7444785105487883,
      0.6615908336857259,
      0.8558941561171965,
      0.5730198200557906,
      0.6677873529093439,
      0.9565184999830035,
      0.6711404923095985,
      0.599790958363273,
      0.906770949408729,
      0.5367511733181238,
      0.7234684672483642,
      0.7197643498545854,
      0.4888319790902801,
      0.7498096608350906,
      0.6856649977733363,
      0.7176079154431253,
      0.8175134260341578,
      0.923424239008622,
      0.758000229390131,
      0.8341995611698341,
      0.7741604329084908,
      0.5144000367460697,
      0.5780813937380764,
      0.767812875579625,
      0.8197766589163267,
      0.6810872995117707,
      0.5946843074229278,
      0.6485930454515614,
      0.7300131958862937,
      0.5852353994096029,
      0.7968044989713884,
      0.7344166473955718,
      0.7675830342630274,
      0.6420668882625742,
      0.7253844475593925,
      0.7208743085096428,
      0.7619872972675401,
      0.6133306595059393,
      0.5654687796119611,
      0.5601321918034244,
      0.7935799783500812,
      0.7652298176350657,
      0.7683217253572754,
      0.6797316145504066,
      0.6923120757494232,
      0.6806528099931584,
      0.7517127961395749,
      0.6062516117217815,
      0.6326429947988065,
      0.7016840799568231,
      0.8325164725666666,
      0.5023182360502741,
      0.6776310418936373,
      0.8154049983218279,
      0.8212968350650025,
      0.7988238091330336,
      0.44045131105067015,
      0.6212232913994717,
      0.7348132416211517,
      0.7392694826413642,
      0.7264741804227619,
      0.6571833374332674,
      0.772469044477274,
      0.8026459011481403,
      0.8820207728652852,
      0.7538314923792316,
      0.5124102945073133,
      0.747943530129363,
      0.5885159601956417,
      0.5379268367701435,
      0.48843875092679845,
      0.680329074692144
    ]
  }
}