{
  "config": {
    "dataset": "mnm",
    "backbone": "sam",
    "model_name": "sam_vit_large",
    "eval_mode": "logreg",
    "pooling": "gap",
    "embed_dim": 1024,
    "best_hyperparam": 0.0003162277571391314,
    "hyperparam_name": "C",
    "num_classes": 5,
    "class_names": [
      "NOR",
      "DCM",
      "HCM",
      "ARV",
      "HHD"
    ]
  },
  "sweep_results": [
    {
      "param_value": 9.999999974752427e-07,
      "mean_cv_acc": 0.25806451612903225,
      "std_cv_acc": 0.0
    },
    {
      "param_value": 1.7782793975129607e-06,
      "mean_cv_acc": 0.25806451612903225,
      "std_cv_acc": 0.0
    },
    {
      "param_value": 3.1622776077711023e-06,
      "mean_cv_acc": 0.2903225806451613,
      "std_cv_acc": 0.0
    },
    {
      "param_value": 5.6234130170196295e-06,
      "mean_cv_acc": 0.3870967741935484,
      "std_cv_acc": 0.0
    },
    {
      "param_value": 9.999999747378752e-06,
      "mean_cv_acc": 0.4838709677419355,
      "std_cv_acc": 0.0
    },
    {
      "param_value": 1.778279329300858e-05,
      "mean_cv_acc": 0.4838709677419355,
      "std_cv_acc": 0.0
    },
    {
      "param_value": 3.162277789670043e-05,
      "mean_cv_acc": 0.45161290322580644,
      "std_cv_acc": 0.0
    },
    {
      "param_value": 5.62341338081751e-05,
      "mean_cv_acc": 0.45161290322580644,
      "std_cv_acc": 0.0
    },
    {
      "param_value": 9.999999747378752e-05,
      "mean_cv_acc": 0.4838709677419355,
      "std_cv_acc": 0.0
    },
    {
      "param_value": 0.00017782794020604342,
      "mean_cv_acc": 0.4838709677419355,
      "std_cv_acc": 0.0
    },
    {
      "param_value": 0.0003162277571391314,
      "mean_cv_acc": 0.5161290322580645,
      "std_cv_acc": 0.0
    },
    {
      "param_value": 0.000562341301701963,
      "mean_cv_acc": 0.4838709677419355,
      "std_cv_acc": 0.0
    },
    {
      "param_value": 0.0010000000474974513,
      "mean_cv_acc": 0.4838709677419355,
      "std_cv_acc": 0.0
    },
    {
      "param_value": 0.0017782794311642647,
      "mean_cv_acc": 0.41935483870967744,
      "std_cv_acc": 0.0
    },
    {
      "param_value": 0.003162277629598975,
      "mean_cv_acc": 0.45161290322580644,
      "std_cv_acc": 0.0
    },
    {
      "param_value": 0.005623413249850273,
      "mean_cv_acc": 0.4838709677419355,
      "std_cv_acc": 0.0
    },
    {
      "param_value": 0.009999999776482582,
      "mean_cv_acc": 0.4838709677419355,
      "std_cv_acc": 0.0
    },
    {
      "param_value": 0.017782794311642647,
      "mean_cv_acc": 0.4838709677419355,
      "std_cv_acc": 0.0
    },
    {
      "param_value": 0.03162277489900589,
      "mean_cv_acc": 0.4838709677419355,
      "std_cv_acc": 0.0
    },
    {
      "param_value": 0.05623413249850273,
      "mean_cv_acc": 0.4838709677419355,
      "std_cv_acc": 0.0
    },
    {
      "param_value": 0.10000000149011612,
      "mean_cv_acc": 0.4838709677419355,
      "std_cv_acc": 0.0
    },
    {
      "param_value": 0.17782793939113617,
      "mean_cv_acc": 0.4838709677419355,
      "std_cv_acc": 0.0
    },
    {
      "param_value": 0.3162277638912201,
      "mean_cv_acc": 0.4838709677419355,
      "std_cv_acc": 0.0
    },
    {
      "param_value": 0.5623413324356079,
      "mean_cv_acc": 0.5161290322580645,
      "std_cv_acc": 0.0
    },
    {
      "param_value": 1.0,
      "mean_cv_acc": 0.5161290322580645,
      "std_cv_acc": 0.0
    },
    {
      "param_value": 1.778279423713684,
      "mean_cv_acc": 0.5161290322580645,
      "std_cv_acc": 0.0
    },
    {
      "param_value": 3.1622776985168457,
      "mean_cv_acc": 0.5161290322580645,
      "std_cv_acc": 0.0
    },
    {
      "param_value": 5.6234130859375,
      "mean_cv_acc": 0.5161290322580645,
      "std_cv_acc": 0.0
    },
    {
      "param_value": 10.0,
      "mean_cv_acc": 0.5161290322580645,
      "std_cv_acc": 0.0
    },
    {
      "param_value": 17.782794952392578,
      "mean_cv_acc": 0.5161290322580645,
      "std_cv_acc": 0.0
    },
    {
      "param_value": 31.62277603149414,
      "mean_cv_acc": 0.5161290322580645,
      "std_cv_acc": 0.0
    },
    {
      "param_value": 56.234130859375,
      "mean_cv_acc": 0.5161290322580645,
      "std_cv_acc": 0.0
    },
    {
      "param_value": 100.0,
      "mean_cv_acc": 0.5161290322580645,
      "std_cv_acc": 0.0
    },
    {
      "param_value": 177.82794189453125,
      "mean_cv_acc": 0.5161290322580645,
      "std_cv_acc": 0.0
    },
    {
      "param_value": 316.2277526855469,
      "mean_cv_acc": 0.5161290322580645,
      "std_cv_acc": 0.0
    },
    {
      "param_value": 562.34130859375,
      "mean_cv_acc": 0.5161290322580645,
      "std_cv_acc": 0.0
    },
    {
      "param_value": 1000.0,
      "mean_cv_acc": 0.4838709677419355,
      "std_cv_acc": 0.0
    },
    {
      "param_value": 1778.2794189453125,
      "mean_cv_acc": 0.4838709677419355,
      "std_cv_acc": 0.0
    },
    {
      "param_value": 3162.277587890625,
      "mean_cv_acc": 0.4838709677419355,
      "std_cv_acc": 0.0
    },
    {
      "param_value": 5623.4130859375,
      "mean_cv_acc": 0.4838709677419355,
      "std_cv_acc": 0.0
    },
    {
      "param_value": 10000.0,
      "mean_cv_acc": 0.4838709677419355,
      "std_cv_acc": 0.0
    },
    {
      "param_value": 17782.794921875,
      "mean_cv_acc": 0.4838709677419355,
      "std_cv_acc": 0.0
    },
    {
      "param_value": 31622.77734375,
      "mean_cv_acc": 0.4838709677419355,
      "std_cv_acc": 0.0
    },
    {
      "param_value": 56234.1328125,
      "mean_cv_acc": 0.4838709677419355,
      "std_cv_acc": 0.0
    },
    {
      "param_value": 100000.0,
      "mean_cv_acc": 0.4838709677419355,
      "std_cv_acc": 0.0
    }
  ],
  "five_way": {
    "accuracy": 0.4380952380952381,
    "macro_f1": 0.2775146422205246,
    "macro_sensitivity": 0.3201763173712683,
    "macro_specificity": 0.843998493266786,
    "per_class_sensitivity": {
      "NOR": 0.2903225806451613,
      "DCM": 0.5714285714285714,
      "HCM": 0.7391304347826086,
      "ARV": 0.0,
      "HHD": 0.0
    },
    "per_class_specificity": {
      "NOR": 0.8513513513513513,
      "DCM": 0.6857142857142857,
      "HCM": 0.6829268292682927,
      "ARV": 1.0,
      "HHD": 1.0
    },
    "confusion_matrix": [
      [
        9,
        13,
        9,
        0,
        0
      ],
      [
        7,
        20,
        8,
        0,
        0
      ],
      [
        3,
        3,
        17,
        0,
        0
      ],
      [
        0,
        2,
        4,
        0,
        0
      ],
      [
        1,
        4,
        5,
        0,
        0
      ]
    ],
    "classification_report": {
      "NOR": {
        "precision": 0.45,
        "recall": 0.2903225806451613,
        "f1-score": 0.35294117647058826,
        "support": 31.0
      },
      "DCM": {
        "precision": 0.47619047619047616,
        "recall": 0.5714285714285714,
        "f1-score": 0.5194805194805194,
        "support": 35.0
      },
      "HCM": {
        "precision": 0.3953488372093023,
        "recall": 0.7391304347826086,
        "f1-score": 0.5151515151515151,
        "support": 23.0
      },
      "ARV": {
        "precision": 0.0,
        "recall": 0.0,
        "f1-score": 0.0,
        "support": 6.0
      },
      "HHD": {
        "precision": 0.0,
        "recall": 0.0,
        "f1-score": 0.0,
        "support": 10.0
      },
      "accuracy": 0.4380952380952381,
      "macro avg": {
        "precision": 0.2643078626799557,
        "recall": 0.3201763173712683,
        "f1-score": 0.2775146422205246,
        "support": 105.0
      },
      "weighted avg": {
        "precision": 0.378187523071244,
        "recall": 0.4380952380952381,
        "f1-score": 0.3902045666751549,
        "support": 105.0
      }
    },
    "probabilities": [
      [
        0.3442062035827714,
        0.39593831152873094,
        0.2156855325500747,
        0.0359635018693452,
        0.008206450469077873
      ],
      [
        0.26364266604638426,
        0.2744613712911341,
        0.43065930202209063,
        0.022232697837597494,
        0.009003962802793551
      ],
      [
        0.11569776171986372,
        0.6807413575757936,
        0.10588236491062075,
        0.09315874796138278,
        0.004519767832339187
      ],
      [
        0.32002966722685544,
        0.3997337260676945,
        0.24188506757159278,
        0.030711847806308003,
        0.007639691327549169
      ],
      [
        0.20200683559694768,
        0.40411061575219126,
        0.33276725363428855,
        0.054087350177424595,
        0.007027944839147809
      ],
      [
        0.358507224493199,
        0.34323488226317006,
        0.261640185205915,
        0.028663242595915753,
        0.00795446544180032
      ],
      [
        0.20749635760320612,
        0.10553921237335175,
        0.639458664015845,
        0.04090423311016571,
        0.00660153289743144
      ],
      [
        0.20006154074533547,
        0.13204097653312255,
        0.6414004996297802,
        0.018550773262034734,
        0.007946209829726991
      ],
      [
        0.3538454389457064,
        0.252698364367885,
        0.3525463807131612,
        0.03308607143246043,
        0.007823744540787027
      ],
      [
        0.2402411315177811,
        0.06716864452255766,
        0.6569518674565973,
        0.029527442765231584,
        0.0061109137378323915
      ],
      [
        0.2983995197218141,
        0.4012515165212011,
        0.26127322040388584,
        0.03020747990084355,
        0.008868263452255238
      ],
      [
        0.3614875406501497,
        0.1251327780901434,
        0.47515796642188707,
        0.030010875068816275,
        0.008210839769003348
      ],
      [
        0.5739564609143679,
        0.08639727990731168,
        0.2937025865286665,
        0.03921771915664467,
        0.00672595349300925
      ],
      [
        0.0804240323167611,
        0.07407287838685903,
        0.8218145300833697,
        0.018402946808109565,
        0.005285612404900732
      ],
      [
        0.15869852839724485,
        0.27360180952633595,
        0.49769327454221923,
        0.06277912802172084,
        0.007227259512479223
      ],
      [
        0.3211942776876053,
        0.23355286153431062,
        0.4015892933035538,
        0.03508747510858903,
        0.008576092365941328
      ],
      [
        0.25078249535398206,
        0.4650913434623691,
        0.2333168936479211,
        0.04317856745033756,
        0.007630700085390145
      ],
      [
        0.3092315196185564,
        0.20906021732997024,
        0.45163508687746073,
        0.021037389203526585,
        0.009035786970486119
      ],
      [
        0.21631551579235447,
        0.2164228343312583,
        0.5308060566210637,
        0.028346229402941174,
        0.008109363852382319
      ],
      [
        0.27741347243299824,
        0.18360925529168817,
        0.49282169456778835,
        0.03818513726390656,
        0.00797044044361869
      ],
      [
        0.16986285337561075,
        0.5438758751152561,
        0.21031673192617653,
        0.06978378597324958,
        0.006160753609707053
      ],
      [
        0.32965234051085174,
        0.36859824047211714,
        0.2660566271413816,
        0.027540516122072676,
        0.008152275753576809
      ],
      [
        0.257835430713191,
        0.5856637606725108,
        0.12881959366424073,
        0.021213078602920158,
        0.006468136347137299
      ],
      [
        0.2682752431748132,
        0.2415125951684424,
        0.45972291589196573,
        0.021509885381767575,
        0.008979360383011278
      ],
      [
        0.4145069897114391,
        0.3243997884089329,
        0.17635620340252844,
        0.0783986283464937,
        0.006338390130605907
      ],
      [
        0.351332690103875,
        0.35109910592743987,
        0.2540523435880064,
        0.03535179259762686,
        0.008164067783051792
      ],
      [
        0.2994780866513447,
        0.3771814618813687,
        0.2750125860255069,
        0.0405297434393666,
        0.007798122002413327
      ],
      [
        0.39743686616952695,
        0.14598076874126495,
        0.40683660452687614,
        0.04227249631713381,
        0.007473264245198198
      ],
      [
        0.2656669314470343,
        0.37027106334220444,
        0.2991325843755317,
        0.056618066979256906,
        0.008311353855972496
      ],
      [
        0.3774128816277992,
        0.4060798016975035,
        0.13442700426993437,
        0.07605382611700609,
        0.006026486287756682
      ],
      [
        0.2924393052604489,
        0.14379847630664405,
        0.5244875448391872,
        0.03200059433779579,
        0.007274079255924046
      ],
      [
        0.1562197382875176,
        0.5189309817783729,
        0.29234956181541305,
        0.02535550448679414,
        0.0071442136319021295
      ],
      [
        0.16590124549515178,
        0.7114886477746379,
        0.06169333803234643,
        0.056894283142231314,
        0.004022485555632599
      ],
      [
        0.26820223332963317,
        0.23290337979562645,
        0.4643833912156909,
        0.026113798565898405,
        0.008397197093151043
      ],
      [
        0.32997750892000566,
        0.06858127736639508,
        0.5709379638758755,
        0.02378599242364924,
        0.006717257414074611
      ],
      [
        0.13902798458990884,
        0.31455959205286854,
        0.47882448683922446,
        0.06032776588786376,
        0.007260170630134405
      ],
      [
        0.4104806477370417,
        0.3572725299850387,
        0.20005964519954206,
        0.024890241237986676,
        0.007296935840390894
      ],
      [
        0.3534310051308275,
        0.4284826770793039,
        0.18650213506400695,
        0.02434973650722979,
        0.007234446218631902
      ],
      [
        0.05498220536795481,
        0.14560090795115974,
        0.7290990616974135,
        0.065959046632843,
        0.004358778350629106
      ],
      [
        0.2587343889942298,
        0.27837239771395667,
        0.4247345065538398,
        0.030381347152750236,
        0.007777359585223379
      ],
      [
        0.35992257127966365,
        0.14317682821094055,
        0.4604730232023843,
        0.028289357886705613,
        0.008138219420305813
      ],
      [
        0.11040795062989854,
        0.1675837710427268,
        0.6512850584651462,
        0.06504463015800344,
        0.0056785897042250415
      ],
      [
        0.4024992892646541,
        0.29132329241070243,
        0.2661691594441625,
        0.03181995014363923,
        0.00818830873684179
      ],
      [
        0.2802494561513462,
        0.2673988831978758,
        0.3973224786887892,
        0.0473253623181008,
        0.007703819643887998
      ],
      [
        0.354258110081641,
        0.3851500283081919,
        0.22033273937995027,
        0.03305460657186591,
        0.007204515658350941
      ],
      [
        0.4903442115703388,
        0.13096029431721573,
        0.33450726668565034,
        0.037104202049371836,
        0.007084025377423464
      ],
      [
        0.22307308942706702,
        0.20572902562353335,
        0.5397411761232661,
        0.023461420844448754,
        0.007995287981684716
      ],
      [
        0.38332301028498394,
        0.08295649808992589,
        0.47874546138221596,
        0.04877970624850188,
        0.00619532399437242
      ],
      [
        0.2513340265714414,
        0.10163673173929802,
        0.6173027684693123,
        0.022890938272610104,
        0.006835534947338347
      ],
      [
        0.19871977909564326,
        0.40480525372527415,
        0.35368483229994835,
        0.034396707686054996,
        0.00839342719307913
      ],
      [
        0.11635473173719832,
        0.6172870403166227,
        0.22728092653406448,
        0.033015741935376125,
        0.006061559476738322
      ],
      [
        0.2738250389090675,
        0.42427229891232016,
        0.24579413056461377,
        0.04857540763744861,
        0.007533123976549927
      ],
      [
        0.21609523638092132,
        0.5089439681054686,
        0.14910342565711274,
        0.12042077507142354,
        0.005436594785073849
      ],
      [
        0.20359615774356785,
        0.4188368676607719,
        0.34564983243551234,
        0.022984792552621366,
        0.008932349607526585
      ],
      [
        0.38496508885394465,
        0.2856513634032145,
        0.29333946809684003,
        0.027694394552920942,
        0.008349685093079914
      ],
      [
        0.38331877386266217,
        0.35047563042436625,
        0.2333751156943034,
        0.025540835020482357,
        0.007289644998185883
      ],
      [
        0.250852402339609,
        0.455288994022978,
        0.2579928729826066,
        0.027194769488163396,
        0.008670961166642937
      ],
      [
        0.2382208313535681,
        0.14076566726754164,
        0.56969427676392,
        0.04396505651844089,
        0.007354168096529397
      ],
      [
        0.30125258202210037,
        0.18895488825909976,
        0.47442546708027794,
        0.02653808854970942,
        0.008828974088812502
      ],
      [
        0.3562173961910812,
        0.4291585364420998,
        0.1357151445163075,
        0.07316478999099015,
        0.005744132859521285
      ],
      [
        0.367433056783801,
        0.13837500000621866,
        0.4560269522934533,
        0.029912410176346226,
        0.008252580740180792
      ],
      [
        0.22203044227698682,
        0.5506300254033625,
        0.13637168379394793,
        0.08517815592525403,
        0.0057896926004487766
      ],
      [
        0.38668894803788273,
        0.38978765280979194,
        0.12517106679300877,
        0.09273353261953972,
        0.005618799739776826
      ],
      [
        0.2532519649937682,
        0.6325610350698243,
        0.07804074091244496,
        0.031033573934223832,
        0.005112685089738696
      ],
      [
        0.2641803686659065,
        0.4504663759424916,
        0.24649395571718097,
        0.03122912946711288,
        0.007630170207308147
      ],
      [
        0.32298826869057506,
        0.4597289417088535,
        0.17463686454926297,
        0.0356640827989053,
        0.006981842252403162
      ],
      [
        0.3014941495472735,
        0.17220647304600872,
        0.4665675734726712,
        0.053129304347130764,
        0.006602499586915947
      ],
      [
        0.3406444378543399,
        0.44770405917408695,
        0.12367779000465881,
        0.08220234752024279,
        0.005771365446671341
      ],
      [
        0.18729462104971514,
        0.7327820703152211,
        0.051456901389393385,
        0.023986567003556652,
        0.00447984024211383
      ],
      [
        0.2273889455402099,
        0.4514291252143396,
        0.21916879992605787,
        0.09458702642786838,
        0.007426102891524416
      ],
      [
        0.33116163325020864,
        0.17791447823120704,
        0.44424525674775256,
        0.03936897084335274,
        0.007309660927478946
      ],
      [
        0.36851141681401267,
        0.16841210589330913,
        0.41298541657237386,
        0.04241603180224764,
        0.00767502891805679
      ],
      [
        0.35981702661275744,
        0.3078605840045194,
        0.2965898029467547,
        0.027547584518444575,
        0.00818500191752395
      ],
      [
        0.2139626727242567,
        0.5058235488454605,
        0.2454272305689088,
        0.026990864651670624,
        0.0077956832097033565
      ],
      [
        0.263622539110906,
        0.3288834709850645,
        0.32911451451757084,
        0.07143640875949551,
        0.006943066626963194
      ],
      [
        0.23777712778672758,
        0.43971359976942415,
        0.2866303102301784,
        0.02835603309003518,
        0.007522929123634675
      ],
      [
        0.2641721613203384,
        0.38489703775181394,
        0.313105360735924,
        0.029546691310613795,
        0.008278748881309974
      ],
      [
        0.2706659381018955,
        0.09300104614052514,
        0.6016459812001757,
        0.02823661791107446,
        0.006450416646329398
      ],
      [
        0.381354205266662,
        0.19025456805243032,
        0.3893942943256602,
        0.030216933412786126,
        0.008779998942461188
      ],
      [
        0.2372143773504702,
        0.4846742696887238,
        0.23630912454617878,
        0.034083837460677814,
        0.007718390953949343
      ],
      [
        0.3527479157275874,
        0.27183969583437595,
        0.33224405586101113,
        0.034325201861417395,
        0.008843130715608284
      ],
      [
        0.434182730156409,
        0.1388831362361151,
        0.3762605078267151,
        0.04295835815899094,
        0.007715267621769926
      ],
      [
        0.25963621027833833,
        0.3371659746707619,
        0.3658328398575732,
        0.02824170049011344,
        0.009123274703213264
      ],
      [
        0.15480791144150194,
        0.25459022414005944,
        0.5522919643035374,
        0.030082369901575447,
        0.008227530213325765
      ],
      [
        0.5017103580088811,
        0.14758634542140694,
        0.3104523446821661,
        0.032976918205936304,
        0.007274033681609611
      ],
      [
        0.36831741320937555,
        0.25644457289879935,
        0.33142016447066347,
        0.0362952883085709,
        0.007522561112590741
      ],
      [
        0.16582160383901956,
        0.466906604766964,
        0.32257840952371847,
        0.036843492397466426,
        0.007849889472831467
      ],
      [
        0.17600692146561653,
        0.6712268263708016,
        0.12882894961885885,
        0.016914195980445582,
        0.0070231065642774705
      ],
      [
        0.22086928190447436,
        0.1298426703626071,
        0.609476257384896,
        0.032654473756766764,
        0.007157316591255831
      ],
      [
        0.5034994408811011,
        0.2633729249839173,
        0.1987860728153569,
        0.02722430927714434,
        0.00711725204248043
      ],
      [
        0.4007518645859914,
        0.3275069594097188,
        0.23219396811295862,
        0.03234504096570574,
        0.007202166925625552
      ],
      [
        0.2595809674035637,
        0.1570336895377054,
        0.5425088522564191,
        0.033111829486656495,
        0.0077646613156554314
      ],
      [
        0.23845544306330954,
        0.12219370759345485,
        0.6084044383174739,
        0.023388516726368602,
        0.007557894299392885
      ],
      [
        0.31944509589494646,
        0.5163990016793899,
        0.1413480577462663,
        0.01598392453788561,
        0.0068239201415117145
      ],
      [
        0.3442279600451942,
        0.22886907622066127,
        0.36753050765349254,
        0.052162906826637184,
        0.007209549254014973
      ],
      [
        0.3064782962085106,
        0.44374446445536275,
        0.2166473613816405,
        0.025266831234777357,
        0.007863046719708736
      ],
      [
        0.2050713868991981,
        0.4919380392036099,
        0.26853343965167276,
        0.02641902266349944,
        0.008038111582019747
      ],
      [
        0.12105540919159795,
        0.49238643364755025,
        0.3417270545493177,
        0.03891352191092384,
        0.005917580700610366
      ],
      [
        0.2506022364243441,
        0.2868873092616759,
        0.4257506767377615,
        0.027586296035628555,
        0.009173481540589917
      ],
      [
        0.415737302174661,
        0.17572213490144373,
        0.36964034485851915,
        0.031149311836203918,
        0.00775090622917227
      ],
      [
        0.25065074388245395,
        0.20030205728898684,
        0.5008748152982181,
        0.03973712015893289,
        0.00843526337140824
      ],
      [
        0.4204738967476427,
        0.12012425166827898,
        0.4170420894958301,
        0.0350350839117875,
        0.007324678176460844
      ],
      [
        0.38727718066316813,
        0.28670595828640744,
        0.2901635932010087,
        0.02759788840911105,
        0.008255379440304656
      ],
      [
        0.38707550930972145,
        0.09025616900991035,
        0.47885432593663624,
        0.037008958355092735,
        0.006805037388639186
      ],
      [
        0.3307132799169751,
        0.40875859081947064,
        0.22574904591542286,
        0.026807682920587935,
        0.007971400427543575
      ]
    ],
    "predictions": [
      1,
      2,
      1,
      1,
      1,
      0,
      2,
      2,
      0,
      2,
      1,
      2,
      0,
      2,
      2,
      2,
      1,
      2,
      2,
      2,
      1,
      1,
      1,
      2,
      0,
      0,
      1,
      2,
      1,
      1,
      2,
      1,
      1,
      2,
      2,
      2,
      0,
      1,
      2,
      2,
      2,
      2,
      0,
      2,
      1,
      0,
      2,
      2,
      2,
      1,
      1,
      1,
      1,
      1,
      0,
      0,
      1,
      2,
      2,
      1,
      2,
      1,
      1,
      1,
      1,
      1,
      2,
      1,
      1,
      1,
      2,
      2,
      0,
      1,
      2,
      1,
      1,
      2,
      2,
      1,
      0,
      0,
      2,
      2,
      0,
      0,
      1,
      1,
      2,
      0,
      0,
      2,
      2,
      1,
      2,
      1,
      1,
      1,
      2,
      0,
      2,
      0,
      0,
      2,
      1
    ],
    "true_labels": [
      1,
      4,
      1,
      4,
      4,
      1,
      2,
      2,
      4,
      2,
      0,
      2,
      2,
      2,
      1,
      1,
      2,
      2,
      0,
      0,
      1,
      0,
      1,
      0,
      0,
      1,
      1,
      2,
      1,
      3,
      2,
      0,
      1,
      2,
      2,
      4,
      1,
      0,
      3,
      1,
      0,
      3,
      2,
      1,
      1,
      0,
      0,
      0,
      2,
      0,
      2,
      3,
      1,
      4,
      0,
      0,
      1,
      2,
      4,
      1,
      1,
      1,
      0,
      0,
      1,
      1,
      2,
      0,
      0,
      0,
      3,
      4,
      1,
      4,
      0,
      1,
      1,
      0,
      1,
      0,
      0,
      1,
      2,
      1,
      0,
      2,
      2,
      1,
      2,
      0,
      1,
      0,
      2,
      0,
      3,
      1,
      1,
      0,
      1,
      0,
      4,
      1,
      0,
      2,
      1
    ],
    "patient_ids": [
      "A1K2P5",
      "A2H5K9",
      "A2L1N6",
      "A3H5R1",
      "A3P9V7",
      "A4A8V9",
      "A4K8R4",
      "A5D0G0",
      "A5H1Q2",
      "A5P5W0",
      "A5Q1W8",
      "A6A8H0",
      "A6B7Y4",
      "A6J0Y2",
      "A7E4J0",
      "A7F4G2",
      "B0L3Y2",
      "B1G9J3",
      "B2L0L2",
      "B3E2W8",
      "B3F0V9",
      "B3S2Z4",
      "B4E1K1",
      "B4S1Y2",
      "B5F8L9",
      "B5L5Y4",
      "B5T6V0",
      "B6I0T4",
      "B7F5P0",
      "B9H8N8",
      "C0L7V1",
      "C0N8P4",
      "C6U4W8",
      "C7L8Z8",
      "D1L6T4",
      "D3K5Q2",
      "D3Q0W9",
      "D6E9U8",
      "D9F5P1",
      "D9I8O7",
      "E0J2Z9",
      "E0J7L9",
      "E1L7M3",
      "E3L8U8",
      "E4I9O7",
      "E5J6L2",
      "E5S7W7",
      "E6H0V9",
      "E6J4N8",
      "E7L0N6",
      "E9V9Z2",
      "F0I6U8",
      "F0K4T6",
      "F5I1Z8",
      "G1J5K3",
      "G1K1V3",
      "G3M5S4",
      "G4I7V2",
      "G7N8R7",
      "G7S6V0",
      "G8K0M3",
      "G9N5V9",
      "H1N8S6",
      "H2M9S1",
      "H7K5U5",
      "H8K2K7",
      "I0I2J8",
      "I2J6Z6",
      "I4R8V6",
      "I5L3S2",
      "I6P4R0",
      "I6T4W8",
      "I8N8Y1",
      "I8Z0Z6",
      "J4J8Q3",
      "J9L4S2",
      "K6N4N7",
      "K7L2Y6",
      "K7N0R7",
      "L2V5Z0",
      "L5U7Y4",
      "L6T2T5",
      "L7Y7Z2",
      "L8N7Z0",
      "M2P5T8",
      "M4T4V6",
      "M6M9N1",
      "M6V2Y0",
      "N7P3T8",
      "N7W6Z8",
      "N9P5Z0",
      "N9Q4T8",
      "O4T6Y7",
      "O9V8W5",
      "P3P9S5",
      "P3R6Y5",
      "P8W4Z0",
      "Q1Q3T1",
      "Q3Q6R8",
      "Q4W5Z8",
      "Q5V8W3",
      "R3V5W7",
      "R6V5W3",
      "T2Z1Z9",
      "Y6Y9Z2"
    ]
  },
  "roc_auc": {
    "macro_auc": 0.7270734255598801,
    "per_class_auc": {
      "NOR": 0.6006974716652136,
      "DCM": 0.7,
      "HCM": 0.782608695652174,
      "ARV": 0.8552188552188552,
      "HHD": 0.6968421052631579
    }
  },
  "binary": {
    "accuracy": 0.7142857142857143,
    "f1": 0.8295454545454546,
    "sensitivity": 0.9864864864864865,
    "specificity": 0.06451612903225806,
    "roc_auc": 0.6006974716652137,
    "binary_labels": [
      1,
      1,
      1,
      1,
      1,
      1,
      1,
      1,
      1,
      1,
      0,
      1,
      1,
      1,
      1,
      1,
      1,
      1,
      0,
      0,
      1,
      0,
      1,
      0,
      0,
      1,
      1,
      1,
      1,
      1,
      1,
      0,
      1,
      1,
      1,
      1,
      1,
      0,
      1,
      1,
      0,
      1,
      1,
      1,
      1,
      0,
      0,
      0,
      1,
      0,
      1,
      1,
      1,
      1,
      0,
      0,
      1,
      1,
      1,
      1,
      1,
      1,
      0,
      0,
      1,
      1,
      1,
      0,
      0,
      0,
      1,
      1,
      1,
      1,
      0,
      1,
      1,
      0,
      1,
      0,
      0,
      1,
      1,
      1,
      0,
      1,
      1,
      1,
      1,
      0,
      1,
      0,
      1,
      0,
      1,
      1,
      1,
      0,
      1,
      0,
      1,
      1,
      0,
      1,
      1
    ],
    "binary_probs": [
      0.6557937964172287,
      0.7363573339536158,
      0.8843022382801363,
      0.6799703327731446,
      0.7979931644030523,
      0.641492775506801,
      0.7925036423967939,
      0.7999384592546646,
      0.6461545610542936,
      0.759758868482219,
      0.7016004802781859,
      0.6385124593498503,
      0.4260435390856321,
      0.9195759676832389,
      0.8413014716027551,
      0.6788057223123947,
      0.7492175046460179,
      0.6907684803814436,
      0.7836844842076456,
      0.7225865275670018,
      0.8301371466243892,
      0.6703476594891482,
      0.7421645692868091,
      0.7317247568251868,
      0.5854930102885609,
      0.648667309896125,
      0.7005219133486553,
      0.6025631338304731,
      0.7343330685529657,
      0.6225871183722008,
      0.7075606947395511,
      0.8437802617124824,
      0.8340987545048482,
      0.7317977666703668,
      0.6700224910799943,
      0.8609720154100912,
      0.5895193522629583,
      0.6465689948691725,
      0.9450177946320452,
      0.7412656110057703,
      0.6400774287203363,
      0.8895920493701015,
      0.5975007107353458,
      0.7197505438486538,
      0.645741889918359,
      0.5096557884296612,
      0.776926910572933,
      0.616676989715016,
      0.7486659734285586,
      0.8012802209043568,
      0.8836452682628017,
      0.7261749610909325,
      0.7839047636190787,
      0.7964038422564321,
      0.6150349111460554,
      0.6166812261373378,
      0.749147597660391,
      0.7617791686464319,
      0.6987474179778996,
      0.6437826038089187,
      0.632566943216199,
      0.7779695577230132,
      0.6133110519621172,
      0.7467480350062319,
      0.7358196313340934,
      0.6770117313094249,
      0.6985058504527265,
      0.6593555621456602,
      0.8127053789502848,
      0.7726110544597901,
      0.6688383667497914,
      0.6314885831859873,
      0.6401829733872426,
      0.7860373272757433,
      0.7363774608890941,
      0.7622228722132725,
      0.7358278386796616,
      0.7293340618981046,
      0.6186457947333379,
      0.7627856226495298,
      0.6472520842724125,
      0.565817269843591,
      0.7403637897216617,
      0.845192088558498,
      0.4982896419911189,
      0.6316825867906244,
      0.8341783961609804,
      0.8239930785343834,
      0.7791307180955256,
      0.4965005591188989,
      0.5992481354140087,
      0.7404190325964364,
      0.7615445569366904,
      0.6805549041050536,
      0.6557720399548058,
      0.6935217037914894,
      0.7949286131008019,
      0.878944590808402,
      0.7493977635756559,
      0.584262697825339,
      0.7493492561175461,
      0.5795261032523573,
      0.6127228193368319,
      0.6129244906902785,
      0.6692867200830249
    ]
  }
}